   2.0151515199999999        49.500000000000000     
   2.0311212169599999        49.385578437335099     
   2.0470909139200000        49.246831431764697     
   2.0630606108800000        49.088392079004876     
   2.0790303078400001        48.914893474771702     
   2.0950000048000001        48.730968714781248     
   2.1109697017600002        48.541605295144969     
   2.1269393987200003        48.356626861475803     
   2.1429090956800003        48.189354795167688     
   2.1588787926400004        48.053188355173795     
   2.1748484896000004        47.961526800447295     
   2.1908181865600005        47.927658889617078     
   2.2067878835200005        47.951139386492926     
   2.2227575804800006        48.004651839244161     
   2.2387272774400007        48.057764685533456     
   2.2546969744000007        48.080046363023484     
   2.2706666713600008        48.041065309376933     
   2.2866363683200008        47.920185201856661     
   2.3026060652800009        47.754686110045498     
   2.3185757622400009        47.603057378388613     
   2.3345454592000010        47.523820200518749     
   2.3505151561600011        47.575495770068692     
   2.3664848531200011        47.811854906864355     
   2.3824545500800012        48.174601424117526     
   2.3984242470400012        48.491789333810814     
   2.4143939440000013        48.586405695677684     
   2.4303636409600013        48.281437569451576     
   2.4463333379200014        47.400102312843643     
   2.4623030348800015        45.959324627528865     
   2.4782727318400015        44.521729386295178     
   2.4942424288000016        43.745341063336589     
   2.5102121257600016        44.288184132847093     
   2.5261818227200017        46.808283069020682     
   2.5421515196800017        51.757039342065099     
   2.5581212166400018        57.738255715971349     
   2.5740909136000019        62.383146461402340     
   2.5900606105600019        63.314230979636150     
   2.6060303075200020        58.154028671950869     
   2.6220000044800020        44.574568699693643     
   2.6379697014400021        22.630111035351955     
   2.6539393984000021       -4.2362266710710799     
   2.6699090953600022       -32.322618757670583     
   2.6858787923200023       -57.927239562541644     
   2.7018484892800023       -77.348263423779386     
   2.7178181862400024       -87.861146700902609     
   2.7337878832000024       -90.778634548358156     
   2.7497575801600025       -88.455877980219697     
   2.7657272771200025       -83.248029265454647     
   2.7816969740800026       -77.510240673030410     
   2.7976666710400027       -73.482474594777699     
   2.8136363680000027       -71.766206909269812     
   2.8296060649600028       -71.743755977221994     
   2.8455757619200028       -72.768420221777134     
   2.8615454588800029       -74.193498066078121     
   2.8775151558400029       -75.374110024975565     
   2.8934848528000030       -75.918339878164929     
   2.9094545497600031       -75.944087458251204     
   2.9254242467200031       -75.630498014317709     
   2.9413939436800032       -75.156716795447707     
   2.9573636406400032       -74.701889050724489     
   2.9733333376000033       -74.420625408891382     
   2.9893030345600033       -74.317563138070824     
   3.0052727315200034       -74.340688191748583     
   3.0212424284800035       -74.437881245607841     
   3.0372121254400035       -74.557022975331819     
   3.0531818224000036       -74.647240383945459     
   3.0691515193600036       -74.688619617959120     
   3.0851212163200037       -74.693536492878437     
   3.1010909132800037       -74.675879404366327     
   3.1170606102400038       -74.649536748085637     
   3.1330303072000039       -74.628393250327960     
   3.1490000041600039       -74.622338728437597     
   3.1649697011200040       -74.629650916982257     
   3.1809393980800040       -74.646509474231848     
   3.1969090950400041       -74.669094058456324     
   3.2128787920000041       -74.693584327925592     
   3.2288484889600042       -74.716474443534452     
   3.2448181859200043       -74.737174773243069     
   3.2607878828800043       -74.756676571234593     
   3.2767575798400044       -74.775986720182416     
   3.2927272768000044       -74.796112102759921     
   3.3086969737600045       -74.818050561237087     
   3.3246666707200045       -74.842332881200178     
   3.3406363676800046       -74.868806210477686     
   3.3566060646400047       -74.897263359703146     
   3.3725757616000047       -74.927497139510095     
   3.3885454585600048       -74.959300360532040     
   3.4045151555200048       -74.992470371815827     
   3.4204848524800049       -75.026823886196524     
   3.4364545494400049       -75.062182779888133     
   3.4524242464000050       -75.098368929152855     
   3.4683939433600051       -75.135204210252894     
   3.4843636403200051       -75.172536397749809     
   3.5003333372800052       -75.210597499334924     
   3.5163030342400052       -75.249913636403136     
   3.5322727312000053       -75.291018400156204     
   3.5482424281600053       -75.334445381795859     
   3.5642121251200054       -75.380725617356404     
   3.5801818220800055       -75.429991597596128     
   3.5961515190400055       -75.481548337086537     
   3.6121212160000056       -75.534597869455609     
   3.6280909129600056       -75.588342228331328     
   3.6440606099200057       -75.641983447341673     
   3.6600303068800057       -75.694879434482758     
   3.6760000038400058       -75.747373313962299     
   3.6919697008000059       -75.800192037441050     
   3.7079393977600059       -75.854063424095443     
   3.7239090947200060       -75.909715293101897     
   3.7398787916800060       -75.967852574955842     
   3.7558484886400061       -76.028580841309164     
   3.7718181856000061       -76.091362756639072     
   3.7877878825600062       -76.155629373641247     
   3.8037575795200063       -76.220811745011403     
   3.8197272764800063       -76.286341068251573     
   3.8356969734400064       -76.351858756013470     
   3.8516666704000064       -76.417636775000005     
   3.8676363673600065       -76.484064824326097     
   3.8836060643200065       -76.551532603106665     
   3.8995757612800066       -76.620429810456642     
   3.9155454582400067       -76.691108294471803     
   3.9315151552000067       -76.763555826389108     
   3.9474848521600068       -76.837556948572569     
   3.9634545491200068       -76.912893991462866     
   3.9794242460800069       -76.989349285500651     
   3.9953939430400069       -77.066707283308617     
   4.0113636400000070       -77.144870440506310     
   4.0273333369600071       -77.223918946375534     
   4.0433030339200071       -77.303947690319646     
   4.0592727308800072       -77.385051561742003     
   4.0752424278400072       -77.467325450045919     
   4.0912121248000073       -77.550825458125260     
   4.1071818217600073       -77.635436768198190     
   4.1231515187200074       -77.720997495760443     
   4.1391212156800075       -77.807345754871250     
   4.1550909126400075       -77.894319659589812     
   4.1710606096000076       -77.981768646702193     
   4.1870303065600076       -78.069717483499176     
   4.2030000035200077       -78.158328994481678     
   4.2189697004800077       -78.247769738474702     
   4.2349393974400078       -78.338206274303275     
   4.2509090944000079       -78.429804688675731     
   4.2668787913600079       -78.522647804858849     
   4.2828484883200080       -78.616640326803719     
   4.2988181852800080       -78.711664000809364     
   4.3147878822400081       -78.807600573174810     
   4.3307575792000081       -78.904331790199080     
   4.3467272761600082       -79.001743195053791     
   4.3626969731200083       -79.099745149886047     
   4.3786666700800083       -79.198257987712722     
   4.3946363670400084       -79.297202068553602     
   4.4106060640000084       -79.396497752428530     
   4.4265757609600085       -79.496067547015414     
   4.4425454579200085       -79.595893317283156     
   4.4585151548800086       -79.696022411256124     
   4.4744848518400087       -79.796505553475683     
   4.4904545488000087       -79.897393468483202     
   4.5064242457600088       -79.998736862362748     
   4.5223939427200088       -80.100549373150074     
   4.5383636396800089       -80.202729884074571     
   4.5543333366400089       -80.305155139428109     
   4.5703030336000090       -80.407701883502554     
   4.5862727305600091       -80.510246860589774     
   4.6022424275200091       -80.612677505388561     
   4.6182121244800092       -80.714987960793010     
   4.6341818214400092       -80.817233696872037     
   4.6501515184000093       -80.919470915595070     
   4.6661212153600093       -81.021755818931538     
   4.6820909123200094       -81.124143635090206     
   4.6980606092800095       -81.226631166640900     
   4.7140303062400095       -81.329124656413001     
   4.7300000032000096       -81.431522557150700     
   4.7459697001600096       -81.533723321598174     
   4.7619393971200097       -81.635625402499642     
   4.7779090940800097       -81.737136811334679     
   4.7938787910400098       -81.838209066466518     
   4.8098484880000099       -81.938806057772112     
   4.8258181849600099       -82.038891675996211     
   4.8417878819200100       -82.138429811883512     
   4.8577575788800100       -82.237380963164895     
   4.8737272758400101       -82.335650752343071     
   4.8896969728000101       -82.433100355330737     
   4.9056666697600102       -82.529589669844086     
   4.9216363667200103       -82.624978593599252     
   4.9376060636800103       -82.719127522487710     
   4.9535757606400104       -82.811996900297203     
   4.9695454576000104       -82.903767717827876     
   4.9855151545600105       -82.994650397408634     
   5.0014848515200105       -83.084855361368355     
   5.0174545484800106       -83.174593032035929     
   5.0334242454400107       -83.264024082265124     
   5.0493939424000107       -83.352972801855415     
   5.0653636393600108       -83.441124143820986     
   5.0813333363200108       -83.528162614827082     
   5.0973030332800109       -83.613772721539021     
   5.1132727302400109       -83.697648102603196     
   5.1292424272000110       -83.779749131135418     
   5.1452121241600111       -83.860338827028059     
   5.1611818211200111       -83.939696560558346     
   5.1771515180800112       -84.018101702003520     
   5.1931212150400112       -84.095833599666776     
   5.2090909120000113       -84.173107626275893     
   5.2250606089600113       -84.249934720839875     
   5.2410303059200114       -84.326285074486762     
   5.2570000028800115       -84.402128878344612     
   5.2729696998400115       -84.477436323541482     
   5.2889393968000116       -84.552170185397117     
   5.3049090937600116       -84.626216392646853     
   5.3208787907200117       -84.699415406984244     
   5.3368484876800117       -84.771607097324619     
   5.3528181846400118       -84.842631332583281     
   5.3687878816000119       -84.912329045838945     
   5.3847575785600119       -84.980610256513742     
   5.4007272755200120       -85.047495192596003     
   5.4166969724800120       -85.113013937236644     
   5.4326666694400121       -85.177196573586528     
   5.4486363664000121       -85.240073184796543     
   5.4646060633600122       -85.301673854017594     
   5.4805757603200123       -85.362028664400555     
   5.4965454572800123       -85.421167699096316     
   5.5125151542400124       -85.479121041255766     
   5.5284848512000124       -85.535918774029781     
   5.5444545481600125       -85.591590297197087     
   5.5604242451200125       -85.646153458756046     
   5.5763939420800126       -85.699616482756682     
   5.5923636390400127       -85.751987299477136     
   5.6083333360000127       -85.803273839195512     
   5.6243030329600128       -85.853484032189911     
   5.6402727299200128       -85.902625808738435     
   5.6562424268800129       -85.950707099119228     
   5.6722121238400129       -85.997735833610392     
   5.6881818208000130       -86.043719942490029     
   5.7041515177600131       -86.088667356036240     
   5.7201212147200131       -86.132586004527170     
   5.7360909116800132       -86.175483818240906     
   5.7520606086400132       -86.217368727455579     
   5.7680303056000133       -86.258248662449276     
   5.7840000025600133       -86.298131553500127     
   5.7999696995200134       -86.337025456682142     
   5.8159393964800135       -86.374942316544420     
   5.8319090934400135       -86.411898615469411     
   5.8478787904000136       -86.447911092478833     
   5.8638484873600136       -86.482996486594402     
   5.8798181843200137       -86.517171536837850     
   5.8957878812800137       -86.550452982230865     
   5.9117575782400138       -86.582857561795180     
   5.9277272752000139       -86.614402014552525     
   5.9436969721600139       -86.645103079524588     
   5.9596666691200140       -86.674977495733103     
   5.9756363660800140       -86.704042002199785     
   5.9916060630400141       -86.732313337946337     
   6.0075757600000141       -86.759808241994492     
   6.0235454569600142       -86.786543453365965     
   6.0395151539200143       -86.812535711082475     
   6.0554848508800143       -86.837801745254865     
   6.0714545478400144       -86.862357658193787     
   6.0874242448000144       -86.886218521405638     
   6.1033939417600145       -86.909399310619236     
   6.1193636387200145       -86.931915001563382     
   6.1353333356800146       -86.953780569966895     
   6.1513030326400147       -86.975010991558591     
   6.1672727296000147       -86.995621242067287     
   6.1832424265600148       -87.015626297221772     
   6.1992121235200148       -87.035041132750891     
   6.2151818204800149       -87.053880724383419     
   6.2311515174400149       -87.072160047848200     
   6.2471212144000150       -87.089894078874039     
   6.2630909113600151       -87.107097793189737     
   6.2790606083200151       -87.123786166524113     
   6.2950303052800152       -87.139974174605982     
   6.3110000022400152       -87.155676793164147     
   6.3269696992000153       -87.170908997927441     
   6.3429393961600153       -87.185685764624651     
   6.3589090931200154       -87.200022068984595     
   6.3748787900800155       -87.213932886736103     
   6.3908484870400155       -87.227433193607965     
   6.4068181840000156       -87.240537629327861     
   6.4227878809600156       -87.253258401171720     
   6.4387575779200157       -87.265606645751618     
   6.4547272748800157       -87.277593495034822     
   6.4706969718400158       -87.289230080988574     
   6.4866666688000159       -87.300527535580116     
   6.5026363657600159       -87.311496990776718     
   6.5186060627200160       -87.322149578545606     
   6.5345757596800160       -87.332496430854050     
   6.5505454566400161       -87.342548679669278     
   6.5665151536000161       -87.352317456958559     
   6.5824848505600162       -87.361813894689121     
   6.5984545475200163       -87.371049124828232     
   6.6144242444800163       -87.380034279343135     
   6.6303939414400164       -87.388780490201086     
   6.6463636384000164       -87.397298889369324     
   6.6623333353600165       -87.405600270538145     
   6.6783030323200165       -87.413691644514046     
   6.6942727292800166       -87.421577650734619     
   6.7102424262400167       -87.429262892110486     
   6.7262121232000167       -87.436751971552297     
   6.7421818201600168       -87.444049491970688     
   6.7581515171200168       -87.451160056276294     
   6.7741212140800169       -87.458088267379750     
   6.7900909110400169       -87.464838728191722     
   6.8060606080000170       -87.471416041622817     
   6.8220303049600171       -87.477824810583698     
   6.8380000019200171       -87.484069637984987     
   6.8539696988800172       -87.490155126737335     
   6.8699393958400172       -87.496085879751377     
   6.8859090928000173       -87.501866499937748     
   6.9018787897600173       -87.507501590207099     
   6.9178484867200174       -87.512995690180674     
   6.9338181836800175       -87.518352167988567     
   6.9497878806400175       -87.523573359279851     
   6.9657575776000176       -87.528661564355303     
   6.9817272745600176       -87.533619083515717     
   6.9976969715200177       -87.538448217061898     
   7.0136666684800177       -87.543151265294640     
   7.0296363654400178       -87.547730528514734     
   7.0456060624000179       -87.552188307022959     
   7.0615757593600179       -87.556526901120122     
   7.0775454563200180       -87.560748611107030     
   7.0935151532800180       -87.564855737284461     
   7.1094848502400181       -87.568850579953207     
   7.1254545472000181       -87.572735439414060     
   7.1414242441600182       -87.576512615967843     
   7.1573939411200183       -87.580184409915319     
   7.1733636380800183       -87.583753121557280     
   7.1893333350400184       -87.587221051194547     
   7.2053030320000184       -87.590590499127899     
   7.2212727289600185       -87.593863765658114     
   7.2372424259200185       -87.597043151086027     
   7.2532121228800186       -87.600130955729043     
   7.2691818198400187       -87.603129717299751     
   7.2851515168000187       -87.606042808356179     
   7.3011212137600188       -87.608873784876835     
   7.3170909107200188       -87.611626202840213     
   7.3330606076800189       -87.614303618224810     
   7.3490303046400189       -87.616909587009118     
   7.3650000016000190       -87.619447665171634     
   7.3809696985600191       -87.621921408690838     
   7.3969393955200191       -87.624334373545253     
   7.4129090924800192       -87.626690115713359     
   7.4288787894400192       -87.628992191173651     
   7.4448484864000193       -87.631244155904625     
   7.4608181833600193       -87.633449565884774     
   7.4767878803200194       -87.635611977092594     
   7.4927575772800195       -87.637734945506594     
   7.5087272742400195       -87.639822027105254     
   7.5246969712000196       -87.641876474198398     
   7.5406666681600196       -87.643899965061905     
   7.5566363651200197       -87.645893669527879     
   7.5726060620800197       -87.647858757175257     
   7.5885757590400198       -87.649796397582961     
   7.6045454560000199       -87.651707760329927     
   7.6205151529600199       -87.653594014995079     
   7.6364848499200200       -87.655456331157367     
   7.6524545468800200       -87.657295878395715     
   7.6684242438400201       -87.659113826289058     
   7.6843939408000201       -87.660911344416320     
   7.7003636377600202       -87.662689602356437     
   7.7163333347200203       -87.664449769688346     
   7.7323030316800203       -87.666193015990970     
   7.7482727286400204       -87.667920510843246     
   7.7642424256000204       -87.669633423824123     
   7.7802121225600205       -87.671332655973401     
   7.7961818195200205       -87.673017024842508     
   7.8121515164800206       -87.674684374037909     
   7.8281212134400207       -87.676332541643603     
   7.8440909104000207       -87.677959365743632     
   7.8600606073600208       -87.679562684421995     
   7.8760303043200208       -87.681140335762734     
   7.8920000012800209       -87.682690157849848     
   7.9079696982400209       -87.684209988767378     
   7.9239393952000210       -87.685697666599339     
   7.9399090921600211       -87.687151029429756     
   7.9558787891200211       -87.688567915342631     
   7.9718484860800212       -87.689946162422004     
   7.9878181830400212       -87.691283608751903     
   8.0037878800000204       -87.692578092416326     
   8.0197575769600196       -87.693827451499317     
   8.0357272739200187       -87.695029524084873     
   8.0516969708800179       -87.696182148257037     
   8.0676666678400171       -87.697283162099822     
   8.0836363648000162       -87.698330403697256     
   8.0996060617600154       -87.699321711133351     
   8.1155757587200146       -87.700254945557944     
   8.1315454556800137       -87.701130087369194     
   8.1475151526400129       -87.701950913512178     
   8.1634848496000121       -87.702721595636689     
   8.1794545465600113       -87.703446305392561     
   8.1954242435200104       -87.704129214429614     
   8.2113939404800096       -87.704774494397654     
   8.2273636374400088       -87.705386316946488     
   8.2433333344000079       -87.705968853725949     
   8.2593030313600071       -87.706526276385830     
   8.2752727283200063       -87.707062756575979     
   8.2912424252800054       -87.707582465946174     
   8.3072121222400046       -87.708089576146264     
   8.3231818192000038       -87.708588258826040     
   8.3391515161600029       -87.709082685635337     
   8.3551212131200021       -87.709577028223961     
   8.3710909100800013       -87.710075456627678     
   8.3870606070400004       -87.710581426761010     
   8.4030303039999996       -87.711096561517209     
   8.4190000009599988       -87.711622193781125     
   8.4349696979199980       -87.712159656437578     
   8.4509393948799971       -87.712710282371404     
   8.4669090918399963       -87.713275404467439     
   8.4828787887999955       -87.713856355610488     
   8.4988484857599946       -87.714454468685403     
   8.5148181827199938       -87.715071076577004     
   8.5307878796799930       -87.715707512170127     
   8.5467575766399921       -87.716365108349592     
   8.5627272735999913       -87.717045198000235     
   8.5786969705599905       -87.717749114006892     
   8.5946666675199896       -87.718478189254398     
   8.6106363644799888       -87.719233756627560     
   8.6266060614399880       -87.720017149005145     
   8.6425757583999872       -87.720829046858142     
   8.6585454553599863       -87.721667683987363     
   8.6745151523199855       -87.722530720752090     
   8.6904848492799847       -87.723415817511622     
   8.7064545462399838       -87.724320634625201     
   8.7224242431999830       -87.725242832452139     
   8.7383939401599822       -87.726180071351692     
   8.7543636371199813       -87.727130011683158     
   8.7703333340799805       -87.728090313805794     
   8.7863030310399797       -87.729058638078897     
   8.8022727279999788       -87.730032644861723     
   8.8182424249599780       -87.731009994513585     
   8.8342121219199772       -87.731988347393724     
   8.8501818188799763       -87.732965363861439     
   8.8661515158399755       -87.733938704276014     
   8.8821212127999747       -87.734906028996704     
   8.8980909097599739       -87.735864998382809     
   8.9140606067199730       -87.736813272793597     
   8.9300303036799722       -87.737748512588354     
   8.9460000006399714       -87.738668378126349     
   8.9619696975999705       -87.739570529766880     
   8.9779393945599697       -87.740452633025100     
   8.9939090915199689       -87.741312463481421     
   9.0098787884799680       -87.742147902246089     
   9.0258484854399672       -87.742956834677713     
   9.0418181823999664       -87.743737146134862     
   9.0577878793599655       -87.744486721976159     
   9.0737575763199647       -87.745203447560186     
   9.0897272732799639       -87.745885208245525     
   9.1056969702399631       -87.746529889390771     
   9.1216666671999622       -87.747135376354535     
   9.1376363641599614       -87.747699554495384     
   9.1536060611199606       -87.748220309171927     
   9.1695757580799597       -87.748695525742761     
   9.1855454550399589       -87.749123089566481     
   9.2015151519999581       -87.749500886001655     
   9.2174848489599572       -87.749826800406893     
   9.2334545459199564       -87.750098778747471     
   9.2494242428799556       -87.750317313137586     
   9.2653939398399547       -87.750486317587828     
   9.2813636367999539       -87.750609946677031     
   9.2973333337599531       -87.750692354984011     
   9.3133030307199522       -87.750737697087629     
   9.3292727276799514       -87.750750127566690     
   9.3452424246399506       -87.750733801000038     
   9.3612121215999498       -87.750692871966507     
   9.3771818185599489       -87.750631495044914     
   9.3931515155199481       -87.750553824814105     
   9.4091212124799473       -87.750464015852913     
   9.4250909094399464       -87.750366222740169     
   9.4410606063999456       -87.750264600054692     
   9.4570303033599448       -87.750163302375327     
   9.4730000003199439       -87.750066484280893     
   9.4889696972799431       -87.749978296983187     
   9.5049393942399423       -87.749902515065173     
   9.5209090911999414       -87.749842197639978     
   9.5368787881599406       -87.749800323807605     
   9.5528484851199398       -87.749779872668057     
   9.5688181820799389       -87.749783823321309     
   9.5847878790399381       -87.749815154867349     
   9.6007575759999373       -87.749876846406167     
   9.6167272729599365       -87.749971877037765     
   9.6326969699199356       -87.750103225862119     
   9.6486666668799348       -87.750273871979218     
   9.6646363638399340       -87.750486794489063     
   9.6806060607999331       -87.750744972491631     
   9.6965757577599323       -87.751051385086924     
   9.7125454547199315       -87.751409011374918     
   9.7285151516799306       -87.751820830455614     
   9.7444848486399298       -87.752289821429002     
   9.7604545455999290       -87.752818963395057     
   9.7764242425599281       -87.753411235453783     
   9.7923939395199273       -87.754069616705166     
   9.8083636364799265       -87.754797086249198     
   9.8243333334399257       -87.755596623185852     
   9.8403030303999248       -87.756471206615146     
   9.8562727273599240       -87.757423815637040     
   9.8722424243199232       -87.758457429351537     
   9.8882121212799223       -87.759575026858627     
   9.9041818182399215       -87.760779587258313     
   9.9201515151999207       -87.762074089650554     
   9.9361212121599198       -87.763461513135354     
   9.9520909091199190       -87.764944836812717     
   9.9680606060799182       -87.766527039782616     
   9.9840303030399173       -87.768211101145042     
