   2.0151515199999999       -100.09000000000000     
   2.0311212169599999       -99.593274786459205     
   2.0470909139200000       -99.100432269324543     
   2.0630606108800000       -98.611086353327892     
   2.0790303078400001       -98.124850943201110     
   2.0950000048000001       -97.641339943676087     
   2.1109697017600002       -97.160146360868737     
   2.1269393987200003       -96.680578018281608     
   2.1429090956800003       -96.201736481643167     
   2.1588787926400004       -95.722718724324722     
   2.1748484896000004       -95.242621719697581     
   2.1908181865600005       -94.760548957220095     
   2.2067878835200005       -94.276413805477475     
   2.2227575804800006       -93.791714200177964     
   2.2387272774400007       -93.308131771796752     
   2.2546969744000007       -92.827348150808987     
   2.2706666713600008       -92.351044967689873     
   2.2866363683200008       -91.880587595312846     
   2.3026060652800009       -91.415471467674664     
   2.3185757622400009       -90.954507237727810     
   2.3345454592000010       -90.496504530114308     
   2.3505151561600011       -90.040272969476149     
   2.3664848531200011       -89.584638222527957     
   2.3824545500800012       -89.128804407687667     
   2.3984242470400012       -88.672359440194015     
   2.4143939440000013       -88.214908346447771     
   2.4303636409600013       -87.756056152849695     
   2.4463333379200014       -87.295408758760487     
   2.4623030348800015       -86.833306324202212     
   2.4782727318400015       -86.372157522245374     
   2.4942424288000016       -85.914732644539257     
   2.5102121257600016       -85.463801982733173     
   2.5261818227200017       -85.022135828476408     
   2.5421515196800017       -84.591641068217470     
   2.5581212166400018       -84.166504120203626     
   2.5740909136000019       -83.736847295844314     
   2.5900606105600019       -83.292756573733570     
   2.6060303075200020       -82.824317932465476     
   2.6220000044800020       -82.322026786340061     
   2.6379697014400021       -81.796079116829318     
   2.6539393984000021       -81.284696073243694     
   2.6699090953600022       -80.828238267846871     
   2.6858787923200023       -80.467066312902489     
   2.7018484892800023       -80.241540820674189     
   2.7178181862400024       -80.161248359380636     
   2.7337878832000024       -80.108643614658149     
   2.7497575801600025       -79.933356516203929     
   2.7657272771200025       -79.485016954199267     
   2.7816969740800026       -78.613254818825496     
   2.7976666710400027       -77.195713086258124     
   2.8136363680000027       -75.508499118060683     
   2.8296060649600028       -74.124207825199022     
   2.8455757619200028       -73.622491492316016     
   2.8615454588800029       -74.583002404054525     
   2.8775151558400029       -77.579347124102014     
   2.8934848528000030       -82.345797233877406     
   2.9094545497600031       -86.925048868097647     
   2.9254242467200031       -89.156585174861377     
   2.9413939436800032       -86.879889302267202     
   2.9573636406400032       -77.934444398413788     
   2.9733333376000033       -60.756358068330499     
   2.9893030345600033       -37.428738506197881     
   3.0052727315200034       -11.412321086122830     
   3.0212424284800035        13.829598708403182     
   3.0372121254400035        34.833725393888685     
   3.0531818224000036        48.245317834088418     
   3.0691515193600036        53.406157306832320     
   3.0851212163200037        52.470435460093924     
   3.1010909132800037        47.724088746056992     
   3.1170606102400038        41.453053616905294     
   3.1330303072000039        35.942658165200179     
   3.1490000041600039        32.815898687452069     
   3.1649697011200040        31.770558229260331     
   3.1809393980800040        32.156571446962602     
   3.1969090950400041        33.323872996896505     
   3.2128787920000041        34.622397535399671     
   3.2288484889600042        35.455151582958749     
   3.2448181859200043        35.717247394598999     
   3.2607878828800043        35.570569494427431     
   3.2767575798400044        35.179639691734138     
   3.2927272768000044        34.708979795809206     
   3.3086969737600045        34.321622673256144     
   3.3246666707200045        34.103677562586540     
   3.3406363676800046        34.028659453104318     
   3.3566060646400047        34.061134068804961     
   3.3725757616000047        34.165667133683954     
   3.3885454585600048        34.306824371736774     
   3.4045151555200048        34.449699802704458     
   3.4204848524800049        34.561641495541558     
   3.4364545494400049        34.610598564313861     
   3.4524242464000050        34.564520128695470     
   3.4683939433600051        34.391355308360467     
   3.4843636403200051        34.066047612499325     
   3.5003333372800052        33.667310922758681     
   3.5163030342400052        33.353290815259207     
   3.5322727312000053        33.284150247183078     
   3.5482424281600053        33.620052175712473     
   3.5642121251200054        34.519680648525771     
   3.5801818220800055        35.911045049379695     
   3.5961515190400055        37.243218483527933     
   3.6121212160000056        37.905669549620804     
   3.6280909129600056        37.287866846308638     
   3.6440606099200057        34.779278972241769     
   3.6600303068800057        29.930370899960003     
   3.6760000038400058        23.309197854257334     
   3.6919697008000059        15.880255019115957     
   3.7079393977600059        8.6089336006189292     
   3.7239090947200060        2.4606248048493278     
   3.7398787916800060       -1.6271305856023839     
   3.7558484886400061       -3.4460779192852966     
   3.7718181856000061       -3.5702372891585359     
   3.7877878825600062       -2.6120932808031445     
   3.8037575795200063       -1.1841304798001637     
   3.8197272764800063       0.10128383585378019     
   3.8356969734400064       0.80207765795921770     
   3.8516666704000064       0.98699074621756844     
   3.8676363673600065       0.82013787445716479     
   3.8836060643200065       0.46563381650633989     
   3.8995757612800066        8.7593346193425958E-002
   3.9155454582400067      -0.16283681348794021     
   3.9315151552000067      -0.25924547682303012     
   3.9474848521600068      -0.24484923597988964     
   3.9634545491200068      -0.16362250511809290     
   3.9794242460800069       -5.9539698397213403E-002
   3.9953939430400069        2.3803345602218189E-002
   4.0113636400000070        6.3861316369753118E-002
   4.0273333369600071        6.9794771455716068E-002
   4.0433030339200071        5.3386619781021473E-002
   4.0592727308800072        2.6419770266583788E-002
   4.0752424278400072        6.7713183331752054E-004
   4.0912121248000073       -1.4315127827668356E-002
   4.1071818217600073       -1.8975632168395897E-002
   4.1231515187200074       -1.6461518995020238E-002
   4.1391212156800075       -9.9300096970295123E-003
   4.1550909126400075       -2.5383256639118072E-003
   4.1710606096000076        2.6943169491921112E-003
   4.1870303065600076        4.8856896373821006E-003
   4.2030000035200077        4.8362519904548793E-003
   4.2189697004800077        3.3919788068313664E-003
   4.2349393974400078        1.3988448849324838E-003
   4.2509090944000079       -2.9895304966171720E-004
   4.2668787913600079       -1.1708027528713400E-003
   4.2828484883200080       -1.3569200443726611E-003
   4.2988181852800080       -1.0839832210171991E-003
   4.3147878822400081       -5.7867057965647201E-004
   4.3307575792000081       -6.7660417141998690E-005
   4.3467272761600082        2.5063053085623641E-004
   4.3626969731200083        3.6252256688139339E-004
   4.3786666700800083        3.2855295440282383E-004
   4.3946363670400084        2.0945995039891739E-004
   4.4106060640000084        6.5981811848063497E-005
   4.4265757609600085       -4.2411936299456001E-005
   4.4425454579200085       -9.1317172074640120E-005
   4.4585151548800086       -9.5013980447822044E-005
   4.4744848518400087       -6.9777128545959948E-005
   4.4904545488000087       -3.1881383496012089E-005
   4.5064242457600088        2.4006767727629922E-006
   4.5223939427200088        2.1193068895929084E-005
   4.5383636396800089        2.6230732697009372E-005
   4.5543333366400089        2.1874479519540531E-005
   4.5703030336000090        1.2485120707059214E-005
   4.5862727305600091        2.4234676031021124E-006
   4.6022424275200091       -4.2790515615732738E-006
   4.6182121244800092       -6.8788046026630545E-006
   4.6341818214400092       -6.5217165731375027E-006
   4.6501515184000093       -4.3762631806540168E-006
   4.6661212153600093       -1.6109201328699923E-006
   4.6820909123200094        6.1498234326842256E-007
   4.6980606092800095        1.6908428634881204E-006
   4.7140303062400095        1.8565897496578711E-006
   4.7300000032000096        1.4253151693359197E-006
   4.7459697001600096        7.1011129008051203E-007
   4.7619393971200097        2.4070279449892298E-008
   4.7779090940800097       -3.7770454005353011E-007
   4.7938787910400098       -5.0404789087673907E-007
   4.8098484880000099       -4.3884728893763365E-007
   4.8258181849600099       -2.6599551448166556E-007
   4.8417878819200100       -6.9385347754287773E-008
   4.8577575788800100        7.0561057247471211E-008
   4.8737272758400101        1.2955199981510668E-007
   4.8896969728000101        1.2875904800591688E-007
   4.9056666697600102        9.0661204098677147E-008
   4.9216363667200103        3.7737470372162931E-008
   4.9376060636800103       -7.5736590372476909E-009
   4.9535757606400104       -3.0968887499891937E-008
   4.9695454576000104       -3.6078264041785782E-008
   4.9855151545600105       -2.8925004441866550E-008
   5.0014848515200105       -1.5532324479071506E-008
   5.0174545484800106       -1.9234399323380744E-009
   5.0334242454400107        6.6008700330135357E-009
   5.0493939424000107        9.6246101412456622E-009
   5.0653636393600108        8.7551631543335260E-009
   5.0813333363200108        5.6063934857008882E-009
   5.0973030332800109        1.7921655487715262E-009
   5.1132727302400109       -1.1050668107862147E-009
   5.1292424272000110       -2.4203156324211857E-009
   5.1452121241600111       -2.5295836205780750E-009
   5.1611818211200111       -1.8651126315459384E-009
   5.1771515180800112       -8.5914452161383358E-010
   5.1931212150400112        5.6117753871310870E-011
   5.2090909120000113        5.6172818747690886E-010
   5.2250606089600113        7.0065293713396820E-010
   5.2410303059200114        5.8799476285765224E-010
   5.2570000028800115        3.3885642466312300E-010
   5.2729696998400115        6.8340682565543733E-011
   5.2889393968000116       -1.1660240236529128E-010
   5.3049090937600116       -1.9350540978384934E-010
   5.3208787907200117       -1.8988590931175255E-010
   5.3368484876800117       -1.3391315175103333E-010
   5.3528181846400118       -5.3756387903724215E-011
   5.3687878816000119        2.2587335881457952E-011
   5.3847575785600119        7.8300624854097240E-011
   5.4007272755200120        1.1440019318018134E-010
   5.4166969724800120        1.3349753162283516E-010
   5.4326666694400121        1.3820413094518355E-010
   5.4486363664000121        1.3113148191035139E-010
   5.4646060633600122        1.1489107528146359E-010
   5.4805757603200123        9.2094401821644942E-011
   5.4965454572800123        6.5352952294020377E-011
   5.5125151542400124        3.7278217461714761E-011
   5.5284848512000124        1.0481688087852996E-011
   5.5444545481600125       -1.2517838194647705E-011
   5.5604242451200125       -3.0768456181674067E-011
   5.5763939420800126       -4.4623660467694830E-011
   5.5923636390400127       -5.4476793099324118E-011
   5.6083333360000127       -6.0721196123176037E-011
   5.6243030329600128       -6.3750211585864717E-011
   5.6402727299200128       -6.3957181534004267E-011
   5.6562424268800129       -6.1735448014208786E-011
   5.6722121238400129       -5.7478353073092468E-011
   5.6881818208000130       -5.1579238757269334E-011
   5.7041515177600131       -4.4431447113353520E-011
   5.7201212147200131       -3.6428320187959188E-011
   5.7360909116800132       -2.7963200027700458E-011
   5.7520606086400132       -1.9429428679191449E-011
   5.7680303056000133       -1.1220348189046188E-011
   5.7840000025600133       -3.7293006038789373E-012
   5.7999696995200134        2.6574445464653137E-012
   5.8159393964800135        7.7722362022283739E-012
   5.8319090934400135        1.1702550096317873E-011
   5.8478787904000136        1.4550290775527647E-011
   5.8638484873600136        1.6417362786651556E-011
   5.8798181843200137        1.7405670676483439E-011
   5.8957878812800137        1.7617118991817139E-011
   5.9117575782400138        1.7153612279446502E-011
   5.9277272752000139        1.6117055086165386E-011
   5.9436969721600139        1.4609351958767618E-011
   5.9596666691200140        1.2732407444047065E-011
   5.9756363660800140        1.0588126088797556E-011
   5.9916060630400141        8.2784124398129386E-012
   6.0075757600000141        5.9051710438870656E-012
   6.0235454569600142        3.5703064478137741E-012
   6.0395151539200143        1.3757231983869331E-012
   6.0554848508800143       -5.7728475933592224E-013
   6.0714545478400144       -2.2304424888805335E-012
   6.0874242448000144       -3.5961092654975544E-012
   6.1033939417600145       -4.6932073713153010E-012
   6.1193636387200145       -5.5406590884620892E-012
   6.1353333356800146       -6.1573866990662310E-012
   6.1513030326400147       -6.5623124852560476E-012
   6.1672727296000147       -6.7743587291598496E-012
   6.1832424265600148       -6.8124477129059526E-012
   6.1992121235200148       -6.6955017186226746E-012
   6.2151818204800149       -6.4424430284383247E-012
   6.2311515174400149       -6.0721939244812273E-012
   6.2471212144000150       -5.6036766888796932E-012
   6.2630909113600151       -5.0558136037620337E-012
   6.2790606083200151       -4.4475269512565718E-012
   6.2950303052800152       -3.7977390134916197E-012
   6.3110000022400152       -3.1253720725954902E-012
   6.3269696992000153       -2.4493484106965013E-012
   6.3429393961600153       -1.7885903099229686E-012
   6.3589090931200154       -1.1620200524032036E-012
   6.3748787900800155       -5.8855992026552546E-013
   6.3908484870400155       -8.7132195638245263E-014
   6.4068181840000156        3.2564390761478061E-013
   6.4227878809600156        6.4982204283918390E-013
   6.4387575779200157        8.9279456427082525E-013
   6.4547272748800157        1.0619856635264129E-012
   6.4706969718400158        1.1648195322226541E-012
   6.4866666688000159        1.2087203619762573E-012
   6.5026363657600159        1.2011123444039296E-012
   6.5186060627200160        1.1494196711223794E-012
   6.5345757596800160        1.0610665337483141E-012
   6.5505454566400161        9.4347712389844250E-013
   6.5665151536000161        8.0407563318946999E-013
   6.5824848505600162        6.5028625323810746E-013
   6.5984545475200163        4.8953317566106064E-013
   6.6144242444800163        3.2924059207503772E-013
   6.6303939414400164        1.7683269409674734E-013
   6.6463636384000164        3.9733673342896612E-014
   6.6623333353600165       -7.5116587280833209E-014
   6.6783030323200165       -1.6619413267366344E-013
   6.6942727292800166       -2.3537007976477230E-013
   6.7102424262400167       -2.8456784083304949E-013
   6.7262121232000167       -3.1571082815738464E-013
   6.7421818201600168       -3.3072245401666761E-013
   6.7581515171200168       -3.3152613068978813E-013
   6.7741212140800169       -3.2004527045563580E-013
   6.7900909110400169       -2.9820328559310056E-013
   6.8060606080000170       -2.6792358838107199E-013
   6.8220303049600171       -2.3112959109843984E-013
   6.8380000019200171       -1.8974470602409386E-013
   6.8539696988800172       -1.4569234543692361E-013
   6.8699393958400172       -1.0089592161581910E-013
   6.8859090928000173       -5.7278846839670126E-014
   6.9018787897600173       -1.6764533387366245E-014
   6.9178484867200174        1.8786289895587112E-014
   6.9338181836800175        4.8673168934236882E-014
   6.9497878806400175        7.3218245297505180E-014
   6.9657575776000176        9.2778670368062060E-014
   6.9817272745600176        1.0771159552857752E-013
   6.9976969715200177        1.1837417216172160E-013
   7.0136666684800177        1.2512355165016436E-013
   7.0296363654400178        1.2831688537657577E-013
   7.0456060624000179        1.2831132472362594E-013
   7.0615757593600179        1.2546402107398481E-013
   7.0775454563200180        1.2013212581032249E-013
   7.0935151532800180        1.1267279031530896E-013
   7.1094848502400181        1.0344316597161427E-013
   7.1254545472000181        9.2800404161908409E-014
   7.1414242441600182        8.1101656268861462E-014
   7.1573939411200183        6.8704073675143418E-014
   7.1733636380800183        5.5964807763424434E-014
   7.1893333350400184        4.3241009916374239E-014
   7.2053030320000184        3.0889831516663182E-014
   7.2212727289600185        1.9268423946961192E-014
   7.2372424259200185        8.7339385899381710E-015
   7.2532121228800186       -3.5647976634612721E-016
   7.2691818198400187       -7.7397008503975612E-015
   7.2851515168000187       -1.3483214480995853E-014
   7.3011212137600188       -1.7727149648962576E-014
   7.3170909107200188       -2.0611635345119299E-014
   7.3330606076800189       -2.2276800560287602E-014
   7.3490303046400189       -2.2862774285289049E-014
   7.3650000016000190       -2.2509685510945218E-014
   7.3809696985600191       -2.1357663228077672E-014
   7.3969393955200191       -1.9546836427508004E-014
   7.4129090924800192       -1.7217334100057759E-014
   7.4288787894400192       -1.4509285236548521E-014
   7.4448484864000193       -1.1562818827801867E-014
   7.4608181833600193       -8.5180638646393662E-015
   7.4767878803200194       -5.5151493378826041E-015
   7.4927575772800195       -2.6942042383531305E-015
   7.5087272742400195       -1.9535755687251566E-016
   7.5246969712000196        1.8637127290126155E-015
   7.5406666681600196        3.4817010593876834E-015
   7.5566363651200197        4.6948924427212842E-015
   7.5726060620800197        5.5395906049653947E-015
   7.5885757590400198        6.0520992720719866E-015
   7.6045454560000199        6.2687221699930370E-015
   7.6205151529600199        6.2257630246805199E-015
   7.6364848499200200        5.9595255620864093E-015
   7.6524545468800200        5.5063135081626801E-015
   7.6684242438400201        4.9024305888613094E-015
   7.6843939408000201        4.1841805301342657E-015
   7.7003636377600202        3.3878670579335340E-015
   7.7163333347200203        2.5497938982110816E-015
   7.7323030316800203        1.7062647769188779E-015
   7.7482727286400204        8.9358342000890761E-016
   7.7642424256000204        1.4805355343314653E-016
   7.7802121225600205       -4.9749077657043361E-016
   7.7961818195200205       -1.0371353923637266E-015
   7.8121515164800206       -1.4775500457728254E-015
   7.8281212134400207       -1.8254758414634259E-015
   7.8440909104000207       -2.0876538841012228E-015
   7.8600606073600208       -2.2708252783519125E-015
   7.8760303043200208       -2.3817311288811909E-015
   7.8920000012800209       -2.4271125403547524E-015
   7.9079696982400209       -2.4137106174382943E-015
   7.9239393952000210       -2.3482664647975109E-015
   7.9399090921600211       -2.2375211870980985E-015
   7.9558787891200211       -2.0882158890057538E-015
   7.9718484860800212       -1.9070916751861685E-015
   7.9878181830400212       -1.7008896503050442E-015
   8.0037878800000204       -1.4763509190280840E-015
   8.0197575769600196       -1.2402165860209766E-015
   8.0357272739200187       -9.9922775594941094E-016
   8.0516969708800179       -7.6012553347908594E-016
   8.0676666678400171       -5.2965102327569477E-016
   8.0836363648000162       -3.1454533000493187E-016
   8.0996060617600154       -1.2154955833249182E-016
   8.1155757587200146        4.2629369302238593E-017
   8.1315454556800137        1.7442513530488697E-016
   8.1475151526400129        2.7589768760658061E-016
   8.1634848496000121        3.4969190400177962E-016
   8.1794545465600113        3.9845266228494391E-016
   8.1954242435200104        4.2482484025053348E-016
   8.2113939404800096        4.3145331569300832E-016
   8.2273636374400088        4.2098296640682841E-016
   8.2433333344000079        3.9605867018645365E-016
   8.2593030313600071        3.5932530482634457E-016
   8.2752727283200063        3.1342774812096015E-016
   8.2912424252800054        2.6101087786476121E-016
   8.3072121222400046        2.0471957185220757E-016
   8.3231818192000038        1.4719870787775886E-016
   8.3391515161600029        9.1093163735876101E-017
   8.3551212131200021        3.9047817221017504E-017
   8.3710909100800013       -6.2943472494724802E-018
   8.3870606070400004       -4.3128059357441863E-017
   8.4030303039999996       -7.1798310587951899E-017
   8.4190000009599988       -9.2990292572894512E-017
   8.4349696979199980       -1.0738919694416158E-016
   8.4509393948799971       -1.1568021533364505E-016
   8.4669090918399963       -1.1854853937323676E-016
   8.4828787887999955       -1.1667936069482868E-016
   8.4988484857599946       -1.1075787093031266E-016
   8.5148181827199938       -1.0146926171158062E-016
   8.5307878796799930       -8.9498724670524460E-017
   8.5467575766399921       -7.5531451439036109E-017
   8.5627272735999913       -6.0252633649007475E-017
   8.5786969705599905       -4.4347462932330372E-017
   8.5946666675199896       -2.8501130920896697E-017
   8.6106363644799888       -1.3398829246598620E-017
   8.6266060614399880        2.7425180522995827E-019
   8.6425757583999872        1.1977233240248606E-017
   8.6585454553599863        2.1710434629555524E-017
   8.6745151523199855        2.9601019668993598E-017
   8.6904848492799847        3.5776152054405695E-017
   8.7064545462399838        4.0362995481634700E-017
   8.7224242431999830        4.3488713646523491E-017
   8.7383939401599822        4.5280470244914947E-017
   8.7543636371199813        4.5865428972651939E-017
   8.7703333340799805        4.5370753525577341E-017
   8.7863030310399797        4.3923607599534054E-017
   8.8022727279999788        4.1651154890364917E-017
   8.8182424249599780        3.8680559093912847E-017
   8.8342121219199772        3.5138983906020707E-017
   8.8501818188799763        3.1153593022531386E-017
   8.8661515158399755        2.6851550139287730E-017
   8.8821212127999747        2.2360018952132632E-017
   8.8980909097599739        1.7806163156908996E-017
   8.9140606067199730        1.3317146449459647E-017
   8.9300303036799722        9.0201325256274875E-018
   8.9460000006399714        5.0422850812554590E-018
   8.9619696975999705        1.5107678121863148E-018
   8.9779393945599697       -1.4513046013777651E-018
   8.9939090915199689       -3.8072534768097529E-018
   9.0098787884799680       -5.6032744542765698E-018
   9.0258484854399672       -6.8888994592167092E-018
   9.0418181823999664       -7.7136604170686639E-018
   9.0577878793599655       -8.1270892532709331E-018
   9.0737575763199647       -8.1787178932620073E-018
   9.0897272732799639       -7.9180782624803801E-018
   9.1056969702399631       -7.3947022863645484E-018
   9.1216666671999622       -6.6581218903530012E-018
   9.1376363641599614       -5.7578689998842475E-018
   9.1536060611199606       -4.7434755403967641E-018
   9.1695757580799597       -3.6644734373290546E-018
   9.1855454550399589       -2.5703946161196075E-018
   9.2015151519999581       -1.5107710022069281E-018
   9.2174848489599572       -5.3513452102950019E-019
   9.2334545459199564        3.0757224585044067E-019
   9.2494242428799556        9.9316566115064748E-019
   9.2653939398399547        1.5307368660250293E-018
   9.2813636367999539        1.9317163053744823E-018
   9.2973333337599531        2.2075344240999022E-018
   9.3133030307199522        2.3696216671021865E-018
   9.3292727276799514        2.4294084792822304E-018
   9.3452424246399506        2.3983253055409313E-018
   9.3612121215999498        2.2878025907791850E-018
   9.3771818185599489        2.1092707798978881E-018
   9.3931515155199481        1.8741603177979361E-018
   9.4091212124799473        1.5939016493802266E-018
   9.4250909094399464        1.2799252195456550E-018
   9.4410606063999456        9.4366147319511865E-019
   9.4570303033599448        5.9654085522951266E-019
   9.4730000003199439        2.4999381054973184E-019
   9.4889696972799431       -8.4581957429995819E-020
   9.5049393942399423       -3.9945111225484394E-019
   9.5209090911999414       -6.9383559991875787E-019
   9.5368787881599406       -9.6773542042173725E-019
   9.5528484851199398       -1.2211505737637825E-018
   9.5688181820799389       -1.4540810599448937E-018
   9.5847878790399381       -1.6665268789650702E-018
   9.6007575759999373       -1.8584880308243129E-018
   9.6167272729599365       -2.0299645155226209E-018
   9.6326969699199356       -2.1809563330599944E-018
   9.6486666668799348       -2.3114634834364336E-018
   9.6646363638399340       -2.4214859666519391E-018
   9.6806060607999331       -2.5110237827065101E-018
   9.6965757577599323       -2.5800769316001469E-018
   9.7125454547199315       -2.6286454133328491E-018
   9.7285151516799306       -2.6567292279046176E-018
   9.7444848486399298       -2.6643283753154507E-018
   9.7604545455999290       -2.6514428555653505E-018
   9.7764242425599281       -2.6180726686543157E-018
   9.7923939395199273       -2.5642178145823467E-018
   9.8083636364799265       -2.4898782933494432E-018
   9.8243333334399257       -2.3950541049556055E-018
   9.8403030303999248       -2.2797452494008337E-018
   9.8562727273599240       -2.1439517266851269E-018
   9.8722424243199232       -1.9876735368084872E-018
   9.8882121212799223       -1.8109106797709121E-018
   9.9041818182399215       -1.6136631555724024E-018
   9.9201515151999207       -1.3959309642129598E-018
   9.9361212121599198       -1.1577141056925816E-018
   9.9520909091199190       -8.9901258001126912E-019
   9.9680606060799182       -6.1982638716902369E-019
   9.9840303030399173       -3.2015552716584256E-019
