   2.0151515199999999        49698.415200000003     
   2.0311212169599999        48442.320288280120     
   2.0470909139200000        47241.228836408736     
   2.0630606108800000        46093.483741985045     
   2.0790303078400001        44997.427902608222     
   2.0950000048000001        43951.404215877446     
   2.1109697017600002        42953.755109159305     
   2.1269393987200003        42002.816593023970     
   2.1429090956800003        41096.920037106029     
   2.1588787926400004        40234.396707709013     
   2.1748484896000004        39413.577871136455     
   2.1908181865600005        38632.794940308129     
   2.2067878835200005        37890.397550956906     
   2.2227575804800006        37184.770992618258     
   2.2387272774400007        36514.304688080745     
   2.2546969744000007        35877.388060132944     
   2.2706666713600008        35272.410531563401     
   2.2866363683200008        34697.829284391315     
   2.3026060652800009        34152.502141186211     
   2.3185757622400009        33635.433641107033     
   2.3345454592000010        33145.628543631632     
   2.3505151561600011        32682.091608237879     
   2.3664848531200011        32243.827560630310     
   2.3824545500800012        31829.840329760853     
   2.3984242470400012        31439.133036575749     
   2.4143939440000013        31070.708765997180     
   2.4303636409600013        30723.570602947344     
   2.4463333379200014        30396.721696988359     
   2.4623030348800015        30089.219567378725     
   2.4782727318400015        29800.274900272936     
   2.4942424288000016        29529.125158545758     
   2.5102121257600016        29275.007805071953     
   2.5261818227200017        29037.160302726279     
   2.5421515196800017        28814.829532652984     
   2.5581212166400018        28607.346593059199     
   2.5740909136000019        28414.086914585288     
   2.5900606105600019        28234.426324200307     
   2.6060303075200020        28067.740648873303     
   2.6220000044800020        27913.406900424216     
   2.6379697014400021        27770.859101417725     
   2.6539393984000021        27639.612375418073     
   2.6699090953600022        27519.188037302443     
   2.6858787923200023        27409.107401948018     
   2.7018484892800023        27308.891784231972     
   2.7178181862400024        27218.068878612063     
   2.7337878832000024        27136.192734486158     
   2.7497575801600025        27062.824205953366     
   2.7657272771200025        26997.524147120974     
   2.7816969740800026        26939.853412096272     
   2.7976666710400027        26889.385011598173     
   2.8136363680000027        26845.864874701510     
   2.8296060649600028        26809.167594777053     
   2.8455757619200028        26779.170827826747     
   2.8615454588800029        26755.752229852544     
   2.8775151558400029        26738.788555212712     
   2.8934848528000030        26728.031381947316     
   2.9094545497600031        26722.980010768733     
   2.9254242467200031        26723.103435713212     
   2.9413939436800032        26727.870650817003     
   2.9573636406400032        26736.750650116344     
   2.9733333376000033        26749.266527415672     
   2.9893030345600033        26765.272073466429     
   3.0052727315200034        26784.745997317015     
   3.0212424284800035        26807.667240157371     
   3.0372121254400035        26834.014743177428     
   3.0531818224000036        26863.764033067884     
   3.0691515193600036        26896.805819338191     
   3.0851212163200037        26932.942349143894     
   3.1010909132800037        26971.971725702075     
   3.1170606102400038        27013.692052229821     
   3.1330303072000039        27057.901450734265     
   3.1490000041600039        27104.418500277861     
   3.1649697011200040        27153.121242860219     
   3.1809393980800040        27203.898464270969     
   3.1969090950400041        27256.638950299741     
   3.2128787920000041        27311.231486736167     
   3.2288484889600042        27367.565608440862     
   3.2448181859200043        27425.537795991000     
   3.2607878828800043        27485.048295261411     
   3.2767575798400044        27545.997389350301     
   3.2927272768000044        27608.285361355873     
   3.3086969737600045        27671.812659969350     
   3.3246666707200045        27736.488288956516     
   3.3406363676800046        27802.233774272019     
   3.3566060646400047        27868.971637164577     
   3.3725757616000047        27936.624398882916     
   3.3885454585600048        28005.114580675763     
   3.4045151555200048        28074.367897988013     
   3.4204848524800049        28144.323694758514     
   3.4364545494400049        28214.924948981490     
   3.4524242464000050        28286.114638685074     
   3.4683939433600051        28357.835741897401     
   3.4843636403200051        28430.031613837829     
   3.5003333372800052        28502.651205821676     
   3.5163030342400052        28575.647752731642     
   3.5322727312000053        28648.974598243120     
   3.5482424281600053        28722.585086031497     
   3.5642121251200054        28796.432583864418     
   3.5801818220800055        28870.474217327548     
   3.5961515190400055        28944.674914143747     
   3.6121212160000056        29019.000573026282     
   3.6280909129600056        29093.417092688440     
   3.6440606099200057        29167.890371843492     
   3.6600303068800057        29242.387088577907     
   3.6760000038400058        29316.878847067743     
   3.6919697008000059        29391.339170629650     
   3.7079393977600059        29465.741586917862     
   3.7239090947200060        29540.059623586611     
   3.7398787916800060        29614.266925094656     
   3.7558484886400061        29688.340194522800     
   3.7718181856000061        29762.259415807832     
   3.7877878825600062        29836.004734206417     
   3.8037575795200063        29909.556294975220     
   3.8197272764800063        29982.894244122021     
   3.8356969734400064        30055.999818044627     
   3.8516666704000064        30128.857523836865     
   3.8676363673600065        30201.452479272855     
   3.8836060643200065        30273.769802126706     
   3.8995757612800066        30345.794610172536     
   3.9155454582400067        30417.512236657374     
   3.9315151552000067        30488.910087393389     
   3.9474848521600068        30559.976725105254     
   3.9634545491200068        30630.700725109378     
   3.9794242460800069        30701.070662722166     
   3.9953939430400069        30771.075135053637     
   4.0113636400000070        30840.703951038457     
   4.0273333369600071        30909.948744836383     
   4.0433030339200071        30978.801301569183     
   4.0592727308800072        31047.253406358617     
   4.0752424278400072        31115.296844326458     
   4.0912121248000073        31182.923698603943     
   4.1071818217600073        31250.127365561941     
   4.1231515187200074        31316.901603200382     
   4.1391212156800075        31383.240169530240     
   4.1550909126400075        31449.136822562486     
   4.1710606096000076        31514.585416730337     
   4.1870303065600076        31579.581299549202     
   4.2030000035200077        31644.120994204161     
   4.2189697004800077        31708.201055681129     
   4.2349393974400078        31771.818038966008     
   4.2509090944000079        31834.968498160957     
   4.2668787913600079        31897.648831508643     
   4.2828484883200080        31959.855103833066     
   4.2988181852800080        32021.583336984175     
   4.3147878822400081        32082.829552811905     
   4.3307575792000081        32143.589773166212     
   4.3467272761600082        32203.860356006113     
   4.3626969731200083        32263.639856331218     
   4.3786666700800083        32322.927711788579     
   4.3946363670400084        32381.723362415625     
   4.4106060640000084        32440.026248249778     
   4.4265757609600085        32497.835807670159     
   4.4425454579200085        32555.151433223331     
   4.4585151548800086        32611.972466893320     
   4.4744848518400087        32668.298248056977     
   4.4904545488000087        32724.128116091153     
   4.5064242457600088        32779.461410492673     
   4.5223939427200088        32834.297711689724     
   4.5383636396800089        32888.637345982796     
   4.5543333366400089        32942.480783568972     
   4.5703030336000090        32995.828494645299     
   4.5862727305600091        33048.680949408845     
   4.6022424275200091        33101.038625994392     
   4.6182121244800092        33152.902081768501     
   4.6341818214400092        33204.271919633698     
   4.6501515184000093        33255.148743035956     
   4.6661212153600093        33305.533155421246     
   4.6820909123200094        33355.425772852053     
   4.6980606092800095        33404.827968381454     
   4.7140303062400095        33453.742288397989     
   4.7300000032000096        33502.171380222266     
   4.7459697001600096        33550.117891174887     
   4.7619393971200097        33597.584468576460     
   4.7779090940800097        33644.573929355385     
   4.7938787910400098        33691.089862415196     
   4.8098484880000099        33737.136076176452     
   4.8258181849600099        33782.716379075086     
   4.8417878819200100        33827.834579547052     
   4.8577575788800100        33872.494366590392     
   4.8737272758400101        33916.697497533227     
   4.8896969728000101        33960.444165133631     
   4.9056666697600102        34003.734517155703     
   4.9216363667200103        34046.568701363547     
   4.9376060636800103        34088.946875177084     
   4.9535757606400104        34130.871135183443     
   4.9695454576000104        34172.347852697640     
   4.9855151545600105        34213.383969488030     
   5.0014848515200105        34253.986427322940     
   5.0174545484800106        34294.162167970717     
   5.0334242454400107        34333.917853511572     
   5.0493939424000107        34373.258254903303     
   5.0653636393600108        34412.187359761883     
   5.0813333363200108        34450.709153193944     
   5.0973030332800109        34488.827620306096     
   5.1132727302400109        34526.546672735079     
   5.1292424272000110        34563.868076148006     
   5.1452121241600111        34600.791161315625     
   5.1611818211200111        34637.315127464273     
   5.1771515180800112        34673.439173820305     
   5.1931212150400112        34709.162499751474     
   5.2090909120000113        34744.484716380575     
   5.2250606089600113        34779.406750592025     
   5.2410303059200114        34813.929791528848     
   5.2570000028800115        34848.055028334056     
   5.2729696998400115        34881.783650150668     
   5.2889393968000116        34915.116830931845     
   5.3049090937600116        34948.055587225244     
   5.3208787907200117        34980.600842448002     
   5.3368484876800117        35012.753518803067     
   5.3528181846400118        35044.514538493393     
   5.3687878816000119        35075.884837413752     
   5.3847575785600119        35106.866240343275     
   5.4007272755200120        35137.461990035554     
   5.4166969724800120        35167.675456043464     
   5.4326666694400121        35197.510007919896     
   5.4486363664000121        35226.969015217728     
   5.4646060633600122        35256.055847489857     
   5.4805757603200123        35284.773874289167     
   5.4965454572800123        35313.126465168534     
   5.5125151542400124        35341.116989680842     
   5.5284848512000124        35368.748817378990     
   5.5444545481600125        35396.025325718852     
   5.5604242451200125        35422.950025749313     
   5.5763939420800126        35449.526539817423     
   5.5923636390400127        35475.758493667614     
   5.6083333360000127        35501.649513044329     
   5.6243030329600128        35527.203223692006     
   5.6402727299200128        35552.423251355089     
   5.6562424268800129        35577.313221778008     
   5.6722121238400129        35601.876760705200     
   5.6881818208000130        35626.117493881109     
   5.7041515177600131        35650.039047050173     
   5.7201212147200131        35673.645045956830     
   5.7360909116800132        35696.939116345522     
   5.7520606086400132        35719.924883960673     
   5.7680303056000133        35742.605974546736     
   5.7840000025600133        35764.986013848145     
   5.7999696995200134        35787.068618643701     
   5.8159393964800135        35808.857128575575     
   5.8319090934400135        35830.354559868720     
   5.8478787904000136        35851.563910457058     
   5.8638484873600136        35872.488178274529     
   5.8798181843200137        35893.130361255055     
   5.8957878812800137        35913.493457332581     
   5.9117575782400138        35933.580464441038     
   5.9277272752000139        35953.394380514350     
   5.9436969721600139        35972.938203486461     
   5.9596666691200140        35992.214931291295     
   5.9756363660800140        36011.227561862790     
   5.9916060630400141        36029.979093134869     
   6.0075757600000141        36048.472523041477     
   6.0235454569600142        36066.710849516545     
   6.0395151539200143        36084.697070493996     
   6.0554848508800143        36102.434181646211     
   6.0714545478400144        36119.925019310213     
   6.0874242448000144        36137.172158205583     
   6.1033939417600145        36154.178148743587     
   6.1193636387200145        36170.945541335481     
   6.1353333356800146        36187.476886392542     
   6.1513030326400147        36203.774734326034     
   6.1672727296000147        36219.841635547222     
   6.1832424265600148        36235.680140467382     
   6.1992121235200148        36251.292799497773     
   6.2151818204800149        36266.682163049663     
   6.2311515174400149        36281.850781534318     
   6.2471212144000150        36296.801205363015     
   6.2630909113600151        36311.535984947011     
   6.2790606083200151        36326.057670697577     
   6.2950303052800152        36340.368813025983     
   6.3110000022400152        36354.471962343487     
   6.3269696992000153        36368.369669061365     
   6.3429393961600153        36382.064483590890     
   6.3589090931200154        36395.558956343310     
   6.3748787900800155        36408.855637729910     
   6.3908484870400155        36421.957078161948     
   6.4068181840000156        36434.865797996805     
   6.4227878809600156        36447.584100019259     
   6.4387575779200157        36460.114191247703     
   6.4547272748800157        36472.458278285078     
   6.4706969718400158        36484.618567734309     
   6.4866666688000159        36496.597266198340     
   6.5026363657600159        36508.396580280096     
   6.5186060627200160        36520.018716582519     
   6.5345757596800160        36531.465881708536     
   6.5505454566400161        36542.740282261089     
   6.5665151536000161        36553.844124843105     
   6.5824848505600162        36564.779616057524     
   6.5984545475200163        36575.548962507273     
   6.6144242444800163        36586.154370795295     
   6.6303939414400164        36596.598047524516     
   6.6463636384000164        36606.882199297877     
   6.6623333353600165        36617.009021887927     
   6.6783030323200165        36626.980589953222     
   6.6942727292800166        36636.798902229813     
   6.7102424262400167        36646.465956284315     
   6.7262121232000167        36655.983749683328     
   6.7421818201600168        36665.354279993444     
   6.7581515171200168        36674.579544781278     
   6.7741212140800169        36683.661541613423     
   6.7900909110400169        36692.602268056486     
   6.8060606080000170        36701.403721677067     
   6.8220303049600171        36710.067900041766     
   6.8380000019200171        36718.596800717190     
   6.8539696988800172        36726.992421269941     
   6.8699393958400172        36735.256759266616     
   6.8859090928000173        36743.391812273825     
   6.9018787897600173        36751.399577858159     
   6.9178484867200174        36759.282042585291     
   6.9338181836800175        36767.040989392677     
   6.9497878806400175        36774.678021752276     
   6.9657575776000176        36782.194736991827     
   6.9817272745600176        36789.592732439050     
   6.9976969715200177        36796.873605421693     
   7.0136666684800177        36804.038953267474     
   7.0296363654400178        36811.090373304141     
   7.0456060624000179        36818.029462859413     
   7.0615757593600179        36824.857819261037     
   7.0775454563200180        36831.577039836731     
   7.0935151532800180        36838.188721914245     
   7.1094848502400181        36844.694462821302     
   7.1254545472000181        36851.095859885630     
   7.1414242441600182        36857.394510434977     
   7.1573939411200183        36863.592011797060     
   7.1733636380800183        36869.689961299628     
   7.1893333350400184        36875.689956270406     
   7.2053030320000184        36881.593594037120     
   7.2212727289600185        36887.402471927518     
   7.2372424259200185        36893.118187269320     
   7.2532121228800186        36898.742337386575     
   7.2691818198400187        36904.276467016578     
   7.2851515168000187        36909.721935965186     
   7.3011212137600188        36915.080063407753     
   7.3170909107200188        36920.352168519617     
   7.3330606076800189        36925.539570476139     
   7.3490303046400189        36930.643588452658     
   7.3650000016000190        36935.665541624527     
   7.3809696985600191        36940.606749167091     
   7.3969393955200191        36945.468530255705     
   7.4129090924800192        36950.252204065713     
   7.4288787894400192        36954.959089772456     
   7.4448484864000193        36959.590506551292     
   7.4608181833600193        36964.147773577562     
   7.4767878803200194        36968.632210026626     
   7.4927575772800195        36973.045135073815     
   7.5087272742400195        36977.387867894497     
   7.5246969712000196        36981.661691218003     
   7.5406666681600196        36985.867698859773     
   7.5566363651200197        36990.006923612345     
   7.5726060620800197        36994.080398237871     
   7.5885757590400198        36998.089155498506     
   7.6045454560000199        37002.034228156394     
   7.6205151529600199        37005.916648973696     
   7.6364848499200200        37009.737450712557     
   7.6524545468800200        37013.497666135132     
   7.6684242438400201        37017.198328003578     
   7.6843939408000201        37020.840469080045     
   7.7003636377600202        37024.425122126675     
   7.7163333347200203        37027.953319905639     
   7.7323030316800203        37031.426095179078     
   7.7482727286400204        37034.844480709144     
   7.7642424256000204        37038.209509257991     
   7.7802121225600205        37041.522192001132     
   7.7961818195200205        37044.783372631900     
   7.8121515164800206        37047.993816552604     
   7.8281212134400207        37051.154288721635     
   7.8440909104000207        37054.265554097379     
   7.8600606073600208        37057.328377638230     
   7.8760303043200208        37060.343524302581     
   7.8920000012800209        37063.311759048811     
   7.9079696982400209        37066.233846835319     
   7.9239393952000210        37069.110552620492     
   7.9399090921600211        37071.942641362722     
   7.9558787891200211        37074.730878020397     
   7.9718484860800212        37077.476027551900     
   7.9878181830400212        37080.178854915626     
   8.0037878800000204        37082.840125069975     
   8.0197575769600196        37085.460602973319     
   8.0357272739200187        37088.041053584056     
   8.0516969708800179        37090.582241860582     
   8.0676666678400171        37093.084932761274     
   8.0836363648000162        37095.549891244533     
   8.0996060617600154        37097.977882268744     
   8.1155757587200146        37100.369669941159     
   8.1315454556800137        37102.725940168260     
   8.1475151526400129        37105.047238762992     
   8.1634848496000121        37107.334096973631     
   8.1794545465600113        37109.587046048429     
   8.1954242435200104        37111.806617235641     
   8.2113939404800096        37113.993341783527     
   8.2273636374400088        37116.147750940348     
   8.2433333344000079        37118.270375954358     
   8.2593030313600071        37120.361748073825     
   8.2752727283200063        37122.422398546994     
   8.2912424252800054        37124.452858622142     
   8.3072121222400046        37126.453659547507     
   8.3231818192000038        37128.425332571358     
   8.3391515161600029        37130.368408941955     
   8.3551212131200021        37132.283419907551     
   8.3710909100800013        37134.170896651529     
   8.3870606070400004        37136.031341649432     
   8.4030303039999996        37137.865183688984     
   8.4190000009599988        37139.672839899526     
   8.4349696979199980        37141.454727410368     
   8.4509393948799971        37143.211263350851     
   8.4669090918399963        37144.942864850294     
   8.4828787887999955        37146.649949038023     
   8.4988484857599946        37148.332933043370     
   8.5148181827199938        37149.992233995661     
   8.5307878796799930        37151.628269024215     
   8.5467575766399921        37153.241455258365     
   8.5627272735999913        37154.832209827437     
   8.5786969705599905        37156.400949860763     
   8.5946666675199896        37157.948092487663     
   8.6106363644799888        37159.474054837461     
   8.6266060614399880        37160.979254039252     
   8.6425757583999872        37162.464081923346     
   8.6585454553599863        37163.928835444101     
   8.6745151523199855        37165.373789319237     
   8.6904848492799847        37166.799218266438     
   8.7064545462399838        37168.205397003425     
   8.7224242431999830        37169.592600247895     
   8.7383939401599822        37170.961102717549     
   8.7543636371199813        37172.311179130083     
   8.7703333340799805        37173.643104203213     
   8.7863030310399797        37174.957152654642     
   8.8022727279999788        37176.253599202057     
   8.8182424249599780        37177.532718563183     
   8.8342121219199772        37178.794785455706     
   8.8501818188799763        37180.040074597338     
   8.8661515158399755        37181.268860705772     
   8.8821212127999747        37182.481418498726     
   8.8980909097599739        37183.678022693894     
   8.9140606067199730        37184.858948008979     
   8.9300303036799722        37186.024469161683     
   8.9460000006399714        37187.174860869716     
   8.9619696975999705        37188.310397850772     
   8.9779393945599697        37189.431353191823     
   8.9939090915199689        37190.537965167830     
   9.0098787884799680        37191.630438676220     
   9.0258484854399672        37192.708977270719     
   9.0418181823999664        37193.773784505072     
   9.0577878793599655        37194.825063933007     
   9.0737575763199647        37195.863019108263     
   9.0897272732799639        37196.887853584580     
   9.1056969702399631        37197.899770915683     
   9.1216666671999622        37198.898974655320     
   9.1376363641599614        37199.885668357216     
   9.1536060611199606        37200.860055575111     
   9.1695757580799597        37201.822339862745     
   9.1855454550399589        37202.772724773844     
   9.2015151519999581        37203.711413862155     
   9.2174848489599572        37204.638610681402     
   9.2334545459199564        37205.554517930395     
   9.2494242428799556        37206.459302391195     
   9.2653939398399547        37207.353082575566     
   9.2813636367999539        37208.235973601768     
   9.2973333337599531        37209.108090588037     
   9.3133030307199522        37209.969548652618     
   9.3292727276799514        37210.820462913762     
   9.3452424246399506        37211.660948489705     
   9.3612121215999498        37212.491120498707     
   9.3771818185599489        37213.311094058998     
   9.3931515155199481        37214.120984288835     
   9.4091212124799473        37214.920906306455     
   9.4250909094399464        37215.710975230111     
   9.4410606063999456        37216.491306178039     
   9.4570303033599448        37217.262014268497     
   9.4730000003199439        37218.023214619716     
   9.4889696972799431        37218.775022397451     
   9.5049393942399423        37219.517558080275     
   9.5209090911999414        37220.250952239403     
   9.5368787881599406        37220.975336574731     
   9.5528484851199398        37221.690842786164     
   9.5688181820799389        37222.397602573597     
   9.5847878790399381        37223.095747636937     
   9.6007575759999373        37223.785409676078     
   9.6167272729599365        37224.466720390927     
   9.6326969699199356        37225.139811481378     
   9.6486666668799348        37225.804814647337     
   9.6646363638399340        37226.461861588701     
   9.6806060607999331        37227.111084005373     
   9.6965757577599323        37227.752613597251     
   9.7125454547199315        37228.386582064239     
   9.7285151516799306        37229.013121106233     
   9.7444848486399298        37229.632362423137     
   9.7604545455999290        37230.244437714849     
   9.7764242425599281        37230.849478681273     
   9.7923939395199273        37231.447617022306     
   9.8083636364799265        37232.038984437851     
   9.8243333334399257        37232.623712627807     
   9.8403030303999248        37233.201933292068     
   9.8562727273599240        37233.773778130548     
   9.8722424243199232        37234.339378843142     
   9.8882121212799223        37234.898867129748     
   9.9041818182399215        37235.452374690271     
   9.9201515151999207        37236.000033224598     
   9.9361212121599198        37236.541974432650     
   9.9520909091199190        37237.078330014308     
   9.9680606060799182        37237.609231669492     
   9.9840303030399173        37238.134811098083     
