   2.0151515199999999        52.880000000000003     
   2.0311212169599999        54.081446478907196     
   2.0470909139200000        55.014950799245106     
   2.0630606108800000        55.681478194417409     
   2.0790303078400001        56.081993897827793     
   2.0950000048000001        56.217463142879964     
   2.1109697017600002        56.100671515903038     
   2.1269393987200003        55.905705196149249     
   2.1429090956800003        55.923310704986200     
   2.1588787926400004        56.446832022043530     
   2.1748484896000004        57.769613126950865     
   2.1908181865600005        60.181312470629848     
   2.2067878835200005        63.513517158844849     
   2.2227575804800006        66.701575871719612     
   2.2387272774400007        68.576938687486447     
   2.2546969744000007        67.971055684377632     
   2.2706666713600008        63.715376940625433     
   2.2866363683200008        54.970518931734084     
   2.3026060652800009        42.843362949699085     
   2.3185757622400009        29.153522274720302     
   2.3345454592000010        15.721680470397459     
   2.3505151561600011        4.3685211003302626     
   2.3664848531200011       -3.1448169801261887     
   2.3824545500800012       -6.4619258871198548     
   2.3984242470400012       -6.6509686298309632     
   2.4143939440000013       -4.8436211546598846     
   2.4303636409600013       -2.1715594080069964     
   2.4463333379200014       0.23392994578067688     
   2.4623030348800015        1.5689916569259326     
   2.4782727318400015        1.9521897051045516     
   2.4942424288000016        1.6633459025482689     
   2.5102121257600016       0.98228206148882047     
   2.5261818227200017       0.18881999415794018     
   2.5421515196800017      -0.45542233457704789     
   2.5581212166400018      -0.85160363132190986     
   2.5740909136000019      -0.98656934684621889     
   2.5900606105600019      -0.84793096509146615     
   2.6060303075200020      -0.42329996999914254     
   2.6220000044800020       0.29692883100432760     
   2.6379697014400021        1.1884371585563898     
   2.6539393984000021        1.9363930416958703     
   2.6699090953600022        2.2114205471345389     
   2.6858787923200023        1.6841437415841642     
   2.7018484892800023        2.5186691756517443E-002
   2.7178181862400024       -2.8311044870803856     
   2.7337878832000024       -5.8609109908429007     
   2.7497575801600025       -7.7591181328859156     
   2.7657272771200025       -7.2206108879280446     
   2.7816969740800026       -2.9402742306878986     
   2.7976666710400027        6.2574230606970414     
   2.8136363680000027        19.704783275859231     
   2.8296060649600028        35.362607388015512     
   2.8455757619200028        51.159050151990250     
   2.8615454588800029        65.022266322607820     
   2.8775151558400029        74.887882781983478     
   2.8934848528000030        79.728891165502361     
   2.9094545497600031        80.608962971746010     
   2.9254242467200031        78.842928049868675     
   2.9413939436800032        75.745616249024607     
   2.9573636406400032        72.631857418368057     
   2.9733333376000033        70.639401326163707     
   2.9893030345600033        69.823556094463143     
   3.0052727315200034        69.830745614000989     
   3.0212424284800035        70.306633926713118     
   3.0372121254400035        70.896885074535419     
   3.0531818224000036        71.255643329194271     
   3.0691515193600036        71.247704403715076     
   3.0851212163200037        70.957568581314177     
   3.1010909132800037        70.480028005845114     
   3.1170606102400038        69.909874821161381     
   3.1330303072000039        69.341876304062936     
   3.1490000041600039        68.843726533802212     
   3.1649697011200040        68.404425377797281     
   3.1809393980800040        67.998754198156334     
   3.1969090950400041        67.601494356987544     
   3.2128787920000041        67.187427216399072     
   3.2288484889600042        66.733423768425084     
   3.2448181859200043        66.235730975514969     
   3.2607878828800043        65.701099582599298     
   3.2767575798400044        65.136384173999474     
   3.2927272768000044        64.548439334036871     
   3.3086969737600045        63.944055100876334     
   3.3246666707200045        63.326686848033447     
   3.3406363676800046        62.694908951184061     
   3.3566060646400047        62.046907832401232     
   3.3725757616000047        61.380869913757991     
   3.3885454585600048        60.694981617327372     
   3.4045151555200048        59.987895525478883     
   3.4204848524800049        59.260253160032093     
   3.4364545494400049        58.513226396059643     
   3.4524242464000050        57.747987113582866     
   3.4683939433600051        56.965707192623100     
   3.4843636403200051        56.167495588698820     
   3.5003333372800052        55.353527694923542     
   3.5163030342400052        54.523264303104369     
   3.5322727312000053        53.676148055830382     
   3.5482424281600053        52.811621595690639     
   3.5642121251200054        51.929131405020165     
   3.5801818220800055        51.028722875082359     
   3.5961515190400055        50.111684876630065     
   3.6121212160000056        49.179461033740871     
   3.6280909129600056        48.233494970492373     
   3.6440606099200057        47.275230310962165     
   3.6600303068800057        46.305942973161926     
   3.6760000038400058        45.325848875714549     
   3.6919697008000059        44.334750975234407     
   3.7079393977600059        43.332451294971136     
   3.7239090947200060        42.318751858174330     
   3.7398787916800060        41.293473939103123     
   3.7558484886400061        40.256942915454673     
   3.7718181856000061        39.210024895609664     
   3.7877878825600062        38.153612575706518     
   3.8037575795200063        37.088598651883636     
   3.8197272764800063        36.015875759157261     
   3.8356969734400064        34.936247801533938     
   3.8516666704000064        33.850252528570003     
   3.8676363673600065        32.758377995421519     
   3.8836060643200065        31.661112257244543     
   3.8995757612800066        30.558943369195145     
   3.9155454582400067        29.452368229771501     
   3.9315151552000067        28.341968798753847     
   3.9474848521600068        27.228374517403491     
   3.9634545491200068        26.112215343765591     
   3.9794242460800069        24.994121235885302     
   3.9953939430400069        23.874721044749293     
   4.0113636400000070        22.754582063845362     
   4.0273333369600071        21.634178870035345     
   4.0433030339200071        20.513978371708788     
   4.0592727308800072        19.394447477255220     
   4.0752424278400072        18.276053095064174     
   4.0912121248000073        17.159280894801125     
   4.1071818217600073        16.044699221525708     
   4.1231515187200074        14.932899186763988     
   4.1391212156800075        13.824471902736899     
   4.1550909126400075        12.720008481665371     
   4.1710606096000076        11.620101842411740     
   4.1870303065600076        10.525372879374139     
   4.2030000035200077        9.4364645152020099     
   4.2189697004800077        8.3540202683893092     
   4.2349393974400078        7.2786836574299878     
   4.2509090944000079        6.2110957272726619     
   4.2668787913600079        5.1514612834644309     
   4.2828484883200080        4.0990519168995148     
   4.2988181852800080        3.0530189372033778     
   4.3147878822400081        2.0125136540014861     
   4.3307575792000081       0.97668737691930563     
   4.3467272761600082       -5.4726814125764300E-002
   4.3626969731200083       -1.0781929877049532     
   4.3786666700800083       -2.0886474403479078     
   4.3946363670400084       -3.0810223310898284     
   4.4106060640000084       -4.0502498189659164     
   4.4265757609600085       -4.9916400840989894     
   4.4425454579200085       -5.9109511092046461     
   4.4585151548800086       -6.8254669090185969     
   4.4744848518400087       -7.7530658175666733     
   4.4904545488000087       -8.7116261688747088     
   4.5064242457600088       -9.7190173102206661     
   4.5223939427200088       -10.775060384798463     
   4.5383636396800089       -11.823703128362130     
   4.5543333366400089       -12.798113964542878     
   4.5703030336000090       -13.631461316971929     
   4.5862727305600091       -14.256913609280499     
   4.6022424275200091       -14.626457232430807     
   4.6182121244800092       -14.879913460816496     
   4.6341818214400092       -15.265055752721468     
   4.6501515184000093       -16.030945906562224     
   4.6661212153600093       -17.426645720755261     
   4.6820909123200094       -19.693937674558406     
   4.6980606092800095       -22.637845097710343     
   4.7140303062400095       -25.386414638196161     
   4.7300000032000096       -27.009458390731929     
   4.7459697001600096       -26.576788450033725     
   4.7619393971200097       -23.158216910817618     
   4.7779090940800097       -16.165445306357157     
   4.7938787910400098       -6.5662956602517539     
   4.8098484880000099        4.2289152896617814     
   4.8258181849600099        14.809839768232635     
   4.8417878819200100        23.766130000309992     
   4.8577575788800100        29.761284946637627     
   4.8737272758400101        32.653127146167748     
   4.8896969728000101        33.266830203954299     
   4.9056666697600102        32.455386839741756     
   4.9216363667200103        31.071789773274620     
   4.9376060636800103        29.967494404880586     
   4.9535757606400104        29.685218277600541     
   4.9695454576000104        30.087092789252928     
   4.9855151545600105        30.944426567241926     
   5.0014848515200105        32.028528238971731     
   5.0174545484800106        33.110706431846523     
   5.0334242454400107        33.989709987315557     
   5.0493939424000107        34.649825845212874     
   5.0653636393600108        35.152194644925402     
   5.0813333363200108        35.558203217547067     
   5.0973030332800109        35.929238394171826     
   5.1132727302400109        36.325485870885664     
   5.1292424272000110        36.772047597381174     
   5.1452121241600111        37.254218209443067     
   5.1611818211200111        37.755141766826270     
   5.1771515180800112        38.257962329285697     
   5.1931212150400112        38.745825693380041     
   5.2090909120000113        39.206934219446445     
   5.2250606089600113        39.645648498995122     
   5.2410303059200114        40.069549794196341     
   5.2570000028800115        40.486219367220393     
   5.2729696998400115        40.903238480237576     
   5.2889393968000116        41.326990553640499     
   5.3049090937600116        41.751446328631062     
   5.3208787907200117        42.163232461999328     
   5.3368484876800117        42.548879861759552     
   5.3528181846400118        42.894919435925978     
   5.3687878816000119        43.188061020316120     
   5.3847575785600119        43.426630587631685     
   5.4007272755200120        43.627484513651673     
   5.4166969724800120        43.809136215350797     
   5.4326666694400121        43.990099109703785     
   5.4486363664000121        44.188886613685348     
   5.4646060633600122        44.424012144270193     
   5.4805757603200123        44.713989118433048     
   5.4965454572800123        45.077330953148618     
   5.5125151542400124        45.532551065391623     
   5.5284848512000124        46.098162872136783     
   5.5444545481600125        46.791006019008151     
   5.5604242451200125        47.599626580671455     
   5.5763939420800126        48.488998865695841     
   5.5923636390400127        49.423377652264072     
   5.6083333360000127        50.367017718558877     
   5.6243030329600128        51.284173842762996     
   5.6402727299200128        52.139100803059186     
   5.6562424268800129        52.896053377630182     
   5.6722121238400129        53.519286344658717     
   5.6881818208000130        53.973054482327548     
   5.7041515177600131        54.221612568819410     
   5.7201212147200131        54.229215382317051     
   5.7360909116800132        53.960117701003206     
   5.7520606086400132        53.378574303060617     
   5.7680303056000133        52.448839966672040     
   5.7840000025600133        51.135169470020202     
   5.7999696995200134        49.403049344506918     
   5.8159393964800135        47.256040828611297     
   5.8319090934400135        44.742138176442097     
   5.8478787904000136        41.911848571880086     
   5.8638484873600136        38.815679198806038     
   5.8798181843200137        35.504137241100722     
   5.8957878812800137        32.027729882644906     
   5.9117575782400138        28.436964307319368     
   5.9277272752000139        24.782347699004877     
   5.9436969721600139        21.114387241582197     
   5.9596666691200140        17.483590118932092     
   5.9756363660800140        13.940463514935360     
   5.9916060630400141        10.535514613472742     
   6.0075757600000141        7.3192505984250218     
   6.0235454569600142        4.3421786536729670     
   6.0395151539200143        1.6548059630973526     
   6.0554848508800143      -0.69273041073503028     
   6.0714545478400144       -2.6763697346169288     
   6.0874242448000144       -4.3148667894509067     
   6.1033939417600145       -5.6309545772693692     
   6.1193636387200145       -6.6473661001047217     
   6.1353333356800146       -7.3868343599893693     
   6.1513030326400147       -7.8720923589557179     
   6.1672727296000147       -8.1258730990361698     
   6.1832424265600148       -8.1709095822631355     
   6.1992121235200148       -8.0299348106690154     
   6.2151818204800149       -7.7256817862862164     
   6.2311515174400149       -7.2808835111471444     
   6.2471212144000150       -6.7182729872842062     
   6.2630909113600151       -6.0605832167297997     
   6.2790606083200151       -5.3305472015163398     
   6.2950303052800152       -4.5508979436762305     
   6.3110000022400152       -3.7443684452418671     
   6.3269696992000153       -2.9336917082456622     
   6.3429393961600153       -2.1416007347200252     
   6.3589090931200154       -1.3908285266973528     
   6.3748787900800155      -0.70410808621005905     
   6.3908484870400155      -0.10417241529053076     
   6.4068181840000156       0.38902169154914573     
   6.4227878809600156       0.77561555848780639     
   6.4387575779200157        1.0645968634643241     
   6.4547272748800157        1.2649916624272397     
   6.4706969718400158        1.3858260113250949     
   6.4866666688000159        1.4361259661064301     
   6.5026363657600159        1.4249175827197862     
   6.5186060627200160        1.3612269171137048     
   6.5345757596800160        1.2540800252367268     
   6.5505454566400161        1.1125029630373935     
   6.5665151536000161       0.94552178646424490     
   6.5824848505600162       0.76216255146582246     
   6.5984545475200163       0.57145131399066795     
   6.6144242444800163       0.38241412998732238     
   6.6303939414400164       0.20407705540432539     
   6.6463636384000164        4.5466146190220373E-002
   6.6623333353600165       -8.5002821004889692E-002
   6.6783030323200165      -0.18573870131203318     
   6.6942727292800166      -0.25942849338806689     
   6.7102424262400167      -0.30882509346428011     
   6.7262121232000167      -0.33668139777196210     
   6.7421818201600168      -0.34575030254240241     
   6.7581515171200168      -0.33878470400689031     
   6.7741212140800169      -0.31853749839671491     
   6.7900909110400169      -0.28776158194316598     
   6.8060606080000170      -0.24920985087753250     
   6.8220303049600171      -0.20563520143110389     
   6.8380000019200171      -0.15979052983516973     
   6.8539696988800172      -0.11442873232101915     
   6.8699393958400172       -7.2302705119941135E-002
   6.8859090928000173       -3.6165344463225974E-002
   6.9018787897600173       -8.7695465821620230E-003
   6.9178484867200174        7.2503661833876170E-003
   6.9338181836800175        1.1454882582256522E-002
   6.9497878806400175        5.3388644233409660E-003
   6.9657575776000176       -9.5366008546572158E-003
   6.9817272745600176       -3.1610425813036212E-002
   6.9976969715200177       -5.9321523013094221E-002
   7.0136666684800177       -9.1108805016129377E-002
   7.0296363654400178      -0.12541118438343990     
   7.0456060624000179      -0.16066757367632400     
   7.0615757593600179      -0.19531688545607975     
   7.0775454563200180      -0.22779803228400550     
   7.0935151532800180      -0.25654992672139920     
   7.1094848502400181      -0.28001148132955922     
   7.1254545472000181      -0.29662160866978371     
   7.1414242441600182      -0.30481922130337075     
   7.1573939411200183      -0.30304323179161868     
   7.1733636380800183      -0.28973255269582560     
   7.1893333350400184      -0.26332609657728934     
   7.2053030320000184      -0.22226277599730876     
   7.2212727289600185      -0.16498150351718174     
   7.2372424259200185       -8.9921191698206004E-002
   7.2532121228800186        4.4791430910045846E-003
   7.2691818198400187       0.11830057986976387     
   7.2851515168000187       0.24641982907349735     
   7.3011212137600188       0.38257017084995448     
   7.3170909107200188       0.52048488534688464     
   7.3330606076800189       0.65389725271203702     
   7.3490303046400189       0.77654055309316150     
   7.3650000016000190       0.88214806663800727     
   7.3809696985600191       0.96445307349432374     
   7.3969393955200191        1.0171888538098603     
   7.4129090924800192        1.0340886877323667     
   7.4288787894400192        1.0088858554095919     
   7.4448484864000193       0.93531363698928549     
   7.4608181833600193       0.80710531261919682     
   7.4767878803200194       0.61799416244707561     
   7.4927575772800195       0.36171346662067111     
   7.5087272742400195        3.1996505287732201E-002
   7.5246969712000196      -0.37362503161908689     
   7.5406666681600196      -0.83793080473231463     
   7.5566363651200197       -1.3373406555966754     
   7.5726060620800197       -1.8482712590101973     
   7.5885757590400198       -2.3471392897709085     
   7.6045454560000199       -2.8103614226768374     
   7.6205151529600199       -3.2143543325260127     
   7.6364848499200200       -3.5355346941164623     
   7.6524545468800200       -3.7503191822462147     
   7.6684242438400201       -3.8351244717132977     
   7.6843939408000201       -3.7663672373157411     
   7.7003636377600202       -3.5204641538515715     
   7.7163333347200203       -3.0738318961188180     
   7.7323030316800203       -2.4028871389155078     
   7.7482727286400204       -1.4840465570396719     
   7.7642424256000204      -0.29372682528933663     
   7.7802121225600205        1.1874730298338012     
   7.7961818195200205        2.9465047739523937     
   7.8121515164800206        4.9551515049238404     
   7.8281212134400207        7.1851103118972768     
   7.8440909104000207        9.6080782840218397     
   7.8600606073600208        12.195752510446665     
   7.8760303043200208        14.919830080320883     
   7.8920000012800209        17.752008082793640     
   7.9079696982400209        20.663983607014067     
   7.9239393952000210        23.627453742131305     
   7.9399090921600211        26.614115577294484     
   7.9558787891200211        29.595666201652733     
   7.9718484860800212        32.543802704355208     
   7.9878181830400212        35.430222174551027     
   8.0037878800000204        38.226621701389185     
   8.0197575769600196        40.904698374018970     
   8.0357272739200187        43.436149281589543     
   8.0516969708800179        45.792671513250042     
   8.0676666678400171        47.945962158149591     
   8.0836363648000162        49.867718305437343     
   8.0996060617600154        51.529637044262451     
   8.1155757587200146        52.903605926638647     
   8.1315454556800137        53.979011908803763     
   8.1475151526400129        54.776591416146061     
   8.1634848496000121        55.320340094690032     
   8.1794545465600113        55.634253590460190     
   8.1954242435200104        55.742327549481040     
   8.2113939404800096        55.668557617777083     
   8.2273636374400088        55.436939441372822     
   8.2433333344000079        55.071468666292773     
   8.2593030313600071        54.596140938561426     
   8.2752727283200063        54.034951904203304     
   8.2912424252800054        53.411897209242895     
   8.3072121222400046        52.750972499704716     
   8.3231818192000038        52.076173421613269     
   8.3391515161600029        51.411495620993058     
   8.3551212131200021        50.780934743868585     
   8.3710909100800013        50.208469240223351     
   8.3870606070400004        49.710469268028653     
   8.4030303039999996        49.283775864619770     
   8.4190000009599988        48.922140299519548     
   8.4349696979199980        48.619313842250854     
   8.4509393948799971        48.369047762336542     
   8.4669090918399963        48.165093329299481     
   8.4828787887999955        48.001201812662515     
   8.4988484857599946        47.871124481948506     
   8.5148181827199938        47.768612606680314     
   8.5307878796799930        47.687417456380807     
   8.5467575766399921        47.621290300572831     
   8.5627272735999913        47.563982408779246     
   8.5786969705599905        47.509245050522921     
   8.5946666675199896        47.450829495326701     
   8.6106363644799888        47.382487012713455     
   8.6266060614399880        47.297968884384197     
   8.6425757583999872        47.192331532418621     
   8.6585454553599863        47.065525937705786     
   8.6745151523199855        46.918650249785642     
   8.6904848492799847        46.752802618198167     
   8.7064545462399838        46.569081192483317     
   8.7224242431999830        46.368584122181062     
   8.7383939401599822        46.152409556831358     
   8.7543636371199813        45.921655645974177     
   8.7703333340799805        45.677420539149473     
   8.7863030310399797        45.420802385897225     
   8.8022727279999788        45.152899335757382     
   8.8182424249599780        44.874809538269922     
   8.8342121219199772        44.587631142974793     
   8.8501818188799763        44.292462299411973     
   8.8661515158399755        43.990401157121418     
   8.8821212127999747        43.682545865643092     
   8.8980909097599739        43.369994574516959     
   8.9140606067199730        43.053845433282994     
   8.9300303036799722        42.735196591481142     
   8.9460000006399714        42.415146198651385     
   8.9619696975999705        42.094792404333674     
   8.9779393945599697        41.775195832759515     
   8.9939090915199689        41.456616040009621     
   9.0098787884799680        41.138544522763915     
   9.0258484854399672        40.820441857808412     
   9.0418181823999664        40.501768621929138     
   9.0577878793599655        40.181985391912114     
   9.0737575763199647        39.860552744543362     
   9.0897272732799639        39.536931256608909     
   9.1056969702399631        39.210581504894769     
   9.1216666671999622        38.880964066186976     
   9.1376363641599614        38.547539517271538     
   9.1536060611199606        38.209768434934489     
   9.1695757580799597        37.867111395961849     
   9.1855454550399589        37.519028977139648     
   9.2015151519999581        37.164981755253891     
   9.2174848489599572        36.804430307090612     
   9.2334545459199564        36.436840578431074     
   9.2494242428799556        36.061904072085724     
   9.2653939398399547        35.679615428191347     
   9.2813636367999539        35.289990598229707     
   9.2973333337599531        34.893045533682589     
   9.3133030307199522        34.488796186031770     
   9.3292727276799514        34.077258506759023     
   9.3452424246399506        33.658448447346125     
   9.3612121215999498        33.232381959274861     
   9.3771818185599489        32.799074994027002     
   9.3931515155199481        32.358543503084334     
   9.4091212124799473        31.910803437928621     
   9.4250909094399464        31.455870750041651     
   9.4410606063999456        30.993761390905199     
   9.4570303033599448        30.524491312001039     
   9.4730000003199439        30.048076464810951     
   9.4889696972799431        29.564532502537741     
   9.5049393942399423        29.073841713770523     
   9.5209090911999414        28.575923005399158     
   9.5368787881599406        28.070688196145749     
   9.5528484851199398        27.558049104732415     
   9.5688181820799389        27.037917549881264     
   9.5847878790399381        26.510205350314411     
   9.6007575759999373        25.974824324753968     
   9.6167272729599365        25.431686291922048     
   9.6326969699199356        24.880703070540758     
   9.6486666668799348        24.321786479332214     
   9.6646363638399340        23.754848337018529     
   9.6806060607999331        23.179800462321815     
   9.6965757577599323        22.596554673964182     
   9.7125454547199315        22.005022790667745     
   9.7285151516799306        21.405116631154613     
   9.7444848486399298        20.796748014146900     
   9.7604545455999290        20.179828758366718     
   9.7764242425599281        19.554270682536178     
   9.7923939395199273        18.919985605377391     
   9.8083636364799265        18.276885345612477     
   9.8243333334399257        17.624881721963540     
   9.8403030303999248        16.963886553152694     
   9.8562727273599240        16.293811657902054     
   9.8722424243199232        15.614568854933731     
   9.8882121212799223        14.926069962969834     
   9.9041818182399215        14.228226800732479     
   9.9201515151999207        13.520951186943776     
   9.9361212121599198        12.804154940325837     
   9.9520909091199190        12.077749879600777     
   9.9680606060799182        11.341647823490703     
   9.9840303030399173        10.595760590717735     
