   2.0151515199999999        30.530000000000001     
   2.0311212169599999        31.223918152180882     
   2.0470909139200000        31.763339348683463     
   2.0630606108800000        32.148778380875228     
   2.0790303078400001        32.380750040123651     
   2.0950000048000001        32.459769117796213     
   2.1109697017600002        32.393172508507547     
   2.1269393987200003        32.281391560624087     
   2.1429090956800003        32.292188006281584     
   2.1588787926400004        32.594822697697531     
   2.1748484896000004        33.358556487089409     
   2.1908181865600005        34.750523127972599     
   2.2067878835200005        36.673481017988202     
   2.2227575804800006        38.512925566747441     
   2.2387272774400007        39.594387223948004     
   2.2546969744000007        39.243396439287565     
   2.2706666713600008        36.785483662463825     
   2.2866363683200008        31.736188448214612     
   2.3026060652800009        24.734518721735924     
   2.3185757622400009        16.830902189630951     
   2.3345454592000010        9.0763843724493398     
   2.3505151561600011        2.5220107907407296     
   2.3664848531200011       -1.8155478043531070     
   2.3824545500800012       -3.7305626353612173     
   2.3984242470400012       -3.8397003550162290     
   2.4143939440000013       -2.7962932180114288     
   2.4303636409600013       -1.2536734790400981     
   2.4463333379200014       0.13505134482711062     
   2.4623030348800015       0.90580417615167441     
   2.4782727318400015        1.1270326272769435     
   2.4942424288000016       0.96028056712331122     
   2.5102121257600016       0.56709186461117123     
   2.5261818227200017       0.10901038866091764     
   2.5421515196800017      -0.26292893353757507     
   2.5581212166400018      -0.49166090115801703     
   2.5740909136000019      -0.56958661483606365     
   2.5900606105600019      -0.48954940029342858     
   2.6060303075200020      -0.24439258325182595     
   2.6220000044800020       0.17143348082903498     
   2.6379697014400021       0.68615397054720062     
   2.6539393984000021        1.1179956508949660     
   2.6699090953600022        1.2767879230316443     
   2.6858787923200023       0.97236018811654990     
   2.7018484892800023        1.4541847308995354E-002
   2.7178181862400024       -1.6345740860076399     
   2.7337878832000024       -3.3838723080245670     
   2.7497575801600025       -4.4798274039201109     
   2.7657272771200025       -4.1689137633562110     
   2.7816969740800026       -1.6976057759948069     
   2.7976666710400027        3.6128066382054946     
   2.8136363680000027        11.376840763700223     
   2.8296060649600028        20.417174198324894     
   2.8455757619200028        29.537636164757227     
   2.8615454588800029        37.542055885674927     
   2.8775151558400029        43.238576410239538     
   2.8934848528000030        46.034234699857286     
   2.9094545497600031        46.543064038659075     
   2.9254242467200031        45.524097053286063     
   2.9413939436800032        43.736366370379379     
   2.9573636406400032        41.938904616580160     
   2.9733333376000033        40.788526691054429     
   2.9893030345600033        40.317218745180583     
   3.0052727315200034        40.320942546817022     
   3.0212424284800035        40.595221248608929     
   3.0372121254400035        40.935578003201492     
   3.0531818224000036        41.142428256825816     
   3.0691515193600036        41.137713489863707     
   3.0851212163200037        40.970124019236913     
   3.1010909132800037        40.694287595760571     
   3.1170606102400038        40.364831970249831     
   3.1330303072000039        40.036370586311548     
   3.1490000041600039        39.747940378852043     
   3.1649697011200040        39.493301729346143     
   3.1809393980800040        39.258034431390968     
   3.1969090950400041        39.027718278583613     
   3.2128787920000041        38.787933064521198     
   3.2288484889600042        38.525447308388465     
   3.2448181859200043        38.238051917369106     
   3.2607878828800043        37.929513074386904     
   3.2767575798400044        37.603656033371180     
   3.2927272768000044        37.264306048251235     
   3.3086969737600045        36.915253330098707     
   3.3246666707200045        36.558477661837621     
   3.3406363676800046        36.193308876005069     
   3.3566060646400047        35.818866180623715     
   3.3725757616000047        35.434268783716234     
   3.3885454585600048        35.038635893305276     
   3.4045151555200048        34.631297647382219     
   3.4204848524800049        34.212484146760460     
   3.4364545494400049        33.782665468493192     
   3.4524242464000050        33.342311691872780     
   3.4683939433600051        32.891892896191600     
   3.4843636403200051        32.431853783316150     
   3.5003333372800052        31.962262549782501     
   3.5163030342400052        31.482899193716484     
   3.5322727312000053        30.993536393671810     
   3.5482424281600053        30.493946828202208     
   3.5642121251200054        29.983905195746743     
   3.5801818220800055        29.463501248756550     
   3.5961515190400055        28.933478867854063     
   3.6121212160000056        28.394663341123728     
   3.6280909129600056        27.847879956649994     
   3.6440606099200057        27.293954002517314     
   3.6600303068800057        26.733627975993844     
   3.6760000038400058        26.167121088477415     
   3.6919697008000059        25.594448685980336     
   3.7079393977600059        25.015625653744276     
   3.7239090947200060        24.430666877010911     
   3.7398787916800060        23.839591805239891     
   3.7558484886400061        23.242539405673938     
   3.7718181856000061        22.639776847285102     
   3.7877878825600062        22.031577602731591     
   3.8037575795200063        21.418215144671613     
   3.8197272764800063        20.799962970247194     
   3.8356969734400064        20.177130119735224     
   3.8516666704000064        19.550132247363607     
   3.8676363673600065        18.919404913532585     
   3.8836060643200065        18.285383678642400     
   3.8995757612800066        17.648504103093298     
   3.9155454582400067        17.009193353068376     
   3.9315151552000067        16.367797853458232     
   3.9474848521600068        15.724618959104451     
   3.9634545491200068        15.079957534310555     
   3.9794242460800069        14.434114443380079     
   3.9953939430400069        13.787390486519092     
   4.0113636400000070        13.140082899822842     
   4.0273333369600071        12.492483551196887     
   4.0433030339200071        11.844883864550761     
   4.0592727308800072        11.197575263793993     
   4.0752424278400072        10.550849172836113     
   4.0912121248000073        9.9050230656632170     
   4.1071818217600073        9.2605292112442132     
   4.1231515187200074        8.6178314898411728     
   4.1391212156800075        7.9773937826809833     
   4.1550909126400075        7.3396799709905354     
   4.1710606096000076        6.7051437920602286     
   4.1870303065600076        6.0740819060441913     
   4.2030000035200077        5.4466672887939671     
   4.2189697004800077        4.8230695706112865     
   4.2349393974400078        4.2034583817978817     
   4.2509090944000079        3.5880024577284257     
   4.2668787913600079        2.9767127026522062     
   4.2828484883200080        2.3692623843776439     
   4.2988181852800080        1.7652812530301059     
   4.3147878822400081        1.1643990587349604     
   4.3307575792000081       0.56624555161757462     
   4.3467272761600082       -2.9232305527459534E-002
   4.3626969731200083      -0.62001402931623639     
   4.3786666700800083       -1.2032461123105218     
   4.3946363670400084       -1.7760727910860428     
   4.4106060640000084       -2.3356383022185243     
   4.4265757609600085       -2.8793032946497950     
   4.4425454579200085       -3.4104096542254219     
   4.4585151548800086       -3.9388977766173392     
   4.4744848518400087       -4.4750482978914894     
   4.4904545488000087       -5.0291418541138153     
   4.5064242457600088       -5.6114538900680779     
   4.5223939427200088       -6.2218341301733844     
   4.5383636396800089       -6.8278564824254389     
   4.5543333366400089       -7.3908680804886950     
   4.5703030336000090       -7.8722160580276039     
   4.5862727305600091       -8.2332475487066183     
   4.6022424275200091       -8.4461871376908046     
   4.6182121244800092       -8.5918346243918293     
   4.6341818214400092       -8.8133899933209054     
   4.6501515184000093       -9.2547979352086873     
   4.6661212153600093       -10.060003140785829     
   4.6820909123200094       -11.368746160979754     
   4.6980606092800095       -13.068519158524808     
   4.7140303062400095       -14.655829294456689     
   4.7300000032000096       -15.593550611385467     
   4.7459697001600096       -15.344557151921215     
   4.7619393971200097       -13.371722958674004     
   4.7779090940800097       -9.3353202675622065     
   4.7938787910400098       -3.7940853754486010     
   4.8098484880000099        2.4377603215641166     
   4.8258181849600099        8.5459775072241673     
   4.8417878819200100        13.716326865279767     
   4.8577575788800100        17.177203520585966     
   4.8737272758400101        18.846529597949445     
   4.8896969728000101        19.200714629341473     
   4.9056666697600102        18.732229146485707     
   4.9216363667200103        17.933543681105814     
   4.9376060636800103        17.296241087369900     
   4.9535757606400104        17.133633091486590     
   4.9695454576000104        17.366047997260040     
   4.9855151545600105        17.861371308416551     
   5.0014848515200105        18.487488528682444     
   5.0174545484800106        19.112285161784023     
   5.0334242454400107        19.619511955361354     
   5.0493939424000107        20.000193134635001     
   5.0653636393600108        20.289787807406185     
   5.0813333363200108        20.523897423349801     
   5.0973030332800109        20.738123432140753     
   5.1132727302400109        20.967368693227449     
   5.1292424272000110        21.226131063975316     
   5.1452121241600111        21.505756133058188     
   5.1611818211200111        21.796338696036880     
   5.1771515180800112        22.087973548472206     
   5.1931212150400112        22.370756503012839     
   5.2090909120000113        22.637744541355424     
   5.2250606089600113        22.891457050125357     
   5.2410303059200114        23.136299469539036     
   5.2570000028800115        23.376677239812839     
   5.2729696998400115        23.616995801163160     
   5.2889393968000116        23.860970808611459     
   5.3049090937600116        24.105169992891767     
   5.3208787907200117        24.341931944636300     
   5.3368484876800117        24.563540116904683     
   5.3528181846400118        24.762277962756517     
   5.3687878816000119        24.930531935677696     
   5.3847575785600119        25.067375359661856     
   5.4007272755200120        25.182548651133626     
   5.4166969724800120        25.286746108174857     
   5.4326666694400121        25.390662028867411     
   5.4486363664000121        25.504990711293136     
   5.4646060633600122        25.640426453533895     
   5.4805757603200123        25.807663553671539     
   5.4965454572800123        26.017396309787927     
   5.5125151542400124        26.280319019964914     
   5.5284848512000124        26.607125982284355     
   5.5444545481600125        27.007544358161610     
   5.5604242451200125        27.474952749879840     
   5.5763939420800126        27.989109548528386     
   5.5923636390400127        28.529357386963493     
   5.6083333360000127        29.075038898041406     
   5.6243030329600128        29.605496714618358     
   5.6402727299200128        30.100073469550598     
   5.6562424268800129        30.538111795694366     
   5.6722121238400129        30.898954325905905     
   5.6881818208000130        31.161943693041454     
   5.7041515177600131        31.306422529957260     
   5.7201212147200131        31.311733469509555     
   5.7360909116800132        31.157219144554592     
   5.7520606086400132        30.822222187948608     
   5.7680303056000133        30.286085232547840     
   5.7840000025600133        29.528150911208542     
   5.7999696995200134        28.528473497388678     
   5.8159393964800135        27.289104777551245     
   5.8319090934400135        25.837767539046538     
   5.8478787904000136        24.203636404566055     
   5.8638484873600136        22.415885996801286     
   5.8798181843200137        20.503690938443725     
   5.8957878812800137        18.496225852184860     
   5.9117575782400138        16.422665360716188     
   5.9277272752000139        14.312184086729200     
   5.9436969721600139        12.193956652915393     
   5.9596666691200140        10.097157681966252     
   5.9756363660800140        8.0509617965732794     
   5.9916060630400141        6.0845436194279614     
   6.0075757600000141        4.2270777732217937     
   6.0235454569600142        2.5077388806462650     
   6.0395151539200143       0.95570156439287146     
   6.0554848508800143      -0.40007333542591822     
   6.0714545478400144       -1.5456867023319971     
   6.0874242448000144       -2.4919697195720212     
   6.1033939417600145       -3.2520513963783499     
   6.1193636387200145       -3.8390607419833440     
   6.1353333356800146       -4.2661267656193615     
   6.1513030326400147       -4.5463784765187638     
   6.1672727296000147       -4.6929448839139098     
   6.1832424265600148       -4.7189549970371596     
   6.1992121235200148       -4.6375378251208730     
   6.2151818204800149       -4.4618223773974099     
   6.2311515174400149       -4.2049376630991286     
   6.2471212144000150       -3.8800126914583899     
   6.2630909113600151       -3.5001764717075545     
   6.2790606083200151       -3.0785580130789851     
   6.2950303052800152       -2.6282863248050305     
   6.3110000022400152       -2.1624904161180636     
   6.3269696992000153       -1.6942992962504335     
   6.3429393961600153       -1.2368419744345074     
   6.3589090931200154      -0.80324745990264546     
   6.3748787900800155      -0.40664476188719434     
   6.3908484870400155       -6.0162889620531471E-002
   6.4068181840000156       0.22467249104709550     
   6.4227878809600156       0.44794298258373860     
   6.4387575779200157       0.61483922295029214     
   6.4547272748800157       0.73057401456307525     
   6.4706969718400158       0.80036015983840703     
   6.4866666688000159       0.82941046119260642     
   6.5026363657600159       0.82293772104199214     
   6.5186060627200160       0.78615474180288347     
   6.5345757596800160       0.72427432589159935     
   6.5505454566400161       0.64250927572445904     
   6.5665151536000161       0.54607239371778116     
   6.5824848505600162       0.44017648228788525     
   6.5984545475200163       0.33003434385108965     
   6.6144242444800163       0.22085878082371294     
   6.6303939414400164       0.11786259562207645     
   6.6463636384000164        2.6258590662496833E-002
   6.6623333353600165       -4.9092880599063804E-002
   6.6783030323200165      -0.10727283119611515     
   6.6942727292800166      -0.14983299083533613     
   6.7102424262400167      -0.17836314644025295     
   6.7262121232000167      -0.19445308493439181     
   6.7421818201600168      -0.19969259324127880     
   6.7581515171200168      -0.19567145828444013     
   6.7741212140800169      -0.18397946698740206     
   6.7900909110400169      -0.16620640627369063     
   6.8060606080000170      -0.14394206306683222     
   6.8220303049600171      -0.11877622429035285     
   6.8380000019200171       -9.2298676867778567E-002
   6.8539696988800172       -6.6099207722635958E-002
   6.8699393958400172       -4.1767603778450846E-002
   6.8859090928000173       -2.0893651958749614E-002
   6.9018787897600173       -5.0671391870580019E-003
   6.9178484867200174        4.1906183453066324E-003
   6.9338181836800175        6.6257025267955957E-003
   6.9497878806400175        3.1012028619151108E-003
   6.9657575776000176       -5.4815490216319354E-003
   6.9817272745600176       -1.8221221496142654E-002
   6.9976969715200177       -3.4216482933914154E-002
   7.0136666684800177       -5.2566001707243570E-002
   7.0296363654400178       -7.2368446188427929E-002
   7.0456060624000179       -9.2722484749764467E-002
   7.0615757593600179      -0.11272678576355025     
   7.0775454563200180      -0.13148001760208236     
   7.0935151532800180      -0.14808084863765786     
   7.1094848502400181      -0.16162794724257401     
   7.1254545472000181      -0.17121998178912781     
   7.1414242441600182      -0.17595562064961640     
   7.1573939411200183      -0.17493353219633689     
   7.1733636380800183      -0.16725238480158633     
   7.1893333350400184      -0.15201084683766197     
   7.2053030320000184      -0.12830758667686085     
   7.2212727289600185       -9.5241272691480125E-002
   7.2372424259200185       -5.1910573253816830E-002
   7.2532121228800186        2.5857833326165466E-003
   7.2691818198400187        6.8294673461304800E-002
   7.2851515168000187       0.14225832847166053     
   7.3011212137600188       0.22085884157045521     
   7.3170909107200188       0.30047830596446023     
   7.3330606076800189       0.37749881486044706     
   7.3490303046400189       0.44830246146518732     
   7.3650000016000190       0.50927133898545229     
   7.3809696985600191       0.55678754062801339     
   7.3969393955200191       0.58723315959964228     
   7.4129090924800192       0.59699028910711038     
   7.4288787894400192       0.58244102235718886     
   7.4448484864000193       0.53996745255664957     
   7.4608181833600193       0.46595167291226380     
   7.4767878803200194       0.35677577663080301     
   7.4927575772800195       0.20882185691903868     
   7.5087272742400195        1.8472006983742326E-002
   7.5246969712000196      -0.21569879576556950     
   7.5406666681600196      -0.48374899401780735     
   7.5566363651200197      -0.77206540270192114     
   7.5726060620800197       -1.0670330085321078     
   7.5885757590400198       -1.3550367982225642     
   7.6045454560000199       -1.6224617584874879     
   7.6205151529600199       -1.8556928760410754     
   7.6364848499200200       -2.0411151375975232     
   7.6524545468800200       -2.1651135298710300     
   7.6684242438400201       -2.2140730395757915     
   7.6843939408000201       -2.1743786534260052     
   7.7003636377600202       -2.0324153581358675     
   7.7163333347200203       -1.7745681404195770     
   7.7323030316800203       -1.3872219869913289     
   7.7482727286400204      -0.85676188456532043     
   7.7642424256000204      -0.16957281985575104     
   7.7802121225600205       0.68554578811442024     
   7.7961818195200205        1.7010618977596261     
   7.8121515164800206        2.8606867382356791     
   7.8281212134400207        4.1480818866799138     
   7.8440909104000207        5.5469089202296651     
   7.8600606073600208        7.0408294160222669     
   7.8760303043200208        8.6135049511950559     
   7.8920000012800209        10.248597102885364     
   7.9079696982400209        11.929767448230528     
   7.9239393952000210        13.640677564367881     
   7.9399090921600211        15.364989028434758     
   7.9558787891200211        17.086363417568496     
   7.9718484860800212        18.788462308906425     
   7.9878181830400212        20.454947279585888     
   8.0037878800000204        22.069479906744121     
   8.0197575769600196        23.615721767518558     
   8.0357272739200187        25.077334439046542     
   8.0516969708800179        26.437979498465410     
   8.0676666678400171        27.681318522912491     
   8.0836363648000162        28.791013089525133     
   8.0996060617600154        29.750724775440666     
   8.1155757587200146        30.544225091706764     
   8.1315454556800137        31.165386090170855     
   8.1475151526400129        31.626174529685837     
   8.1634848496000121        31.940438369778079     
   8.1794545465600113        32.122025569973957     
   8.1954242435200104        32.184784089799841     
   8.2113939404800096        32.142561888782119     
   8.2273636374400088        32.009206926447149     
   8.2433333344000079        31.798567162321319     
   8.2593030313600071        31.524490555930999     
   8.2752727283200063        31.200825066802565     
   8.2912424252800054        30.841418654462387     
   8.3072121222400046        30.460119278436846     
   8.3231818192000038        30.070774898252314     
   8.3391515161600029        29.687233473435164     
   8.3551212131200021        29.323342963511777     
   8.3710909100800013        28.992941405086963     
   8.3870606070400004        28.705476493710051     
   8.4030303039999996        28.459126707086394     
   8.4190000009599988        28.250287582090859     
   8.4349696979199980        28.075354655598321     
   8.4509393948799971        27.930723464483652     
   8.4669090918399963        27.812789545621722     
   8.4828787887999955        27.717948435887408     
   8.4988484857599946        27.642595672155576     
   8.5148181827199938        27.583126791301101     
   8.5307878796799930        27.535937330198855     
   8.5467575766399921        27.497422825723707     
   8.5627272735999913        27.463978814750529     
   8.5786969705599905        27.432000834154199     
   8.5946666675199896        27.397884420809582     
   8.6106363644799888        27.358025111591552     
   8.6266060614399880        27.308818450405347     
   8.6425757583999872        27.247413429212195     
   8.6585454553599863        27.173784633204612     
   8.6745151523199855        27.088568899700672     
   8.6904848492799847        26.992403066018451     
   8.7064545462399838        26.885923969476021     
   8.7224242431999830        26.769768447391460     
   8.7383939401599822        26.644573337082839     
   8.7543636371199813        26.510975475868232     
   8.7703333340799805        26.369611701065711     
   8.7863030310399797        26.221118849993356     
   8.8022727279999788        26.066133759969233     
   8.8182424249599780        25.905293268311425     
   8.8342121219199772        25.739234212337998     
   8.8501818188799763        25.568593429367031     
   8.8661515158399755        25.394007756716597     
   8.8821212127999747        25.216114031704766     
   8.8980909097599739        25.035549091649621     
   8.9140606067199730        24.852949773869224     
   8.9300303036799722        24.668952915681658     
   8.9460000006399714        24.484195354404996     
   8.9619696975999705        24.299313927357311     
   8.9779393945599697        24.114923588457994     
   8.9939090915199689        23.931172137739452     
   9.0098787884799680        23.747759470852667     
   9.0258484854399672        23.564367452088128     
   9.0418181823999664        23.380677945736323     
   9.0577878793599655        23.196372816087734     
   9.0737575763199647        23.011133927432848     
   9.0897272732799639        22.824643144062151     
   9.1056969702399631        22.636582330266126     
   9.1216666671999622        22.446633350335265     
   9.1376363641599614        22.254478068560047     
   9.1536060611199606        22.059798349230963     
   9.1695757580799597        21.862276056638493     
   9.1855454550399589        21.661593055073126     
   9.2015151519999581        21.457431208825351     
   9.2174848489599572        21.249472382185647     
   9.2334545459199564        21.037401636301897     
   9.2494242428799556        20.821038335599390     
   9.2653939398399547        20.600382341367425     
   9.2813636367999539        20.375446204295812     
   9.2973333337599531        20.146242475074359     
   9.3133030307199522        19.912783704392876     
   9.3292727276799514        19.675082442941171     
   9.3452424246399506        19.433151241409050     
   9.3612121215999498        19.187002650486328     
   9.3771818185599489        18.936649220862812     
   9.3931515155199481        18.682103503228305     
   9.4091212124799473        18.423378048272621     
   9.4250909094399464        18.160485406685567     
   9.4410606063999456        17.893438129156952     
   9.4570303033599448        17.622248766376586     
   9.4730000003199439        17.346929869034277     
   9.4889696972799431        17.067493810215776     
   9.5049393942399423        16.783933096736277     
   9.5209090911999414        16.496202496086390     
   9.5368787881599406        16.204252555253543     
   9.5528484851199398        15.908033821225160     
   9.5688181820799389        15.607496840988674     
   9.5847878790399381        15.302592161531511     
   9.6007575759999373        14.993270329841097     
   9.6167272729599365        14.679481892904864     
   9.6326969699199356        14.361177397710239     
   9.6486666668799348        14.038307391244649     
   9.6646363638399340        13.710822420495521     
   9.6806060607999331        13.378673032450287     
   9.6965757577599323        13.041809774096373     
   9.7125454547199315        12.700183192421207     
   9.7285151516799306        12.353743834412217     
   9.7444848486399298        12.002442247056834     
   9.7604545455999290        11.646228977342481     
   9.7764242425599281        11.285054572256591     
   9.7923939395199273        10.918869578786589     
   9.8083636364799265        10.547624543919905     
   9.8243333334399257        10.171270014643966     
   9.8403030303999248        9.7897565379462002     
   9.8562727273599240        9.4030346608140363     
   9.8722424243199232        9.0110549302349021     
   9.8882121212799223        8.6137678931962292     
   9.9041818182399215        8.2111240966854382     
   9.9201515151999207        7.8030740876899642     
   9.9361212121599198        7.3895684131972317     
   9.9520909091199190        6.9705576201946702     
   9.9680606060799182        6.5459922556697094     
   9.9840303030399173        6.1158228666097756     
