   2.0151515199999999        85.099999999999994     
   2.0311212169599999        84.710008834054818     
   2.0470909139200000        84.315108165788018     
   2.0630606108800000        83.916391917687605     
   2.0790303078400001        83.514954012241560     
   2.0950000048000001        83.111888371937852     
   2.1109697017600002        82.708356865448209     
   2.1269393987200003        82.306448555394581     
   2.1429090956800003        81.908923095631650     
   2.1588787926400004        81.518555070818394     
   2.1748484896000004        81.138119065613765     
   2.1908181865600005        80.770368479386235     
   2.2067878835200005        80.415423609093907     
   2.2227575804800006        80.068252961294263     
   2.2387272774400007        79.723227808812609     
   2.2546969744000007        79.374719424474264     
   2.2706666713600008        79.017099081104519     
   2.2866363683200008        78.645745980758690     
   2.3026060652800009        78.261998916793573     
   2.3185757622400009        77.869379114946739     
   2.3345454592000010        77.471411078234155     
   2.3505151561600011        77.071619309671831     
   2.3664848531200011        76.673434365888625     
   2.3824545500800012        76.278070495741957     
   2.3984242470400012        75.884494337973663     
   2.4143939440000013        75.491572324083634     
   2.4303636409600013        75.098170885571761     
   2.4463333379200014        74.703156619136237     
   2.4623030348800015        74.305535072471500     
   2.4782727318400015        73.904703237296886     
   2.4942424288000016        73.500126537789612     
   2.5102121257600016        73.091270398126852     
   2.5261818227200017        72.677600242485852     
   2.5421515196800017        72.258735471486020     
   2.5581212166400018        71.835672325062902     
   2.5740909136000019        71.410131820708656     
   2.5900606105600019        70.983841455373351     
   2.6060303075200020        70.558528726007054     
   2.6220000044800020        70.135842562232313     
   2.6379697014400021        69.713651517680091     
   2.6539393984000021        69.284446347934605     
   2.6699090953600022        68.840307263324547     
   2.6858787923200023        68.373314474178642     
   2.7018484892800023        67.875548190825555     
   2.7178181862400024        67.343267965645950     
   2.7337878832000024        66.789998797909391     
   2.7497575801600025        66.233723530730785     
   2.7657272771200025        65.692425012591542     
   2.7816969740800026        65.184086091973086     
   2.7976666710400027        64.722343198230817     
   2.8136363680000027        64.259008325309736     
   2.8296060649600028        63.699891425265612     
   2.8455757619200028        62.949707451054977     
   2.8615454588800029        61.913171355634368     
   2.8775151558400029        60.494943057356849     
   2.8934848528000030        58.592041951917047     
   2.9094545497600031        56.086088910222692     
   2.9254242467200031        52.856854941729864     
   2.9413939436800032        48.784111055894613     
   2.9573636406400032        43.747628262173009     
   2.9733333376000033        37.708843515470328     
   2.9893030345600033        31.128395148890551     
   3.0052727315200034        24.655491080338095     
   3.0212424284800035        18.939689655446109     
   3.0372121254400035        14.630549219847751     
   3.0531818224000036        12.353712712470191     
   3.0691515193600036        12.140757225406123     
   3.0851212163200037        13.403662943463328     
   3.1010909132800037        15.525385598223956     
   3.1170606102400038        17.888880921270150     
   3.1330303072000039        19.877275166951211     
   3.1490000041600039        21.059345718446426     
   3.1649697011200040        21.543505856533727     
   3.1809393980800040        21.535670516770686     
   3.1969090950400041        21.241754634714876     
   3.2128787920000041        20.867673145923863     
   3.2288484889600042        20.602726923287541     
   3.2448181859200043        20.482163922131207     
   3.2607878828800043        20.457719463212094     
   3.2767575798400044        20.480303269355154     
   3.2927272768000044        20.500825063385328     
   3.3086969737600045        20.470704592898329     
   3.3246666707200045        20.367711146098614     
   3.3406363676800046        20.208182222485398     
   3.3566060646400047        20.011520816978642     
   3.3725757616000047        19.797129924498314     
   3.3885454585600048        19.584412539964376     
   3.4045151555200048        19.386614804114078     
   3.4204848524800049        19.190713760412685     
   3.4364545494400049        18.976681763875291     
   3.4524242464000050        18.724491104156776     
   3.4683939433600051        18.414114070912021     
   3.4843636403200051        18.028643447560913     
   3.5003333372800052        17.597468381128106     
   3.5163030342400052        17.185415865897227     
   3.5322727312000053        16.858212935391830     
   3.5482424281600053        16.681586623135480     
   3.5642121251200054        16.720676952321210     
   3.5801818220800055        16.949064313610261     
   3.5961515190400055        17.150229201470857     
   3.6121212160000056        17.083993826322757     
   3.6280909129600056        16.510180398585725     
   3.6440606099200057        15.188611128679518     
   3.6600303068800057        12.944076500304737     
   3.6760000038400058        10.012004081707445     
   3.6919697008000059        6.7878003213143501     
   3.7079393977600059        3.6672332471785118     
   3.7239090947200060        1.0460708873529931     
   3.7398787916800060      -0.69149860466881330     
   3.7558484886400061       -1.4645155673746364     
   3.7718181856000061       -1.5172808658602419     
   3.7877878825600062       -1.1100884433762424     
   3.8037575795200063      -0.50323224317325288     
   3.8197272764800063        4.3043644922087010E-002
   3.8356969734400064       0.34086728270276923     
   3.8516666704000064       0.41945172063852226     
   3.8676363673600065       0.34854252070887498     
   3.8836060643200065       0.19788524489335568     
   3.8995757612800066        3.7225455171493144E-002
   3.9155454582400067       -6.9202453888423485E-002
   3.9315151552000067      -0.11017424605552315     
   3.9474848521600068      -0.10405612588884060     
   3.9634545491200068       -6.9536357439346913E-002
   3.9794242460800069       -2.5303204758013169E-002
   3.9953939430400069        1.0115955304565582E-002
   4.0113636400000070        2.7139807701851044E-002
   4.0273333369600071        2.9661409824834617E-002
   4.0433030339200071        2.2688266994514362E-002
   4.0592727308800072        1.1227884531888353E-002
   4.0752424278400072        2.8776775795467892E-004
   4.0912121248000073       -6.0836487879839798E-003
   4.1071818217600073       -8.0642718455769535E-003
   4.1231515187200074       -6.9958230693669115E-003
   4.1391212156800075       -4.2200596351744816E-003
   4.1550909126400075       -1.0787387188203172E-003
   4.1710606096000076        1.1450320187268888E-003
   4.1870303065600076        2.0763227078978170E-003
   4.2030000035200077        2.0553128796308349E-003
   4.2189697004800077        1.4415251348342069E-003
   4.2349393974400078        5.9448207441620141E-004
   4.2509090944000079       -1.2704934598760105E-004
   4.2668787913600079       -4.9756928195690607E-004
   4.2828484883200080       -5.7666635311546242E-004
   4.2988181852800080       -4.6067399664476090E-004
   4.3147878822400081       -2.4592564972629216E-004
   4.3307575792000081       -2.8754749541547132E-005
   4.3467272761600082        1.0651569212093102E-004
   4.3626969731200083        1.5407107992282079E-004
   4.3786666700800083        1.3963708858978310E-004
   4.3946363670400084        8.9024809839458751E-005
   4.4106060640000084        2.8045335389488354E-005
   4.4265757609600085       -1.8029314147811625E-005
   4.4425454579200085       -3.8826044903514023E-005
   4.4585151548800086       -4.0408282093412069E-005
   4.4744848518400087       -2.9686970733478271E-005
   4.4904545488000087       -1.3573055839685137E-005
   4.5064242457600088        1.0234451709902732E-006
   4.5223939427200088        9.0554241579144602E-006
   4.5383636396800089        1.1242944524839624E-005
   4.5543333366400089        9.4186945357355595E-006
   4.5703030336000090        5.4153624545720668E-006
   4.5862727305600091        1.0656365453189413E-006
   4.6022424275200091       -1.9319774882437705E-006
   4.6182121244800092       -3.2183410008732823E-006
   4.6341818214400092       -3.2040743844044504E-006
   4.6501515184000093       -2.3089846114726419E-006
   4.6661212153600093       -9.5287865471322809E-007
   4.6820909123200094        4.4608062955746075E-007
   4.6980606092800095        1.5683773641650117E-006
   4.7140303062400095        2.2473984896047381E-006
   4.7300000032000096        2.3296838769241619E-006
   4.7459697001600096        1.6617733971708062E-006
   4.7619393971200097        9.0206921392193327E-008
   4.7779090940800097       -2.3650711337047338E-006
   4.7938787910400098       -4.8948601294168072E-006
   4.8098484880000099       -6.4655284086309929E-006
   4.8258181849600099       -6.0434285722699641E-006
   4.8417878819200100       -2.5949132212563896E-006
   4.8577575788800100        4.7500462914199324E-006
   4.8737272758400101        1.4215271829713424E-005
   4.8896969728000101        2.1881270833061743E-005
   4.9056666697600102        2.3766913232160387E-005
   4.9216363667200103        1.5891068957704880E-005
   4.9376060636800103       -5.7005706491751823E-006
   4.9535757606400104       -3.9575805304324418E-005
   4.9695454576000104       -7.2428337423188869E-005
   4.9855151545600105       -8.9367296446050528E-005
   5.0014848515200105       -7.5501811813191372E-005
   5.0174545484800106       -1.5941012964893399E-005
   5.0334242454400107        9.7539491458022582E-005
   5.0493939424000107        2.2808842861772426E-004
   5.0653636393600108        3.2018325770768503E-004
   5.0813333363200108        3.1824162672998473E-004
   5.0973030332800109        1.6668118368670339E-004
   5.1132727302400109       -1.8604268763505085E-004
   5.1292424272000110       -6.7353707157260362E-004
   5.1452121241600111       -1.0955927746848250E-003
   5.1611818211200111       -1.2447712265358714E-003
   5.1771515180800112       -9.1363385668989943E-004
   5.1931212150400112        1.0518814015848493E-004
   5.2090909120000113        1.8159480324155238E-003
   5.2250606089600113        3.5738441286649971E-003
   5.2410303059200114        4.6047046199639043E-003
   5.2570000028800115        4.1343576973692430E-003
   5.2729696998400115        1.3886315519380098E-003
   5.2889393968000116       -4.1981836392761774E-003
   5.3049090937600116       -1.1031602752046388E-002
   5.3208787907200117       -1.6239039956060998E-002
   5.3368484876800117       -1.6931246135142582E-002
   5.3528181846400118       -1.0218972173113695E-002
   5.3687878816000119        6.7462245873710046E-003
   5.3847575785600119        3.4163598679193129E-002
   5.4007272755200120        6.8006341851765226E-002
   5.4166969724800120       0.10386973933521708     
   5.4326666694400121       0.13734907635967841     
   5.4486363664000121       0.16403963815527903     
   5.4646060633600122       0.17953670995214863     
   5.4805757603200123       0.17943557698041701     
   5.4965454572800123       0.15933152447021393     
   5.5125151542400124       0.11481983765166913     
   5.5284848512000124        4.1495801754912409E-002
   5.5444545481600125       -6.4634043058570206E-002
   5.5604242451200125      -0.20061126885733785     
   5.5763939420800126      -0.35768573365999712     
   5.5923636390400127      -0.52693050286675869     
   5.6083333360000127      -0.69941864187783354     
   5.6243030329600128      -0.86622321609343222     
   5.6402727299200128       -1.0184172909137659     
   5.6562424268800129       -1.1470739317390448     
   5.6722121238400129       -1.2432662039694804     
   5.6881818208000130       -1.2980671730052833     
   5.7041515177600131       -1.3025499042466639     
   5.7201212147200131       -1.2477874630938335     
   5.7360909116800132       -1.1248529149470023     
   5.7520606086400132      -0.92481932520638221     
   5.7680303056000133      -0.63875975927218265     
   5.7840000025600133      -0.25774728254461587     
   5.7999696995200134       0.22682070405239796     
   5.8159393964800135       0.81352126861281293     
   5.8319090934400135        1.4892317286870074     
   5.8478787904000136        2.2401677170162282     
   5.8638484873600136        3.0525448663417203     
   5.8798181843200137        3.9125788094047325     
   5.8957878812800137        4.8064851789465086     
   5.9117575782400138        5.7204796077082971     
   5.9277272752000139        6.6407777284313436     
   5.9436969721600139        7.5535951738568938     
   5.9596666691200140        8.4451475767261961     
   5.9756363660800140        9.3016505697804952     
   5.9916060630400141        10.109319785761038     
   6.0075757600000141        10.854370857409071     
   6.0235454569600142        11.523019417465839     
   6.0395151539200143        12.101481098672595     
   6.0554848508800143        12.576077086071178     
   6.0714545478400144        12.940565090111017     
   6.0874242448000144        13.200913077298859     
   6.1033939417600145        13.364223535112609     
   6.1193636387200145        13.437598951030170     
   6.1353333356800146        13.428141812529443     
   6.1513030326400147        13.342954607088334     
   6.1672727296000147        13.189139822184741     
   6.1832424265600148        12.973799945296570     
   6.1992121235200148        12.704037463901722     
   6.2151818204800149        12.386954865478101     
   6.2311515174400149        12.029654637503608     
   6.2471212144000150        11.639239267456146     
   6.2630909113600151        11.222811242813618     
   6.2790606083200151        10.787473051053929     
   6.2950303052800152        10.340327179654979     
   6.3110000022400152        9.8884761160946706     
   6.3269696992000153        9.4390223478509050     
   6.3429393961600153        8.9990683624015890     
   6.3589090931200154        8.5757166472246240     
   6.3748787900800155        8.1760696897979095     
   6.3908484870400155        7.8072299775993503     
   6.4068181840000156        7.4754293952182733     
   6.4227878809600156        7.1805971715314865     
   6.4387575779200157        6.9198883691906730     
   6.4547272748800157        6.6904460157219638     
   6.4706969718400158        6.4894131386514884     
   6.4866666688000159        6.3139327655053776     
   6.5026363657600159        6.1611479238097617     
   6.5186060627200160        6.0282016410907699     
   6.5345757596800160        5.9122369448745333     
   6.5505454566400161        5.8103968626871811     
   6.5665151536000161        5.7198244220548453     
   6.5824848505600162        5.6376626505036533     
   6.5984545475200163        5.5610545755597371     
   6.6144242444800163        5.4871432247492260     
   6.6303939414400164        5.4130716255982509     
   6.6463636384000164        5.3359828056329413     
   6.6623333353600165        5.2532033750018599     
   6.6783030323200165        5.1641129117368374     
   6.6942727292800166        5.0693779338160949     
   6.7102424262400167        4.9696847823538466     
   6.7262121232000167        4.8657197984643057     
   6.7421818201600168        4.7581693232616855     
   6.7581515171200168        4.6477196978601993     
   6.7741212140800169        4.5350572633740613     
   6.7900909110400169        4.4208683609174839     
   6.8060606080000170        4.3058393316046812     
   6.8220303049600171        4.1906565165498666     
   6.8380000019200171        4.0760062568672533     
   6.8539696988800172        3.9625748936710554     
   6.8699393958400172        3.8510487680754855     
   6.8859090928000173        3.7421142211947576     
   6.9018787897600173        3.6364575941430846     
   6.9178484867200174        3.5347414492304896     
   6.9338181836800175        3.4371882014252355     
   6.9497878806400175        3.3436323465873095     
   6.9657575776000176        3.2538950996911291     
   6.9817272745600176        3.1677976757111121     
   6.9976969715200177        3.0851612896216776     
   7.0136666684800177        3.0058071563972426     
   7.0296363654400178        2.9295564910122254     
   7.0456060624000179        2.8562305084410440     
   7.0615757593600179        2.7856504236581165     
   7.0775454563200180        2.7176374516378607     
   7.0935151532800180        2.6520128073546947     
   7.1094848502400181        2.5885977057830365     
   7.1254545472000181        2.5272133618973038     
   7.1414242441600182        2.4676809906719148     
   7.1573939411200183        2.4098218070812876     
   7.1733636380800183        2.3534570260998398     
   7.1893333350400184        2.2984078627019899     
   7.2053030320000184        2.2444955318621558     
   7.2212727289600185        2.1915412485547550     
   7.2372424259200185        2.1393662277542056     
   7.2532121228800186        2.0877916879893648     
   7.2691818198400187        2.0366895208084799     
   7.2851515168000187        1.9861098191573867     
   7.3011212137600188        1.9361418278736502     
   7.3170909107200188        1.8868747917948347     
   7.3330606076800189        1.8383979557585044     
   7.3490303046400189        1.7908005646022238     
   7.3650000016000190        1.7441718631635572     
   7.3809696985600191        1.6986010962800691     
   7.3969393955200191        1.6541775087893236     
   7.4129090924800192        1.6109903455288852     
   7.4288787894400192        1.5691288513363182     
   7.4448484864000193        1.5286822710491870     
   7.4608181833600193        1.4897398495050562     
   7.4767878803200194        1.4523908315414900     
   7.4927575772800195        1.4167244619960526     
   7.5087272742400195        1.3828299857063087     
   7.5246969712000196        1.3507500351030914     
   7.5406666681600196        1.3202856322098782     
   7.5566363651200197        1.2911597541600879     
   7.5726060620800197        1.2630953392262243     
   7.5885757590400198        1.2358153256807904     
   7.6045454560000199        1.2090426517962893     
   7.6205151529600199        1.1825002558452244     
   7.6364848499200200        1.1559110761000990     
   7.6524545468800200        1.1289980508334159     
   7.6684242438400201        1.1014841183176787     
   7.6843939408000201        1.0730922168253905     
   7.7003636377600202        1.0435452846290543     
   7.7163333347200203        1.0125662600011736     
   7.7323030316800203       0.97987808121425113     
   7.7482727286400204       0.94520368654079057     
   7.7642424256000204       0.90826601425329501     
   7.7802121225600205       0.86883629145161589     
   7.7961818195200205       0.82706039909250617     
   7.8121515164800206       0.78325935337497399     
   7.8281212134400207       0.73775516354212334     
   7.8440909104000207       0.69086983883705777     
   7.8600606073600208       0.64292538850288117     
   7.8760303043200208       0.59424382178269708     
   7.8920000012800209       0.54514714791960928     
   7.9079696982400209       0.49595737615672164     
   7.9239393952000210       0.44699651573713783     
   7.9399090921600211       0.39858657590396140     
   7.9558787891200211       0.35104956590029623     
   7.9718484860800212       0.30470749496924621     
   7.9878181830400212       0.25988237235391465     
   8.0037878800000204       0.21689620729740799     
   8.0197575769600196       0.17607100904282713     
   8.0357272739200187       0.13772878683327583     
   8.0516969708800179       0.10219154991185775     
   8.0676666678400171        6.9781307521676550E-002
   8.0836363648000162        4.0820068905836115E-002
   8.0996060617600154        1.5629843307439661E-002
   8.1155757587200146       -5.4697686442145791E-003
   8.1315454556800137       -2.2380465661814411E-002
   8.1475151526400129       -3.5400395206000322E-002
   8.1634848496000121       -4.4868921191010581E-002
   8.1794545465600113       -5.1125407531083474E-002
   8.1954242435200104       -5.4509218140457262E-002
   8.2113939404800096       -5.5359716933370239E-002
   8.2273636374400088       -5.4016267824060674E-002
   8.2433333344000079       -5.0818234726766831E-002
   8.2593030313600071       -4.6104981555726995E-002
   8.2752727283200063       -4.0215872225179423E-002
   8.2912424252800054       -3.3490270649362469E-002
   8.3072121222400046       -2.6267540742514296E-002
   8.3231818192000038       -1.8887046418873243E-002
   8.3391515161600029       -1.1688151592677592E-002
   8.3551212131200021       -5.0102201781655163E-003
   8.3710909100800013        8.0762684938796175E-004
   8.3870606070400004        5.5337554981554184E-003
   8.4030303039999996        9.2124315792055586E-003
   8.4190000009599988        1.1931571938711472E-002
   8.4349696979199980        1.3779093422846240E-002
   8.4509393948799971        1.4842912877782945E-002
   8.4669090918399963        1.5210947149694677E-002
   8.4828787887999955        1.4971113084754521E-002
   8.4988484857599946        1.4211327529135554E-002
   8.5148181827199938        1.3019507329010872E-002
   8.5307878796799930        1.1483569330553559E-002
   8.5467575766399921        9.6914303799366924E-003
   8.5627272735999913        7.7310073233333660E-003
   8.5786969705599905        5.6902170069166548E-003
   8.5946666675199896        3.6569762768596547E-003
   8.6106363644799888        1.7192019793354260E-003
   8.6266060614399880       -3.5189212259523039E-005
   8.6425757583999872       -1.5367971868754842E-003
   8.6585454553599863       -2.7856629486370842E-003
   8.6745151523199855       -3.7981028542624427E-003
   8.6904848492799847       -4.5904332604696819E-003
   8.7064545462399838       -5.1789705239769189E-003
   8.7224242431999830       -5.5800310015022775E-003
   8.7383939401599822       -5.8099310497638753E-003
   8.7543636371199813       -5.8849870254798339E-003
   8.7703333340799805       -5.8215152853682726E-003
   8.7863030310399797       -5.6358321861473141E-003
   8.8022727279999788       -5.3442540845350757E-003
   8.8182424249599780       -4.9630973372496810E-003
   8.8342121219199772       -4.5086783010092474E-003
   8.8501818188799763       -3.9973133325318950E-003
   8.8661515158399755       -3.4453187885357442E-003
   8.8821212127999747       -2.8690110257389191E-003
   8.8980909097599739       -2.2847064008595357E-003
   8.9140606067199730       -1.7087212706157191E-003
   8.9300303036799722       -1.1573719917255853E-003
   8.9460000006399714       -6.4697492090725424E-004
   8.9619696975999705       -1.9384641487885576E-004
   8.9779393945599697        1.8621669829404613E-004
   8.9939090915199689        4.8850818177451538E-004
   9.0098787884799680        7.1895539194198393E-004
   9.0258484854399672        8.8391376349055166E-004
   9.0418181823999664        9.8973873111431860E-004
   9.0577878793599655        1.0427857295073851E-003
   9.0737575763199647        1.0494101933638509E-003
   9.0897272732799639        1.0159675573778164E-003
   9.1056969702399631        9.4881325624338118E-004
   9.1216666671999622        8.5430272465464579E-004
   9.1376363641599614        7.3879139730571061E-004
   9.1536060611199606        6.0863470889067396E-004
   9.1695757580799597        4.7018809410363782E-004
   9.1855454550399589        3.2980698763870149E-004
   9.2015151519999581        1.9384682418996434E-004
   9.2174848489599572        6.8663038451527054E-005
   9.2334545459199564       -3.9464553516043988E-005
   9.2494242428799556       -1.2743295246423416E-004
   9.2653939398399547       -1.9640864149231781E-004
   9.2813636367999539       -2.4785825944885660E-004
   9.2973333337599531       -2.8324844518241231E-004
   9.3133030307199522       -3.0404583754154639E-004
   9.3292727276799514       -3.1171707537482057E-004
   9.3452424246399506       -3.0772879753079667E-004
   9.3612121215999498       -2.9354764285803629E-004
   9.3771818185599489       -2.7064025020510110E-004
   9.3931515155199481       -2.4047325842055253E-004
   9.4091212124799473       -2.0451330635295250E-004
   9.4250909094399464       -1.6422703285086271E-004
   9.4410606063999456       -1.2108107676284448E-004
   9.4570303033599448       -7.6542076937460024E-005
   9.4730000003199439       -3.2076672223270865E-005
   9.4889696972799431        1.0852699586915742E-005
   9.5049393942399423        5.1253518512492916E-005
   9.5209090911999414        8.9025952548543551E-005
   9.5368787881599406        1.2417000169506767E-004
   9.5528484851199398        1.5668566595206522E-004
   9.5688181820799389        1.8657294531953619E-004
   9.5847878790399381        2.1383183979748068E-004
   9.6007575759999373        2.3846234938589863E-004
   9.6167272729599365        2.6046447408479000E-004
   9.6326969699199356        2.7983821389415486E-004
   9.6486666668799348        2.9658356881399320E-004
   9.6646363638399340        3.1070053884430497E-004
   9.6806060607999331        3.2218912398509022E-004
   9.6965757577599323        3.3104932423634891E-004
   9.7125454547199315        3.3728113959808107E-004
   9.7285151516799306        3.4088457007028667E-004
   9.7444848486399298        3.4185961565296580E-004
   9.7604545455999290        3.4020627634611831E-004
   9.7764242425599281        3.3592455214974425E-004
   9.7923939395199273        3.2901444306384373E-004
   9.8083636364799265        3.1947594908841669E-004
   9.8243333334399257        3.0730907022346308E-004
   9.8403030303999248        2.9251380646898290E-004
   9.8562727273599240        2.7509015782497615E-004
   9.8722424243199232        2.5503812429144304E-004
   9.8882121212799223        2.3235770586838307E-004
   9.9041818182399215        2.0704890255579677E-004
   9.9201515151999207        1.7911171435368393E-004
   9.9361212121599198        1.4854614126204454E-004
   9.9520909091199190        1.1535218328087862E-004
   9.9680606060799182        7.9529840410186162E-005
   9.9840303030399173        4.1079112649967165E-005
