   2.0151515199999999        0.0000000000000000     
   2.0311212169599999       -2.9723520083265140E-010
   2.0470909139200000       -4.5863317329164407E-010
   2.0630606108800000       -4.8419391737697807E-010
   2.0790303078400001       -3.7391743308865323E-010
   2.0950000048000001       -1.2780372042666981E-010
   2.1109697017600002        2.4801853132254300E-010
   2.1269393987200003        6.6378850936682666E-010
   2.1429090956800003        9.6925862920904547E-010
   2.1588787926400004        1.0128345602165829E-009
   2.1748484896000004        6.4292197175682324E-010
   2.1908181865600005       -2.9016257121031116E-010
   2.2067878835200005       -1.6985988552981538E-009
   2.2227575804800006       -3.0298794558368099E-009
   2.2387272774400007       -3.6776269620144031E-009
   2.2546969744000007       -3.0354639630190571E-009
   2.2706666713600008       -4.9701304803889876E-010
   2.2866363683200008        4.2269331007148261E-009
   2.3026060652800009        9.5502476295898030E-009
   2.3185757622400009        1.3200046856554935E-008
   2.3345454592000010        1.2902415822120966E-008
   2.3505151561600011        6.3834395667986530E-009
   2.3664848531200011       -8.4137191299450531E-009
   2.3824545500800012       -2.8424773678900906E-008
   2.3984242470400012       -4.5391984746547068E-008
   2.4143939440000013       -5.0826068581517258E-008
   2.4303636409600013       -3.6237741432445170E-008
   2.4463333379200014        6.8512011338102829E-009
   2.4623030348800015        7.7599970271095069E-008
   2.4782727318400015        1.4891489418597026E-007
   2.4942424288000016        1.8911275777621890E-007
   2.5102121257600016        1.6651034593962408E-007
   2.5261818227200017        4.9424443573968847E-008
   2.5421515196800017       -1.8362283671884361E-007
   2.5581212166400018       -4.6285453704434555E-007
   2.5740909136000019       -6.7045652986005602E-007
   2.5900606105600019       -6.8818523887042806E-007
   2.6060303075200020       -3.9779708777991442E-007
   2.6220000044800020        3.1439465894740498E-007
   2.6379697014400021        1.3428180201036161E-006
   2.6539393984000021        2.2699931245631591E-006
   2.6699090953600022        2.6546288120358535E-006
   2.6858787923200023        2.0554339222315189E-006
   2.7018484892800023        3.1117294859975771E-008
   2.7178181862400024       -3.5226831484565580E-006
   2.7337878832000024       -7.3184282976254700E-006
   2.7497575801600025       -9.7091977774076372E-006
   2.7657272771200025       -9.0480707799250699E-006
   2.7816969740800026       -3.6881264972997838E-006
   2.7976666710400027        7.7185037227066563E-006
   2.8136363680000027        2.2265903946778447E-005
   2.8296060649600028        3.3883021748338720E-005
   2.8455757619200028        3.6423464097076443E-005
   2.8615454588800029        2.3740837962680571E-005
   2.8775151558400029       -1.0247078449124997E-005
   2.8934848528000030       -6.2713534180307105E-005
   2.9094545497600031       -1.1287684980981260E-004
   2.9254242467200031       -1.3779837760364509E-004
   2.9413939436800032       -1.1453946982780818E-004
   2.9573636406400032       -2.0161478748305599E-005
   2.9733333376000033        1.5675862036924169E-004
   2.9893030345600033        3.5725202809548656E-004
   3.0052727315200034        4.9575996020617609E-004
   3.0212424284800035        4.8667421905766348E-004
   3.0372121254400035        2.4438660700630251E-004
   3.0531818224000036       -3.0906211697452396E-004
   3.0691515193600036       -1.0616288265688370E-003
   3.0851212163200037       -1.7031023307426030E-003
   3.1010909132800037       -1.9139884358231394E-003
   3.1170606102400038       -1.3747929481377637E-003
   3.1330303072000039        2.3366505773397882E-004
   3.1490000041600039        2.8895058639602949E-003
   3.1649697011200040        5.5794818708284196E-003
   3.1809393980800040        7.1112246873496409E-003
   3.1969090950400041        6.2923659225352447E-003
   3.2128787920000041        1.9305371853965195E-003
   3.2288484889600042       -6.7990204460937507E-003
   3.2448181859200043       -1.7312428744178827E-002
   3.2607878828800043       -2.5177975157901409E-002
   3.2767575798400044       -2.5945679622600016E-002
   3.2927272768000044       -1.5165562073613191E-002
   3.3086969737600045        1.1455555852671509E-002
   3.3246666707200045        5.0109966001886518E-002
   3.3406363676800046        8.5132573119844429E-002
   3.3566060646400047        9.9915827930346854E-002
   3.3725757616000047        7.7852181157195388E-002
   3.3885454585600048        2.3340835241916816E-003
   3.4045151555200048      -0.13097503217523476     
   3.4204848524800049      -0.27405583644398612     
   3.4364545494400049      -0.36492823283731346     
   3.4524242464000050      -0.34161199464362868     
   3.4683939433600051      -0.14212689515134372     
   3.4843636403200051       0.28483475521616730     
   3.5003333372800052       0.83224042907210316     
   3.5163030342400052        1.2718550684894865     
   3.5322727312000053        1.3723653519925283     
   3.5482424281600053       0.90245795810543972     
   3.5642121251200054      -0.36707999861963486     
   3.5801818220800055       -2.3378434029419779     
   3.5961515190400055       -4.2312130955086351     
   3.6121212160000056       -5.1839160197703276     
   3.6280909129600056       -4.3326791191777749     
   3.6440606099200057      -0.81422933718170054     
   3.6600303068800057        6.0072957850433646     
   3.6760000038400058        15.330392125247599     
   3.6919697008000059        25.793576190822968     
   3.7079393977600059        36.034098840025273     
   3.7239090947200060        44.689210931110352     
   3.7398787916800060        50.435471286548967     
   3.7558484886400061        52.978749940288303     
   3.7718181856000061        53.129016031544246     
   3.7877878825600062        51.750527313848742     
   3.8037575795200063        49.707541540733764     
   3.8197272764800063        47.864150906462534     
   3.8356969734400064        46.844105427296050     
   3.8516666704000064        46.550233082185017     
   3.8676363673600065        46.750756592696540     
   3.8836060643200065        47.213898680397712     
   3.8995757612800066        47.707882066855639     
   3.9155454582400067        48.019242504547272     
   3.9315151552000067        48.110662938682076     
   3.9474848521600068        48.043152243693939     
   3.9634545491200068        47.878789463908269     
   3.9794242460800069        47.679653643650475     
   3.9953939430400069        47.507290034625569     
   4.0113636400000070        47.393562585356264     
   4.0273333369600071        47.325629882132162     
   4.0433030339200071        47.286952988509867     
   4.0592727308800072        47.260992968045990     
   4.0752424278400072        47.231210884297134     
   4.0912121248000073        47.184181840260067     
   4.1071818217600073        47.120203589732199     
   4.1231515187200074        47.043352716619424     
   4.1391212156800075        46.957705920162880     
   4.1550909126400075        46.867339899603699     
   4.1710606096000076        46.776158887889366     
   4.1870303065600076        46.685396506657931     
   4.2030000035200077        46.594183508185743     
   4.2189697004800077        46.501593764012931     
   4.2349393974400078        46.406701145679598     
   4.2509090944000079        46.308581082958241     
   4.2668787913600079        46.206583818597217     
   4.2828484883200080        46.100647482397299     
   4.2988181852800080        45.990785976437735     
   4.3147878822400081        45.877013202797762     
   4.3307575792000081        45.759343063556621     
   4.3467272761600082        45.637797763822689     
   4.3626969731200083        45.512453783024192     
   4.3786666700800083        45.383409404961206     
   4.3946363670400084        45.250762972484154     
   4.4106060640000084        45.114612828443462     
   4.4265757609600085        44.975048985998782     
   4.4425454579200085        44.831931241087531     
   4.4585151548800086        44.684865413650535     
   4.4744848518400087        44.533444227809227     
   4.4904545488000087        44.377260407685021     
   4.5064242457600088        44.215906760122714     
   4.5223939427200088        44.049142226401905     
   4.5383636396800089        43.877240064734956     
   4.5543333366400089        43.700572757330050     
   4.5703030336000090        43.519512786395403     
   4.5862727305600091        43.334432634139219     
   4.6022424275200091        43.145664099377633     
   4.6182121244800092        42.953132892422531     
   4.6341818214400092        42.756531337006692     
   4.6501515184000093        42.555548971543622     
   4.6661212153600093        42.349875334446835     
   4.6820909123200094        42.139202480385428     
   4.6980606092800095        41.923373439363743     
   4.7140303062400095        41.702465253155751     
   4.7300000032000096        41.476575093580131     
   4.7459697001600096        41.245800132455543     
   4.7619393971200097        41.010237541600659     
   4.7779090940800097        40.769958873564278     
   4.7938787910400098        40.524919073985757     
   4.8098484880000099        40.275039930441586     
   4.8258181849600099        40.020243228182480     
   4.8417878819200100        39.760450752459164     
   4.8577575788800100        39.495606474489236     
   4.8737272758400101        39.226013179228467     
   4.8896969728000101        38.952264275428782     
   4.9056666697600102        38.674961529611075     
   4.9216363667200103        38.394706708296241     
   4.9376060636800103        38.112098510396571     
   4.9535757606400104        37.827119570984017     
   4.9695454576000104        37.538394465195786     
   4.9855151545600105        37.244366537965512     
   5.0014848515200105        36.943479134226813     
   5.0174545484800106        36.634175598913302     
   5.0334242454400107        36.315578617774278     
   5.0493939424000107        35.991404266497121     
   5.0653636393600108        35.667271297434013     
   5.0813333363200108        35.348804557936084     
   5.0973030332800109        35.041628895354457     
   5.1132727302400109        34.750967234689632     
   5.1292424272000110        34.470302819952423     
   5.1452121241600111        34.179798619687773     
   5.1611818211200111        33.858897979278076     
   5.1771515180800112        33.487044244105725     
   5.1931212150400112        33.043687747129660     
   5.2090909120000113        32.528622585506021     
   5.2250606089600113        32.006651280932132     
   5.2410303059200114        31.555533882654949     
   5.2570000028800115        31.253030439921428     
   5.2729696998400115        31.176901001978528     
   5.2889393968000116        31.383995153735448     
   5.3049090937600116        31.714477029324772     
   5.3208787907200117        31.880306672781462     
   5.3368484876800117        31.591772662510021     
   5.3528181846400118        30.559163576914969     
   5.3687878816000119        28.495491646500057     
   5.3847575785600119        25.290590786448199     
   5.4007272755200120        21.116366061979718     
   5.4166969724800120        16.169946140509794     
   5.4326666694400121        10.648459689453603     
   5.4486363664000121        4.7490353762263275     
   5.4646060633600122       -1.3311981317568495     
   5.4805757603200123       -7.3951121670807538     
   5.4965454572800123       -13.245578062330196     
   5.5125151542400124       -18.685467150090012     
   5.5284848512000124       -23.517650762944996     
   5.5444545481600125       -27.553017549441424     
   5.5604242451200125       -30.737981537958142     
   5.5763939420800126       -33.131864829109318     
   5.5923636390400127       -34.797436053078137     
   5.6083333360000127       -35.797463840047797     
   5.6243030329600128       -36.194716820201471     
   5.6402727299200128       -36.051963623722358     
   5.6562424268800129       -35.431972880793651     
   5.6722121238400129       -34.397513221598523     
   5.6881818208000130       -33.011353276320172     
   5.7041515177600131       -31.336261675141785     
   5.7201212147200131       -29.435007048246554     
   5.7360909116800132       -27.370358025817652     
   5.7520606086400132       -25.205083238038284     
   5.7680303056000133       -23.001951315091617     
   5.7840000025600133       -20.823730887160867     
   5.7999696995200134       -18.732254077790419     
   5.8159393964800135       -16.760404666492956     
   5.8319090934400135       -14.907283842669482     
   5.8478787904000136       -13.170082205695460     
   5.8638484873600136       -11.545990354946342     
   5.8798181843200137       -10.032198889797590     
   5.8957878812800137       -8.6258984096246554     
   5.9117575782400138       -7.3242795138030026     
   5.9277272752000139       -6.1245328017080816     
   5.9436969721600139       -5.0238488727153552     
   5.9596666691200140       -4.0194183262002792     
   5.9756363660800140       -3.1084317615383057     
   5.9916060630400141       -2.2880797781049012     
   6.0075757600000141       -1.5555529752755177     
   6.0235454569600142      -0.90804195242560937     
   6.0395151539200143      -0.34273730893063359     
   6.0554848508800143       0.14317987730820952     
   6.0714545478400144       0.55319934925215175     
   6.0874242448000144       0.89191229093194790     
   6.1033939417600145        1.1640122272290332     
   6.1193636387200145        1.3741926830248430     
   6.1353333356800146        1.5271471832008126     
   6.1513030326400147        1.6275692526383776     
   6.1672727296000147        1.6801524162189732     
   6.1832424265600148        1.6895901988240347     
   6.1992121235200148        1.6605761253349975     
   6.2151818204800149        1.5978037206332976     
   6.2311515174400149        1.5059665096003689     
   6.2471212144000150        1.3897580171176482     
   6.2630909113600151        1.2538717680665703     
   6.2790606083200151        1.1030012873285702     
   6.2950303052800152       0.94184009978508276     
   6.3110000022400152       0.77508173031754557     
   6.3269696992000153       0.60741970380739241     
   6.3429393961600153       0.44354754513605771     
   6.3589090931200154       0.28815877918497868     
   6.3748787900800155       0.14594693083558971     
   6.3908484870400155        2.1605524969326113E-002
   6.4068181840000156       -8.0743299328538465E-002
   6.4227878809600156      -0.16111390194315484     
   6.4387575779200157      -0.22134135711524025     
   6.4547272748800157      -0.26326863786449367     
   6.4706969718400158      -0.28873871721061417     
   6.4866666688000159      -0.29959456817330071     
   6.5026363657600159      -0.29767916377225218     
   6.5186060627200160      -0.28483547702716761     
   6.5345757596800160      -0.26290648095774621     
   6.5505454566400161      -0.23373514858368666     
   6.5665151536000161      -0.19916445292468807     
   6.5824848505600162      -0.16103736700044963     
   6.5984545475200163      -0.12119686383067013     
   6.6144242444800163       -8.1485916435048406E-002
   6.6303939414400164       -4.3747497833283820E-002
   6.6463636384000164       -9.8245810450749444E-003
   6.6623333353600165        1.8560378956310887E-002
   6.6783030323200165        4.1032656494651917E-002
   6.6942727292800166        5.8062374312164572E-002
   6.7102424262400167        7.0132668613844845E-002
   6.7262121232000167        7.7726675604688780E-002
   6.7421818201600168        8.1327531489692323E-002
   6.7581515171200168        8.1418372473851530E-002
   6.7741212140800169        7.8482334762162376E-002
   6.7900909110400169        7.3002554559620875E-002
   6.8060606080000170        6.5462168071222987E-002
   6.8220303049600171        5.6344311501964749E-002
   6.8380000019200171        4.6132121056842175E-002
   6.8539696988800172        3.5308732940851323E-002
   6.8699393958400172        2.4357283358988065E-002
   6.8859090928000173        1.3760908516248501E-002
   6.9018787897600173        4.0027446176285238E-003
   6.9178484867200174       -4.4502121972592691E-003
   6.9338181836800175       -1.1429719536781402E-002
   6.9497878806400175       -1.7030838400042193E-002
   6.9657575776000176       -2.1357644300068666E-002
   6.9817272745600176       -2.4514212749887840E-002
   6.9976969715200177       -2.6604619262526729E-002
   7.0136666684800177       -2.7732939351012370E-002
   7.0296363654400178       -2.8003248528371768E-002
   7.0456060624000179       -2.7519622307631952E-002
   7.0615757593600179       -2.6386136201819933E-002
   7.0775454563200180       -2.4706865723962749E-002
   7.0935151532800180       -2.2585886387087396E-002
   7.1094848502400181       -2.0127273704220922E-002
   7.1254545472000181       -1.7435103188390352E-002
   7.1414242441600182       -1.4613450352622645E-002
   7.1573939411200183       -1.1766390709944893E-002
   7.1733636380800183       -8.9979997733840942E-003
   7.1893333350400184       -6.4123530559672560E-003
   7.2053030320000184       -4.1135260707214124E-003
   7.2212727289600185       -2.2055943306735844E-003
   7.2372424259200185       -7.9263334885075780E-004
   7.2532121228800186        2.1284309247654541E-005
   7.2691818198400187        1.7410681465318664E-004
   7.2851515168000187       -2.4844367719294836E-004
   7.3011212137600188       -1.1281782001728200E-003
   7.3170909107200188       -2.3469077881684984E-003
   7.3330606076800189       -3.7864434750620544E-003
   7.3490303046400189       -5.3285962947355551E-003
   7.3650000016000190       -6.8551772810710740E-003
   7.3809696985600191       -8.2479974679506782E-003
   7.3969393955200191       -9.3888678892564345E-003
   7.4129090924800192       -1.0159599578870420E-002
   7.4288787894400192       -1.0442003570674700E-002
   7.4448484864000193       -1.0117890898551344E-002
   7.4608181833600193       -9.0690725963824288E-003
   7.4767878803200194       -7.1773596980500062E-003
   7.4927575772800195       -4.3245632374361714E-003
   7.5087272742400195       -3.9249424842298191E-004
   7.5246969712000196        4.6798708631538731E-003
   7.5406666681600196        1.0657245121525029E-002
   7.5566363651200197        1.7208627437831768E-002
   7.5726060620800197        2.4002969064257269E-002
   7.5885757590400198        3.0709221252984708E-002
   7.6045454560000199        3.6996335256197256E-002
   7.6205151529600199        4.2533262326078104E-002
   7.6364848499200200        4.6988953714810419E-002
   7.6524545468800200        5.0032360674577378E-002
   7.6684242438400201        5.1332434457562158E-002
   7.6843939408000201        5.0558126315947922E-002
   7.7003636377600202        4.7378387501917890E-002
   7.7163333347200203        4.1462169267655204E-002
   7.7323030316800203        3.2478422865343033E-002
   7.7482727286400204        2.0096099547164584E-002
   7.7642424256000204        3.9841505653030202E-003
   7.7802121225600205       -1.6127099115691875E-002
   7.7961818195200205       -4.0031150241829745E-002
   7.8121515164800206       -6.7298911697323244E-002
   7.8281212134400207       -9.7500030235867063E-002
   7.8440909104000207      -0.13020415261115592     
   7.8600606073600208      -0.16498092557688451     
   7.8760303043200208      -0.20139999588674759     
   7.8920000012800209      -0.23903101029443982     
   7.9079696982400209      -0.27744361555365593     
   7.9239393952000210      -0.31620745841809061     
   7.9399090921600211      -0.35489218564143854     
   7.9558787891200211      -0.39306744397739457     
   7.9718484860800212      -0.43030288017965312     
   7.9878181830400212      -0.46616814100190923     
   8.0037878800000204      -0.50023287319785559     
   8.0197575769600196      -0.53206672352118900     
   8.0357272739200187      -0.56123933872560439     
   8.0516969708800179      -0.58732036556479639     
   8.0676666678400171      -0.60987945079245975     
   8.0836363648000162      -0.62848624116228946     
   8.0996060617600154      -0.64271038342798015     
   8.1155757587200146      -0.65212466607824437     
   8.1315454556800137      -0.65659053487447772     
   8.1475151526400129      -0.65648655331243422     
   8.1634848496000121      -0.65224504658900284     
   8.1794545465600113      -0.64429833990107255     
   8.1954242435200104      -0.63307875844553263     
   8.2113939404800096      -0.61901862741927183     
   8.2273636374400088      -0.60255027201917943     
   8.2433333344000079      -0.58410601744214441     
   8.2593030313600071      -0.56411818888505572     
   8.2752727283200063      -0.54301911154480242     
   8.2912424252800054      -0.52124111061827361     
   8.3072121222400046      -0.49921651130235833     
   8.3231818192000038      -0.47737763879394551     
   8.3391515161600029      -0.45615681828992427     
   8.3551212131200021      -0.43598637498718368     
   8.3710909100800013      -0.41729831597747724     
   8.3870606070400004      -0.40038390451736228     
   8.4030303039999996      -0.38517313968847794     
   8.4190000009599988      -0.37153886375315526     
   8.4349696979199980      -0.35935391897372537     
   8.4509393948799971      -0.34849114761251926     
   8.4669090918399963      -0.33882339193186800     
   8.4828787887999955      -0.33022349419410268     
   8.4988484857599946      -0.32256429666155428     
   8.5148181827199938      -0.31571864159655394     
   8.5307878796799930      -0.30955937126143268     
   8.5467575766399921      -0.30395932791852159     
   8.5627272735999913      -0.29879135383015165     
   8.5786969705599905      -0.29392829125865394     
   8.5946666675199896      -0.28924298246635960     
   8.6106363644799888      -0.28460826971559960     
   8.6266060614399880      -0.27989699550891528     
   8.6425757583999872      -0.27500774581348880     
   8.6585454553599863      -0.26993565015894283     
   8.6745151523199855      -0.26469846559917604     
   8.6904848492799847      -0.25931394918808698     
   8.7064545462399838      -0.25379985797957427     
   8.7224242431999830      -0.24817394902753651     
   8.7383939401599822      -0.24245397938587229     
   8.7543636371199813      -0.23665770610848022     
   8.7703333340799805      -0.23080288624925890     
   8.7863030310399797      -0.22490727686210693     
   8.8022727279999788      -0.21898863500092292     
   8.8182424249599780      -0.21306471771960547     
   8.8342121219199772      -0.20715328207205316     
   8.8501818188799763      -0.20127208511216463     
   8.8661515158399755      -0.19543888389383846     
   8.8821212127999747      -0.18967143547097323     
   8.8980909097599739      -0.18398749689746757     
   8.9140606067199730      -0.17840482522722007     
   8.9300303036799722      -0.17294117751412935     
   8.9460000006399714      -0.16761431081209399     
   8.9619696975999705      -0.16244198217501260     
   8.9779393945599697      -0.15744144922045952     
   8.9939090915199689      -0.15261930789395309     
   9.0098787884799680      -0.14797193179295889     
   9.0258484854399672      -0.14349528299219219     
   9.0418181823999664      -0.13918532356636826     
   9.0577878793599655      -0.13503801559020231     
   9.0737575763199647      -0.13104932113840967     
   9.0897272732799639      -0.12721520228570557     
   9.1056969702399631      -0.12353162110680527     
   9.1216666671999622      -0.11999453967642398     
   9.1376363641599614      -0.11659992006927705     
   9.1536060611199606      -0.11334372436007967     
   9.1695757580799597      -0.11022191462354711     
   9.1855454550399589      -0.10723045293439465     
   9.2015151519999581      -0.10436530136733754     
   9.2174848489599572      -0.10162242199709104     
   9.2334545459199564       -9.8997775318110076E-002
   9.2494242428799556       -9.6487255436482719E-002
   9.2653939398399547       -9.4086667235664029E-002
   9.2813636367999539       -9.1791809326525198E-002
   9.2973333337599531       -8.9598480319937418E-002
   9.3133030307199522       -8.7502478826771854E-002
   9.3292727276799514       -8.5499603457899698E-002
   9.3452424246399506       -8.3585652824192128E-002
   9.3612121215999498       -8.1756425536520322E-002
   9.3771818185599489       -8.0007720205755473E-002
   9.3931515155199481       -7.8335335442768730E-002
   9.4091212124799473       -7.6735069858431315E-002
   9.4250909094399464       -7.5202722063614391E-002
   9.4410606063999456       -7.3734090669189123E-002
   9.4570303033599448       -7.2324974286026716E-002
   9.4730000003199439       -7.0971171524998336E-002
   9.4889696972799431       -6.9668481084767836E-002
   9.5049393942399423       -6.8412711484230448E-002
   9.5209090911999414       -6.7199689897463707E-002
   9.5368787881599406       -6.6025245584810793E-002
   9.5528484851199398       -6.4885207806614900E-002
   9.5688181820799389       -6.3775405823219194E-002
   9.5847878790399381       -6.2691668894966898E-002
   9.6007575759999373       -6.1629826282201164E-002
   9.6167272729599365       -6.0585707245265186E-002
   9.6326969699199356       -5.9555141044502151E-002
   9.6486666668799348       -5.8533956940255247E-002
   9.6646363638399340       -5.7517984192867654E-002
   9.6806060607999331       -5.6503052062682552E-002
   9.6965757577599323       -5.5484989810043142E-002
   9.7125454547199315       -5.4459626695292591E-002
   9.7285151516799306       -5.3422791978774094E-002
   9.7444848486399298       -5.2370314920830836E-002
   9.7604545455999290       -5.1298024781806006E-002
   9.7764242425599281       -5.0201750822042777E-002
   9.7923939395199273       -4.9077322301884344E-002
   9.8083636364799265       -4.7920568481673885E-002
   9.8243333334399257       -4.6727318621754582E-002
   9.8403030303999248       -4.5493401982469636E-002
   9.8562727273599240       -4.4214647824162227E-002
   9.8722424243199232       -4.2886885407175529E-002
   9.8882121212799223       -4.1505943991852742E-002
   9.9041818182399215       -4.0067652838537027E-002
   9.9201515151999207       -3.8567841207571597E-002
   9.9361212121599198       -3.7002338359299621E-002
   9.9520909091199190       -3.5366973554064290E-002
   9.9680606060799182       -3.3657576052208781E-002
   9.9840303030399173       -3.1869975114076299E-002
