   2.0151515199999999       -22.989999999999998     
   2.0311212169599999       -24.320882211458567     
   2.0470909139200000       -25.659617589370445     
   2.0630606108800000       -27.005627007726520     
   2.0790303078400001       -28.358331340517680     
   2.0950000048000001       -29.717151461734822     
   2.1109697017600002       -31.081518018750053     
   2.1269393987200003       -32.450995026542635     
   2.1429090956800003       -33.825242957955993     
   2.1588787926400004       -35.203924433480900     
   2.1748484896000004       -36.586702073608123     
   2.1908181865600005       -37.973235451535579     
   2.2067878835200005       -39.362805394927129     
   2.2227575804800006       -40.753951697752278     
   2.2387272774400007       -42.145128247861599     
   2.2546969744000007       -43.534788933105659     
   2.2706666713600008       -44.921387641335038     
   2.2866363683200008       -46.303543912097339     
   2.3026060652800009       -47.680856735067621     
   2.3185757622400009       -49.053283779495644     
   2.3345454592000010       -50.420783253247102     
   2.3505151561600011       -51.783313364187670     
   2.3664848531200011       -53.140836571169110     
   2.3824545500800012       -54.493415618894943     
   2.3984242470400012       -55.841214954322254     
   2.4143939440000013       -57.184403558691997     
   2.4303636409600013       -58.523150413245148     
   2.4463333379200014       -59.857624277711018     
   2.4623030348800015       -61.187807594813997     
   2.4782727318400015       -62.513157926706540     
   2.4942424288000016       -63.833041075633389     
   2.5102121257600016       -65.146822843839274     
   2.5261818227200017       -66.453869033568935     
   2.5421515196800017       -67.753618388428166     
   2.5581212166400018       -69.046161885132122     
   2.5740909136000019       -70.331933840329498     
   2.5900606105600019       -71.611371640102703     
   2.6060303075200020       -72.884912670534149     
   2.6220000044800020       -74.152984816842149     
   2.6379697014400021       -75.415558816985580     
   2.6539393984000021       -76.671955091165373     
   2.6699090953600022       -77.921444413822670     
   2.6858787923200023       -79.163297559398615     
   2.7018484892800023       -80.396785302334337     
   2.7178181862400024       -81.621322361060905     
   2.7337878832000024       -82.836918106775812     
   2.7497575801600025       -84.043735446764657     
   2.7657272771200025       -85.241937288497894     
   2.7816969740800026       -86.431686539445963     
   2.7976666710400027       -87.613053942930378     
   2.8136363680000027       -88.784799278855175     
   2.8296060649600028       -89.944706871487014     
   2.8455757619200028       -91.090537826057016     
   2.8615454588800029       -92.220053247796343     
   2.8775151558400029       -93.331025803420943     
   2.8934848528000030       -94.422833255004960     
   2.9094545497600031       -95.498088235031801     
   2.9254242467200031       -96.559791988670398     
   2.9413939436800032       -97.610945761089724     
   2.9573636406400032       -98.654550797458711     
   2.9733333376000033       -99.693073073550693     
   2.9893030345600033       -100.72570661110058     
   3.0052727315200034       -101.75040947569121     
   3.0212424284800035       -102.76513743607001     
   3.0372121254400035       -103.76784626098437     
   3.0531818224000036       -104.75652598265525     
   3.0691515193600036       -105.73001774822188     
   3.0851212163200037       -106.68805039795379     
   3.1010909132800037       -107.63039435529721     
   3.1170606102400038       -108.55682004369847     
   3.1330303072000039       -109.46709854802211     
   3.1490000041600039       -110.36172105085450     
   3.1649697011200040       -111.24327185741956     
   3.1809393980800040       -112.11471345927335     
   3.1969090950400041       -112.97900834797196     
   3.2128787920000041       -113.83911901507147     
   3.2288484889600042       -114.69703269843158     
   3.2448181859200043       -115.54569365345216     
   3.2607878828800043       -116.37314390257625     
   3.2767575798400044       -117.16737700523989     
   3.2927272768000044       -117.91638652087916     
   3.3086969737600045       -118.60859671948708     
   3.3246666707200045       -119.25468378108467     
   3.3406363676800046       -119.89789433465889     
   3.3566060646400047       -120.58406378785152     
   3.3725757616000047       -121.35902754830443     
   3.3885454585600048       -122.26862102365939     
   3.4045151555200048       -123.32470952770788     
   3.4204848524800049       -124.39422011953988     
   3.4364545494400049       -125.30543188689775     
   3.4524242464000050       -125.88662355690255     
   3.4683939433600051       -125.96607385667537     
   3.4843636403200051       -125.40166519201779     
   3.5003333372800052       -124.49048695821379     
   3.5163030342400052       -123.86582234626822     
   3.5322727312000053       -124.16949309091173     
   3.5482424281600053       -126.04332092687505     
   3.5642121251200054       -130.12329831039159     
   3.5801818220800055       -136.13618907023320     
   3.5961515190400055       -141.92097895091422     
   3.6121212160000056       -145.08171621916901     
   3.6280909129600056       -143.22244914173191     
   3.6440606099200057       -133.94722598533727     
   3.6600303068800057       -115.48921062257560     
   3.6760000038400058       -90.057941626871425     
   3.6919697008000059       -61.412101562193229     
   3.7079393977600059       -33.313874322839055     
   3.7239090947200060       -9.5254438031070094     
   3.7398787916800060        6.2992633419922637     
   3.7558484886400061        13.341124862799699     
   3.7718181856000061        13.821794683726361     
   3.7877878825600062        10.112441862514912     
   3.8037575795200063        4.5842354569080159     
   3.8197272764800063      -0.39210961921252185     
   3.8356969734400064       -3.1051585121154761     
   3.8516666704000064       -3.8210299047501808     
   3.8676363673600065       -3.1750767231858856     
   3.8836060643200065       -1.8026518934918465     
   3.8995757612800066      -0.33910834173730714     
   3.9155454582400067       0.63040543825490925     
   3.9315151552000067        1.0036413445456867     
   3.9474848521600068       0.94790782627243131     
   3.9634545491200068       0.63344715996986389     
   3.9794242460800069       0.23050162217270434     
   3.9953939430400069       -9.2152125752959044E-002
   4.0113636400000070      -0.24723230735981033     
   4.0273333369600071      -0.27020304883349572     
   4.0433030339200071      -0.20668063132942313     
   4.0592727308800072      -0.10228133600300043     
   4.0752424278400072       -2.6214440096355676E-003
   4.0912121248000073        5.5419497631402373E-002
   4.1071818217600073        7.3462145251344327E-002
   4.1231515187200074        6.3729022832026402E-002
   4.1391212156800075        3.8442977939286686E-002
   4.1550909126400075        9.8268581389630381E-003
   4.1710606096000076       -1.0430761634262525E-002
   4.1870303065600076       -1.8914427534493145E-002
   4.2030000035200077       -1.8723034247755888E-002
   4.2189697004800077       -1.3131683763983831E-002
   4.2349393974400078       -5.4154780731100220E-003
   4.2509090944000079        1.1573644580029471E-003
   4.2668787913600079        4.5326349911144004E-003
   4.2828484883200080        5.2531653883749162E-003
   4.2988181852800080        4.1965179509442022E-003
   4.3147878822400081        2.2402549799819638E-003
   4.3307575792000081        2.6193877664791495E-004
   4.3467272761600082       -9.7028061407405128E-004
   4.3626969731200083       -1.4034470467977141E-003
   4.3786666700800083       -1.2719290957193127E-003
   4.3946363670400084       -8.1087346449366395E-004
   4.4106060640000084       -2.5542685677558175E-004
   4.4265757609600085        1.6417617408910067E-004
   4.4425454579200085        3.5346380973188212E-004
   4.4585151548800086        3.6773789151708550E-004
   4.4744848518400087        2.7002307252571242E-004
   4.4904545488000087        1.2334400583876505E-004
   4.5064242457600088       -9.2831400566654508E-006
   4.5223939427200088       -8.1881918341150192E-005
   4.5383636396800089       -1.0122724221794286E-004
   4.5543333366400089       -8.4271019647573492E-005
   4.5703030336000090       -4.7965158590572009E-005
   4.5862727305600091       -9.2615670074686157E-006
   4.6022424275200091        1.6182607446889388E-005
   4.6182121244800092        2.5634097088947263E-005
   4.6341818214400092        2.3787227245294303E-005
   4.6501515184000093        1.5424966805056148E-005
   4.6661212153600093        5.3302846573584560E-006
   4.6820909123200094       -1.7568314152811935E-006
   4.6980606092800095       -3.6752600268199773E-006
   4.7140303062400095       -2.2611227057446232E-006
   4.7300000032000096        3.0561016659606880E-007
   4.7459697001600096        1.8449682088533001E-006
   4.7619393971200097        1.7698103967827709E-007
   4.7779090940800097       -5.9848094874230871E-006
   4.7938787910400098       -1.3860012590002005E-005
   4.8098484880000099       -1.9511798015885649E-005
   4.8258181849600099       -1.9003254398316538E-005
   4.8417878819200100       -8.3974703705372005E-006
   4.8577575788800100        1.5671337605710762E-005
   4.8737272758400101        4.7332100234443989E-005
   4.8896969728000101        7.3232292105389010E-005
   4.9056666697600102        7.9804235840192614E-005
   4.9216363667200103        5.3480254060501542E-005
   4.9376060636800103       -1.9216512074873810E-005
   4.9535757606400104       -1.3352395281049703E-004
   4.9695454576000104       -2.4447371533704106E-004
   4.9855151545600105       -3.0173200940902670E-004
   5.0014848515200105       -2.5496504478097467E-004
   5.0174545484800106       -5.3839031207405601E-005
   5.0334242454400107        3.2945641297173087E-004
   5.0493939424000107        7.7043874665647409E-004
   5.0653636393600108        1.0815425652718009E-003
   5.0813333363200108        1.0750003857749979E-003
   5.0973030332800109        5.6304472512335162E-004
   5.1132727302400109       -6.2845213563931211E-004
   5.1292424272000110       -2.2752163861526451E-003
   5.1452121241600111       -3.7009331323864191E-003
   5.1611818211200111       -4.2048661209272186E-003
   5.1771515180800112       -3.0862790983616252E-003
   5.1931212150400112        3.5532851973117544E-004
   5.2090909120000113        6.1343260993011201E-003
   5.2250606089600113        1.2072553191808024E-002
   5.2410303059200114        1.5554832674716721E-002
   5.2570000028800115        1.3965987425492042E-002
   5.2729696998400115        4.6908403215988256E-003
   5.2889393968000116       -1.4181594627044420E-002
   5.3049090937600116       -3.7265097069045509E-002
   5.3208787907200117       -5.4855982347447055E-002
   5.3368484876800117       -5.7194276702565584E-002
   5.3528181846400118       -3.4520006374717617E-002
   5.3687878816000119        2.2788956904459805E-002
   5.3847575785600119       0.11540570124966439     
   5.4007272755200120       0.22972754281665442     
   5.4166969724800120       0.35087521774629093     
   5.4326666694400121       0.46396946217943508     
   5.4486363664000121       0.55413101225694761     
   5.4646060633600122       0.60648060411968985     
   5.4805757603200123       0.60613897390852267     
   5.4965454572800123       0.53822685776430690     
   5.5125151542400124       0.38786499182790407     
   5.5284848512000124       0.14017411224017451     
   5.5444545481600125      -0.21833581287520218     
   5.5604242451200125      -0.67767112171792077     
   5.5763939420800126       -1.2082735618164107     
   5.5923636390400127       -1.7799876697210082     
   5.6083333360000127       -2.3626579819820499     
   5.6243030329600128       -2.9261290351498723     
   5.6402727299200128       -3.4402453657748113     
   5.6562424268800129       -3.8748515104072041     
   5.6722121238400129       -4.1997920055973861     
   5.6881818208000130       -4.3849113878956940     
   5.7041515177600131       -4.4000541938524655     
   5.7201212147200131       -4.2150649600180357     
   5.7360909116800132       -3.7997882229427407     
   5.7520606086400132       -3.1240685191769160     
   5.7680303056000133       -2.1577503852709010     
   5.7840000025600133      -0.87067835777503355     
   5.7999696995200134       0.76624554337616879     
   5.8159393964800135        2.7494314436771381     
   5.8319090934400135        5.0371428861652134     
   5.8478787904000136        7.5854860162444977     
   5.8638484873600136        10.350566979319096     
   5.8798181843200137        13.288491920793104     
   5.8957878812800137        16.355366986070631     
   5.9117575782400138        19.507298320555773     
   5.9277272752000139        22.700392069652640     
   5.9436969721600139        25.890754378765330     
   5.9596666691200140        29.034491393297937     
   5.9756363660800140        32.087709258654577     
   5.9916060630400141        35.006514120239345     
   6.0075757600000141        37.747012123456344     
   6.0235454569600142        40.265309413709680     
   6.0395151539200143        42.517512136403454     
   6.0554848508800143        44.460070473698174     
   6.0714545478400144        46.073673189628209     
   6.0874242448000144        47.378807109140290     
   6.1033939417600145        48.399656910404190     
   6.1193636387200145        49.160407271589712     
   6.1353333356800146        49.685242870866638     
   6.1513030326400147        49.998348386404750     
   6.1672727296000147        50.123908496373843     
   6.1832424265600148        50.086107878943707     
   6.1992121235200148        49.909131212284123     
   6.2151818204800149        49.617163174564887     
   6.2311515174400149        49.234388443955787     
   6.2471212144000150        48.784991698626598     
   6.2630909113600151        48.293157616747116     
   6.2790606083200151        47.783070876487130     
   6.2950303052800152        47.278916156016436     
   6.3110000022400152        46.804878133504808     
   6.3269696992000153        46.385141487122041     
   6.3429393961600153        46.043890895037919     
   6.3589090931200154        45.805311035422235     
   6.3748787900800155        45.693586586444773     
   6.3908484870400155        45.732902226275328     
   6.4068181840000156        45.942177612112452     
   6.4227878809600156        46.302216728743986     
   6.4387575779200157        46.777046631378724     
   6.4547272748800157        47.330621592112458     
   6.4706969718400158        47.926895883040977     
   6.4866666688000159        48.529823776260073     
   6.5026363657600159        49.103359543865523     
   6.5186060627200160        49.611457457953115     
   6.5345757596800160        50.018071790618635     
   6.5505454566400161        50.287156813957878     
   6.5665151536000161        50.382666800066630     
   6.5824848505600162        50.268556021040666     
   6.5984545475200163        49.908778748975784     
   6.6144242444800163        49.267289255967768     
   6.6303939414400164        48.308041814112407     
   6.6463636384000164        46.994990695505486     
   6.6623333353600165        45.296329678579625     
   6.6783030323200165        43.227662096305593     
   6.6942727292800166        40.834310816028214     
   6.7102424262400167        38.162056484317503     
   6.7262121232000167        35.256679747743490     
   6.7421818201600168        32.163961252876192     
   6.7581515171200168        28.929681646285616     
   6.7741212140800169        25.599621574541789     
   6.7900909110400169        22.219561684214728     
   6.8060606080000170        18.835282621874445     
   6.8220303049600171        15.492565034090976     
   6.8380000019200171        12.237189567434321     
   6.8539696988800172        9.1149368684745014     
   6.8699393958400172        6.1715875837815446     
   6.8859090928000173        3.4529223599254664     
   6.9018787897600173        1.0047218434762826     
   6.9178484867200174       -1.1290167493265300     
   6.9338181836800175       -2.9373076233775404     
   6.9497878806400175       -4.4382592432299104     
   6.9657575776000176       -5.6509761510339311     
   6.9817272745600176       -6.5945628889398931     
   6.9976969715200177       -7.2881239990980875     
   7.0136666684800177       -7.7507640236588049     
   7.0296363654400178       -8.0015875047723348     
   7.0456060624000179       -8.0596989845889713     
   7.0615757593600179       -7.9442030052590020     
   7.0775454563200180       -7.6742041089327167     
   7.0935151532800180       -7.2688068377604074     
   7.1094848502400181       -6.7471157338923700     
   7.1254545472000181       -6.1282353394788851     
   7.1414242441600182       -5.4312701966702530     
   7.1573939411200183       -4.6753248476167615     
   7.1733636380800183       -3.8795038344686943     
   7.1893333350400184       -3.0629116993763450     
   7.2053030320000184       -2.2446529844900200     
   7.2212727289600185       -1.4438322319599908     
   7.2372424259200185      -0.67955398393655142     
   7.2532121228800186        2.9077445876452487E-002
   7.2691818198400187       0.66621453696689714     
   7.2851515168000187        1.2274629071079766     
   7.3011212137600188        1.7109444956964013     
   7.3170909107200188        2.1147812421288816     
   7.3330606076800189        2.4370950858021279     
   7.3490303046400189        2.6760079661128513     
   7.3650000016000190        2.8296418224577615     
   7.3809696985600191        2.8961185942335690     
   7.3969393955200191        2.8735602208369850     
   7.4129090924800192        2.7600886416647201     
   7.4288787894400192        2.5538257961134843     
   7.4448484864000193        2.2528936235799875     
   7.4608181833600193        1.8554140634609411     
   7.4767878803200194        1.3595090551530553     
   7.4927575772800195       0.76330053805303999     
   7.5087272742400195        6.4910451557605983E-002
   7.5246969712000196      -0.73260575779979686     
   7.5406666681600196       -1.6006203387582147     
   7.5566363651200197       -2.5022451851621956     
   7.5726060620800197       -3.4005880777752044     
   7.5885757590400198       -4.2587567973607063     
   7.6045454560000199       -5.0398591246821667     
   7.6205151529600199       -5.7070028405030486     
   7.6364848499200200       -6.2232957255868193     
   7.6524545468800200       -6.5518455606969441     
   7.6684242438400201       -6.6557601265968858     
   7.6843939408000201       -6.4981472040501105     
   7.7003636377600202       -6.0421145738200828     
   7.7163333347200203       -5.2507700166702689     
   7.7323030316800203       -4.0872213133641306     
   7.7482727286400204       -2.5145762446651374     
   7.7642424256000204      -0.49594259133675378     
   7.7802121225600205        1.9988995774651162     
   7.7961818195200205        4.9484025536117651     
   7.8121515164800206        8.3068193905961927     
   7.8281212134400207        12.028265928461540     
   7.8440909104000207        16.066858007250943     
   7.8600606073600208        20.376711467007546     
   7.8760303043200208        24.911942147774482     
   7.8920000012800209        29.626665889594889     
   7.9079696982400209        34.474998532511911     
   7.9239393952000210        39.411055916568685     
   7.9399090921600211        44.388953881808348     
   7.9558787891200211        49.362808268274037     
   7.9718484860800212        54.286734916008889     
   7.9878181830400212        59.114849665056063     
   8.0037878800000204        63.801268355458419     
   8.0197575769600196        68.300106827259384     
   8.0357272739200187        72.565480920502097     
   8.0516969708800179        76.551506475229701     
   8.0676666678400171        80.212299331485355     
   8.0836363648000162        83.501975329312202     
   8.0996060617600154        86.374650308753402     
   8.1155757587200146        88.784748994339267     
   8.1315454556800137        90.715075892196680     
   8.1475151526400129        92.199276730031400     
   8.1634848496000121        93.276282899486574     
   8.1794545465600113        93.985025792205278     
   8.1954242435200104        94.364436799830628     
   8.2113939404800096        94.453447314005757     
   8.2273636374400088        94.290988726373740     
   8.2433333344000079        93.915992428577724     
   8.2593030313600071        93.367389812260797     
   8.2752727283200063        92.684112269066077     
   8.2912424252800054        91.905091190636668     
   8.3072121222400046        91.069257968615688     
   8.3231818192000038        90.215543994646239     
   8.3391515161600029        89.382880660371441     
   8.3551212131200021        88.610199357434396     
   8.3710909100800013        87.936403602422729     
   8.3870606070400004        87.388063749772442     
   8.4030303039999996        86.960093139297143     
   8.4190000009599988        86.642396548129057     
   8.4349696979199980        86.424878753400449     
   8.4509393948799971        86.297444532243517     
   8.4669090918399963        86.249998661790514     
   8.4828787887999955        86.272445919173677     
   8.4988484857599946        86.354691081525218     
   8.5148181827199938        86.486638925977402     
   8.5307878796799930        86.658194229662442     
   8.5467575766399921        86.859261769712575     
   8.5627272735999913        87.079746323260039     
   8.5786969705599905        87.309552667437060     
   8.5946666675199896        87.538585579375891     
   8.6106363644799888        87.756749836208741     
   8.6266060614399880        87.953950234906117     
   8.6425757583999872        88.122217648905703     
   8.6585454553599863        88.261556198410119     
   8.6745151523199855        88.373838743806928     
   8.6904848492799847        88.460938145483709     
   8.7064545462399838        88.524727263828026     
   8.7224242431999830        88.567078959227430     
   8.7383939401599822        88.589866092069499     
   8.7543636371199813        88.594961522741798     
   8.7703333340799805        88.584238111631890     
   8.7863030310399797        88.559568719127341     
   8.8022727279999788        88.522826205615729     
   8.8182424249599780        88.475883431484604     
   8.8342121219199772        88.420613257121531     
   8.8501818188799763        88.358888542914102     
   8.8661515158399755        88.292582149249853     
   8.8821212127999747        88.223566936516363     
   8.8980909097599739        88.153715765101197     
   8.9140606067199730        88.084901495391932     
   8.9300303036799722        88.018996987776120     
   8.9460000006399714        87.957875102641324     
   8.9619696975999705        87.903408700375138     
   8.9779393945599697        87.857410929892495     
   8.9939090915199689        87.820420254812262     
   9.0098787884799680        87.791752978037252     
   9.0258484854399672        87.770676201744863     
   9.0418181823999664        87.756457028112536     
   9.0577878793599655        87.748362559317684     
   9.0737575763199647        87.745659897537735     
   9.0897272732799639        87.747616144950101     
   9.1056969702399631        87.753498403732209     
   9.1216666671999622        87.762573776061473     
   9.1376363641599614        87.774109364115318     
   9.1536060611199606        87.787372270071160     
   9.1695757580799597        87.801629596106437     
   9.1855454550399589        87.816148444398550     
   9.2015151519999581        87.830195917124939     
   9.2174848489599572        87.843039116463004     
   9.2334545459199564        87.853953864801227     
   9.2494242428799556        87.862582329591348     
   9.2653939398399547        87.869059027662857     
   9.2813636367999539        87.873553089291207     
   9.2973333337599531        87.876233644751821     
   9.3133030307199522        87.877269824320138     
   9.3292727276799514        87.876830758271609     
   9.3452424246399506        87.875085576881659     
   9.3612121215999498        87.872203410425726     
   9.3771818185599489        87.868353389179248     
   9.3931515155199481        87.863704643417677     
   9.4091212124799473        87.858426303416437     
   9.4250909094399464        87.852687499450965     
   9.4410606063999456        87.846657361796701     
   9.4570303033599448        87.840505020729083     
   9.4730000003199439        87.834399606523547     
   9.4889696972799431        87.828509764996994     
   9.5049393942399423        87.822949951850617     
   9.5209090911999414        87.817731679540117     
   9.5368787881599406        87.812854948065720     
   9.5528484851199398        87.808319757427640     
   9.5688181820799389        87.804126107626104     
   9.5847878790399381        87.800273998661325     
   9.6007575759999373        87.796763430533531     
   9.6167272729599365        87.793594403242935     
   9.6326969699199356        87.790766916789764     
   9.6486666668799348        87.788280971174217     
   9.6646363638399340        87.786136566396550     
   9.6806060607999331        87.784333702456948     
   9.6965757577599323        87.782872379355652     
   9.7125454547199315        87.781752597092861     
   9.7285151516799306        87.780974355668818     
   9.7444848486399298        87.780537655083734     
   9.7604545455999290        87.780442495337823     
   9.7764242425599281        87.780688876431313     
   9.7923939395199273        87.781276798364431     
   9.8083636364799265        87.782206261137361     
   9.8243333334399257        87.783477264750374     
   9.8403030303999248        87.785089809203640     
   9.8562727273599240        87.787043894497415     
   9.8722424243199232        87.789339520631913     
   9.8882121212799223        87.791976687607331     
   9.9041818182399215        87.794955395423912     
   9.9201515151999207        87.798275644081869     
   9.9361212121599198        87.801937433581415     
   9.9520909091199190        87.805940763922791     
   9.9680606060799182        87.810285635106183     
   9.9840303030399173        87.814972047131832     
