   2.0151515199999999        0.0000000000000000     
   2.0311212169599999        8.2522038741573365E-010
   2.0470909139200000        1.2733129988817339E-009
   2.0630606108800000        1.3442778343980011E-009
   2.0790303078400001        1.0381148939645347E-009
   2.0950000048000001        3.5482417758133540E-010
   2.1109697017600002       -6.8857910479957906E-010
   2.1269393987200003       -1.8428901063108275E-009
   2.1429090956800003       -2.6909732738965262E-009
   2.1588787926400004       -2.8119540546630930E-009
   2.1748484896000004       -1.7849578957169462E-009
   2.1908181865600005        8.0558449590407614E-010
   2.2067878835200005        4.7158560005894301E-009
   2.2227575804800006        8.4119185458668010E-009
   2.2387272774400007        1.0210273675064304E-008
   2.2546969744000007        8.4274229315100598E-009
   2.2706666713600008        1.3798678585321774E-009
   2.2866363683200008       -1.1735323949454313E-008
   2.3026060652800009       -2.6514554893663024E-008
   2.3185757622400009       -3.6647569838153246E-008
   2.3345454592000010       -3.5821250489521232E-008
   2.3505151561600011       -1.7722478554363217E-008
   2.3664848531200011        2.3359186733503855E-008
   2.3824545500800012        7.8916301574636439E-008
   2.3984242470400012        1.2602272925004049E-007
   2.4143939440000013        1.4110949136630957E-007
   2.4303636409600013        1.0060760953003721E-007
   2.4463333379200014       -1.9021134906188972E-008
   2.4623030348800015       -2.1544244204984479E-007
   2.4782727318400015       -4.1343557670111619E-007
   2.4942424288000016       -5.2503775730524422E-007
   2.5102121257600016       -4.6228620230746960E-007
   2.5261818227200017       -1.3721813015303323E-007
   2.5421515196800017        5.0979597312504618E-007
   2.5581212166400018        1.2850328605322664E-006
   2.5740909136000019        1.8614026729223996E-006
   2.5900606105600019        1.9106232634747177E-006
   2.6060303075200020        1.1044124853684926E-006
   2.6220000044800020       -8.7286055464233811E-007
   2.6379697014400021       -3.7280941277295934E-006
   2.6539393984000021       -6.3022300199824931E-006
   2.6699090953600022       -7.3701022307467906E-006
   2.6858787923200023       -5.7065447593682431E-006
   2.7018484892800023       -8.6391605192599086E-008
   2.7178181862400024        9.7800998817393840E-006
   2.7337878832000024        2.0318307583094761E-005
   2.7497575801600025        2.6955851557700702E-005
   2.7657272771200025        2.5120350663239904E-005
   2.7816969740800026        1.0239423757395100E-005
   2.7976666710400027       -2.1429045464597870E-005
   2.8136363680000027       -6.1817301011622279E-005
   2.8296060649600028       -9.4070151367173691E-005
   2.8455757619200028       -1.0112323529989739E-004
   2.8615454588800029       -6.5912191578438648E-005
   2.8775151558400029        2.8449181065964226E-005
   2.8934848528000030        1.7411291404082524E-004
   2.9094545497600031        3.1338239034065548E-004
   2.9254242467200031        3.8257255611983342E-004
   2.9413939436800032        3.1799835753273768E-004
   2.9573636406400032        5.5974740733746703E-005
   2.9733333376000033       -4.3521227993683563E-004
   2.9893030345600033       -9.9184637688992249E-004
   3.0052727315200034       -1.3763888842253436E-003
   3.0212424284800035       -1.3511639485194417E-003
   3.0372121254400035       -6.7849571634855858E-004
   3.0531818224000036        8.5805570534977700E-004
   3.0691515193600036        2.9474226104400508E-003
   3.0851212163200037        4.7283590949085920E-003
   3.1010909132800037        5.3138466577801772E-003
   3.1170606102400038        3.8168667980795819E-003
   3.1330303072000039       -6.4872925188062672E-004
   3.1490000041600039       -8.0221963677843521E-003
   3.1649697011200040       -1.5490433764661650E-002
   3.1809393980800040       -1.9743043808593076E-002
   3.1969090950400041       -1.7469628865659191E-002
   3.2128787920000041       -5.3597913019405394E-003
   3.2288484889600042        1.8876264557009498E-002
   3.2448181859200043        4.8064862827004534E-002
   3.2607878828800043        6.9902146030964674E-002
   3.2767575798400044        7.2033540206367402E-002
   3.2927272768000044        4.2104471390690228E-002
   3.3086969737600045       -3.1804302492848269E-002
   3.3246666707200045      -0.13912136059802610     
   3.3406363676800046      -0.23635536697825366     
   3.3566060646400047      -0.27739843061208219     
   3.3725757616000047      -0.21614266047806299     
   3.3885454585600048       -6.4801655547473396E-003
   3.4045151555200048       0.36362875759889601     
   3.4204848524800049       0.76086702682021534     
   3.4364545494400049        1.0131579867974563     
   3.4524242464000050       0.94842462055627863     
   3.4683939433600051       0.39458991112234121     
   3.4843636403200051      -0.79079276744644100     
   3.5003333372800052       -2.3105667410118995     
   3.5163030342400052       -3.5310781812362761     
   3.5322727312000053       -3.8101270114532060     
   3.5482424281600053       -2.5055131549963243     
   3.5642121251200054        1.0191319797415654     
   3.5801818220800055        6.4906041858053278     
   3.5961515190400055        11.747206589706842     
   3.6121212160000056        14.392215909090835     
   3.6280909129600056        12.028908861602041     
   3.6440606099200057        2.2605621648851781     
   3.6600303068800057       -16.680313061186844     
   3.6760000038400058       -42.584080134087749     
   3.6919697008000059       -71.691665854724931     
   3.7079393977600059       -100.24049503251727     
   3.7239090947200060       -124.46799247688369     
   3.7398787916800060       -140.71985433614370     
   3.7558484886400061       -148.17695037387710     
   3.7718181856000061       -149.06132256376793     
   3.7877878825600062       -145.74454748594559     
   3.8037575795200063       -140.59820172053944     
   3.8197272764800063       -135.99340763010082     
   3.8356969734400064       -133.64190050186485     
   3.8516666704000064       -133.27754108741760     
   3.8676363673600065       -134.26489596066006     
   3.8836060643200065       -135.96853169549325     
   3.8995757612800066       -137.75301486581822     
   3.9155454582400067       -139.03314022485458     
   3.9315151552000067       -139.70683133320517     
   3.9474848521600068       -139.94169580481545     
   3.9634545491200068       -139.90827646875042     
   3.9794242460800069       -139.77711615407517     
   3.9953939430400069       -139.71729028234191     
   4.0113636400000070       -139.81627972767427     
   4.0273333369600071       -140.03866935196106     
   4.0433030339200071       -140.33887944675027     
   4.0592727308800072       -140.67133030358980     
   4.0752424278400072       -140.99044221402758     
   4.0912121248000073       -141.25947414324267     
   4.1071818217600073       -141.48063447696893     
   4.1231515187200074       -141.66685717031021     
   4.1391212156800075       -141.83107650572987     
   4.1550909126400075       -141.98622676569127     
   4.1710606096000076       -142.14462399978808     
   4.1870303065600076       -142.30901102646962     
   4.2030000035200077       -142.47459259438278     
   4.2189697004800077       -142.63636955412539     
   4.2349393974400078       -142.78934275629530     
   4.2509090944000079       -142.92853496507774     
   4.2668787913600079       -143.05283366875682     
   4.2828484883200080       -143.16939387374026     
   4.2988181852800080       -143.28643618004426     
   4.3147878822400081       -143.41218118768495     
   4.3307575792000081       -143.55484949667849     
   4.3467272761600082       -143.71922552154564     
   4.3626969731200083       -143.88763240062036     
   4.3786666700800083       -144.03336959364330     
   4.3946363670400084       -144.12971212253390     
   4.4106060640000084       -144.14993500921156     
   4.4265757609600085       -144.06940465989442     
   4.4425454579200085       -143.92128946861146     
   4.4585151548800086       -143.80252507196897     
   4.4744848518400087       -143.81333515073933     
   4.4904545488000087       -144.05394338569488     
   4.5064242457600088       -144.62452312991184     
   4.5223939427200088       -145.52417396156011     
   4.5383636396800089       -146.43909251397753     
   4.5543333366400089       -146.99510898392620     
   4.5703030336000090       -146.81805356816821     
   4.5862727305600091       -145.53375646346566     
   4.6022424275200091       -142.87359411914969     
   4.6182121244800092       -139.62247165208535     
   4.6341818214400092       -137.17077660270905     
   4.6501515184000093       -136.91612255615360     
   4.6661212153600093       -140.25612309755181     
   4.6820909123200094       -148.54757004196827     
   4.6980606092800095       -160.69794900038136     
   4.7140303062400095       -171.81832096744185     
   4.7300000032000096       -176.69317277725685     
   4.7459697001600096       -170.10699126393345     
   4.7619393971200097       -146.84426326157879     
   4.7779090940800097       -103.65270749413769     
   4.7938787910400098       -46.215754136390530     
   4.8098484880000099        17.242229023422027     
   4.8258181849600099        78.496695971475987     
   4.8417878819200100        129.32310069394725     
   4.8577575788800100        161.93530078015138     
   4.8737272758400101        175.63745718431221     
   4.8896969728000101        175.47657362468743     
   4.9056666697600102        166.66480668605936     
   4.9216363667200103        154.41431295321044     
   4.9376060636800103        143.92785654503191     
   4.9535757606400104        138.52192488204275     
   4.9695454576000104        137.35487007136047     
   4.9855151545600105        139.03014992557206     
   5.0014848515200105        142.15122225726464     
   5.0174545484800106        145.32154487902520     
   5.0334242454400107        147.31206289672576     
   5.0493939424000107        148.02619340966621     
   5.0653636393600108        147.83644672815080     
   5.0813333363200108        147.11683584692241     
   5.0973030332800109        146.24137376072395     
   5.1132727302400109        145.57679830611397     
   5.1292424272000110        145.27734847229340     
   5.1452121241600111        145.25615421104794     
   5.1611818211200111        145.41331964384412     
   5.1771515180800112        145.64894889214833     
   5.1931212150400112        145.86315507690676     
   5.2090909120000113        145.98225257660320     
   5.2250606089600113        146.01628179293982     
   5.2410303059200114        145.99197146086368     
   5.2570000028800115        145.93605031532192     
   5.2729696998400115        145.87524709126157     
   5.2889393968000116        145.83441409031516     
   5.3049090937600116        145.81895900532695     
   5.3208787907200117        145.82278493403314     
   5.3368484876800117        145.83964498257998     
   5.3528181846400118        145.86329225711373     
   5.3687878816000119        145.88751336802898     
   5.3847575785600119        145.90827004847148     
   5.4007272755200120        145.92499385134909     
   5.4166969724800120        145.93742661069328     
   5.4326666694400121        145.94531016053551     
   5.4486363664000121        145.94838633490724     
   5.4646060633600122        145.94639696783989     
   5.4805757603200123        145.93908389336497     
   5.4965454572800123        145.92618894551390     
   5.5125151542400124        145.90745395831817     
   5.5284848512000124        145.88262076580924     
   5.5444545481600125        145.85149328290711     
   5.5604242451200125        145.81492484506720     
   5.5763939420800126        145.77464307453710     
   5.5923636390400127        145.73240228125130     
   5.6083333360000127        145.68995677514434     
   5.6243030329600128        145.64906086615071     
   5.6402727299200128        145.61146886420497     
   5.6562424268800129        145.57893507924160     
   5.6722121238400129        145.55321382119513     
   5.6881818208000130        145.53605940000008     
   5.7041515177600131        145.52922612559098     
   5.7201212147200131        145.53446830790230     
   5.7360909116800132        145.55354025686862     
   5.7520606086400132        145.58819628242441     
   5.7680303056000133        145.64019069450421     
   5.7840000025600133        145.71127780304252     
   5.7999696995200134        145.80309391603203     
   5.8159393964800135        145.91362778503881     
   5.8319090934400135        146.03661147932851     
   5.8478787904000136        146.16553632952827     
   5.8638484873600136        146.29389366626529     
   5.8798181843200137        146.41517482016675     
   5.8957878812800137        146.52287112185991     
   5.9117575782400138        146.61047390197189     
   5.9277272752000139        146.67147449112991     
   5.9436969721600139        146.69936421996115     
   5.9596666691200140        146.68763441909283     
   5.9756363660800140        146.62977641915211     
   5.9916060630400141        146.51928155076621     
   6.0075757600000141        146.34964114456230     
   6.0235454569600142        146.11434653116757     
   6.0395151539200143        145.80688904120925     
   6.0554848508800143        145.42087682532576     
   6.0714545478400144        144.95814840883352     
   6.0874242448000144        144.43405601824080     
   6.1033939417600145        143.86520751116868     
   6.1193636387200145        143.26821074523824     
   6.1353333356800146        142.65967357807054     
   6.1513030326400147        142.05620386728663     
   6.1672727296000147        141.47440947050762     
   6.1832424265600148        140.93089824535457     
   6.1992121235200148        140.44227804944853     
   6.2151818204800149        140.02515674041055     
   6.2311515174400149        139.69614217586175     
   6.2471212144000150        139.47184221342317     
   6.2630909113600151        139.36886471071588     
   6.2790606083200151        139.40381752536098     
   6.2950303052800152        139.59330851497947     
   6.3110000022400152        139.95394553719248     
   6.3269696992000153        140.50233644962105     
   6.3429393961600153        141.25508910988626     
   6.3589090931200154        142.22881137560918     
   6.3748787900800155        143.44011110441087     
   6.3908484870400155        144.90559615391240     
   6.4068181840000156        146.63260918320725     
   6.4227878809600156        148.56141823310566     
   6.4387575779200157        150.60276789444816     
   6.4547272748800157        152.66727467691572     
   6.4706969718400158        154.66555509018923     
   6.4866666688000159        156.50822564394966     
   6.5026363657600159        158.10590284787787     
   6.5186060627200160        159.36920321165485     
   6.5345757596800160        160.20874324496145     
   6.5505454566400161        160.53513945747866     
   6.5665151536000161        160.25900835888740     
   6.5824848505600162        159.29096645886855     
   6.5984545475200163        157.54163026710307     
   6.6144242444800163        154.92161629327185     
   6.6303939414400164        151.34154104705587     
   6.6463636384000164        146.71202103813599     
   6.6623333353600165        140.95545441924673     
   6.6783030323200165        134.12599110960608     
   6.6942727292800166        126.36037199961910     
   6.7102424262400167        117.79661015409042     
   6.7262121232000167        108.57271863782466     
   6.7421818201600168        98.826710515626473     
   6.7581515171200168        88.696598852300468     
   6.7741212140800169        78.320396712651288     
   6.7900909110400169        67.836117161483514     
   6.8060606080000170        57.381773263601843     
   6.8220303049600171        47.095378083810843     
   6.8380000019200171        37.114944686915180     
   6.8539696988800172        27.578486137719494     
   6.8699393958400172        18.624015501028367     
   6.8859090928000173        10.389545841646452     
   6.9018787897600173        3.0130902243784021     
   6.9178484867200174       -3.3728941863036574     
   6.9338181836800175       -8.7387903327216652     
   6.9497878806400175       -13.145618175162967     
   6.9657575776000176       -16.657500743184400     
   6.9817272745600176       -19.338561066342809     
   6.9976969715200177       -21.252922174195017     
   7.0136666684800177       -22.464707096297875     
   7.0296363654400178       -23.038038862208218     
   7.0456060624000179       -23.037040501482881     
   7.0615757593600179       -22.525835043678697     
   7.0775454563200180       -21.568545518352515     
   7.0935151532800180       -20.229294955061174     
   7.1094848502400181       -18.572206383361493     
   7.1254545472000181       -16.661402832810332     
   7.1414242441600182       -14.561007332964513     
   7.1573939411200183       -12.335142913380876     
   7.1733636380800183       -10.047932603616259     
   7.1893333350400184       -7.7634994332275129     
   7.2053030320000184       -5.5459664317714621     
   7.2212727289600185       -3.4594566288049418     
   7.2372424259200185       -1.5680930538848092     
   7.2532121228800186        6.4002447429823486E-002
   7.2691818198400187        1.3895874143924229     
   7.2851515168000187        2.4207789823534456     
   7.3011212137600188        3.1827359379121383     
   7.3170909107200188        3.7006170676677490     
   7.3330606076800189        3.9995811582195260     
   7.3490303046400189        4.1047869961667169     
   7.3650000016000190        4.0413933681085679     
   7.3809696985600191        3.8345590606443283     
   7.3969393955200191        3.5094428603732455     
   7.4129090924800192        3.0912035538945655     
   7.4288787894400192        2.6049999278075409     
   7.4448484864000193        2.0759907687114145     
   7.4608181833600193        1.5293348632054335     
   7.4767878803200194       0.99019099788884868     
   7.4927575772800195       0.48371795936090439     
   7.5087272742400195        3.5074534220858815E-002
   7.5246969712000196      -0.33461135027536082     
   7.5406666681600196      -0.62510529364366485     
   7.5566363651200197      -0.84292191344791856     
   7.5726060620800197      -0.99457918779264098     
   7.5885757590400198       -1.0865950947823504     
   7.6045454560000199       -1.1254876125215656     
   7.6205151529600199       -1.1177747191148051     
   7.6364848499200200       -1.0699743926665872     
   7.6524545468800200      -0.98860461128143251     
   7.6684242438400201      -0.88018335306385664     
   7.6843939408000201      -0.75122859611838033     
   7.7003636377600202      -0.60825831854952161     
   7.7163333347200203      -0.45779049846179920     
   7.7323030316800203      -0.30634311395973174     
   7.7482727286400204      -0.16043414314783788     
   7.7642424256000204       -2.6581564130634450E-002
   7.7802121225600205        8.9319591966280906E-002
   7.7961818195200205       0.18620749252544475     
   7.8121515164800206       0.26527962610278433     
   7.8281212134400207       0.32774629195709748     
   7.8440909104000207       0.37481778934718191     
   7.8600606073600208       0.40770441753183539     
   7.8760303043200208       0.42761647576985579     
   7.8920000012800209       0.43576426332004081     
   7.9079696982400209       0.43335807944118832     
   7.9239393952000210       0.42160822339209603     
   7.9399090921600211       0.40172499443156173     
   7.9558787891200211       0.37491869181838305     
   7.9718484860800212       0.34239961481135806     
   7.9878181830400212       0.30537806266928447     
   8.0037878800000204       0.26506433465096213     
   8.0197575769600196       0.22266873001518686     
   8.0357272739200187       0.17940154802075650     
   8.0516969708800179       0.13647308792646820     
   8.0676666678400171        9.5093648991119481E-002
   8.0836363648000162        5.6473530473508157E-002
   8.0996060617600154        2.1823031632432134E-002
   8.1155757587200146       -7.6536853569520906E-003
   8.1315454556800137       -3.1316323131651308E-002
   8.1475151526400129       -4.9534725148761248E-002
   8.1634848496000121       -6.2783753288195382E-002
   8.1794545465600113       -7.1538269429867157E-002
   8.1954242435200104       -7.6273135453690022E-002
   8.2113939404800096       -7.7463213239577472E-002
   8.2273636374400088       -7.5583364667442948E-002
   8.2433333344000079       -7.1108451617199905E-002
   8.2593030313600071       -6.4513335968761798E-002
   8.2752727283200063       -5.6272879602042122E-002
   8.2912424252800054       -4.6861944396954291E-002
   8.3072121222400046       -3.6755392233411767E-002
   8.3231818192000038       -2.6428084991328094E-002
   8.3391515161600029       -1.6354884550616650E-002
   8.3551212131200021       -7.0106527911908897E-003
   8.3710909100800013        1.1300883443361048E-003
   8.3870606070400004        7.7432202676402107E-003
   8.4030303039999996        1.2890682817867743E-002
   8.4190000009599988        1.6695495435501997E-002
   8.4349696979199980        1.9280677561026267E-002
   8.4509393948799971        2.0769248634923854E-002
   8.4669090918399963        2.1284228097678042E-002
   8.4828787887999955        2.0948635389772138E-002
   8.4988484857599946        1.9885489951689428E-002
   8.5148181827199938        1.8217811223913211E-002
   8.5307878796799930        1.6068618646926797E-002
   8.5467575766399921        1.3560931661213450E-002
   8.5627272735999913        1.0817769707256491E-002
   8.5786969705599905        7.9621522255392176E-003
   8.5946666675199896        5.1170986565448918E-003
   8.6106363644799888        2.4056284407568550E-003
   8.6266060614399880       -4.9239223102838213E-005
   8.6425757583999872       -2.1503948139077150E-003
   8.6585454553599863       -3.8978957075156383E-003
   8.6745151523199855       -5.3145728989129086E-003
   8.6904848492799847       -6.4232573830858277E-003
   8.7064545462399838       -7.2467801550206920E-003
   8.7224242431999830       -7.8079722097038054E-003
   8.7383939401599822       -8.1296645421214658E-003
   8.7543636371199813       -8.2346881472599737E-003
   8.7703333340799805       -8.1458740201056316E-003
   8.7863030310399797       -7.8860531556447337E-003
   8.8022727279999788       -7.4780565488635859E-003
   8.8182424249599780       -6.9447151947484853E-003
   8.8342121219199772       -6.3088600882857280E-003
   8.8501818188799763       -5.5933222244616250E-003
   8.8661515158399755       -4.8209325982624673E-003
   8.8821212127999747       -4.0145222046745624E-003
   8.8980909097599739       -3.1969220386841991E-003
   8.9140606067199730       -2.3909630952776845E-003
   8.9300303036799722       -1.6194763694413184E-003
   8.9460000006399714       -9.0529285616140157E-004
   8.9619696975999705       -2.7124355042423397E-004
   8.9779393945599697        2.6056751384916419E-004
   8.9939090915199689        6.8355503875900726E-004
   9.0098787884799680        1.0060129986353852E-003
   9.0258484854399672        1.2368343651228571E-003
   9.0418181823999664        1.3849121098659821E-003
   9.0577878793599655        1.4591392045093193E-003
   9.0737575763199647        1.4684086206974277E-003
   9.0897272732799639        1.4216133300748671E-003
   9.1056969702399631        1.3276463042861959E-003
   9.1216666671999622        1.1954005149759739E-003
   9.1376363641599614        1.0337689337887584E-003
   9.1536060611199606        8.5164453236911118E-004
   9.1695757580799597        6.5792028236158864E-004
   9.1855454550399589        4.6148915541075332E-004
   9.2015151519999581        2.7124412316116168E-004
   9.2174848489599572        9.6078157257374315E-005
   9.2334545459199564       -5.5221581571622442E-005
   9.2494242428799556       -1.7831315832714375E-004
   9.2653939398399547       -2.7482879828173463E-004
   9.2813636367999539       -3.4682072576320937E-004
   9.2973333337599531       -3.9634116509938239E-004
   9.3133030307199522       -4.2544234061806804E-004
   9.3292727276799514       -4.3617647664708078E-004
   9.3452424246399506       -4.3059579751423508E-004
   9.3612121215999498       -4.1075252754734512E-004
   9.3771818185599489       -3.7869889107422549E-004
   9.3931515155199481       -3.3648711242269030E-004
   9.4091212124799473       -2.8616941592055425E-004
   9.4250909094399464       -2.2979802589563156E-004
   9.4410606063999456       -1.6942516667573659E-004
   9.4570303033599448       -1.0710306258868453E-004
   9.4730000003199439       -4.4883937962288226E-005
   9.4889696972799431        1.5185861288600135E-005
   9.5049393942399423        7.1717531334027453E-005
   9.5209090911999414        1.2457138020457179E-004
   9.5368787881599406        1.7374740790023312E-004
   9.5528484851199398        2.1924561442101148E-004
   9.5688181820799389        2.6106599976690684E-004
   9.5847878790399381        2.9920856393791917E-004
   9.6007575759999373        3.3367330693404853E-004
   9.6167272729599365        3.6446022875529486E-004
   9.6326969699199356        3.9156932940165827E-004
   9.6486666668799348        4.1500060887313871E-004
   9.6646363638399340        4.3475406716973606E-004
   9.6806060607999331        4.5082970429145055E-004
   9.6965757577599323        4.6322752023828195E-004
   9.7125454547199315        4.7194751501023033E-004
   9.7285151516799306        4.7698968860729573E-004
   9.7444848486399298        4.7835404102947822E-004
   9.7604545455999290        4.7604057227677767E-004
   9.7764242425599281        4.7004928234919410E-004
   9.7923939395199273        4.6038017124672750E-004
   9.8083636364799265        4.4703323896937792E-004
   9.8243333334399257        4.3000848551714537E-004
   9.8403030303999248        4.0930591089002996E-004
   9.8562727273599240        3.8492551508803141E-004
   9.8722424243199232        3.5686729811114988E-004
   9.8882121212799223        3.2513125995938533E-004
   9.9041818182399215        2.8971740063273797E-004
   9.9201515151999207        2.5062572013120747E-004
   9.9361212121599198        2.0785621845479391E-004
   9.9520909091199190        1.6140889560349741E-004
   9.9680606060799182        1.1128375157731789E-004
   9.9840303030399173        5.7480786376255595E-005
