   2.0151515199999999        53.009999999999998     
   2.0311212169599999        53.652596301159974     
   2.0470909139200000        54.284834338557324     
   2.0630606108800000        54.908001088459763     
   2.0790303078400001        55.523383527135010     
   2.0950000048000001        56.132268630850774     
   2.1109697017600002        56.736062949095150     
   2.1269393987200003        57.337804728096913     
   2.1429090956800003        57.941712335599291     
   2.1588787926400004        58.552030414910305     
   2.1748484896000004        59.173003609337961     
   2.1908181865600005        59.808839279840157     
   2.2067878835200005        60.459110994607123     
   2.2227575804800006        61.114326085360204     
   2.2387272774400007        61.763940858483515     
   2.2546969744000007        62.397411620361176     
   2.2706666713600008        63.004194677377306     
   2.2866363683200008        63.575597881764701     
   2.3026060652800009        64.113876735854276     
   2.3185757622400009        64.625295826637242     
   2.3345454592000010        65.116125761399701     
   2.3505151561600011        65.592637147427737     
   2.3664848531200011        66.060930079397451     
   2.3824545500800012        66.523082055327919     
   2.3984242470400012        66.977091162854151     
   2.4143939440000013        67.420773613555113     
   2.4303636409600013        67.851945619009726     
   2.4463333379200014        68.268424033882596     
   2.4623030348800015        68.668566622560846     
   2.4782727318400015        69.052254966350901     
   2.4942424288000016        69.419637041063737     
   2.5102121257600016        69.770860822510357     
   2.5261818227200017        70.106074286501723     
   2.5421515196800017        70.425444852464736     
   2.5581212166400018        70.729313802362682     
   2.5740909136000019        71.018113940577607     
   2.5900606105600019        71.292278889695183     
   2.6060303075200020        71.552242272301115     
   2.6220000044800020        71.798421993146476     
   2.6379697014400021        72.030479671559306     
   2.6539393984000021        72.247001068201698     
   2.6699090953600022        72.446489811854462     
   2.6858787923200023        72.627449531298396     
   2.7018484892800023        72.788383855314265     
   2.7178181862400024        72.928310679151963     
   2.7337878832000024        73.048372404813321     
   2.7497575801600025        73.150259970310302     
   2.7657272771200025        73.235664314315187     
   2.7816969740800026        73.306276375500275     
   2.7976666710400027        73.363534897047955     
   2.8136363680000027        73.405291337222849     
   2.8296060649600028        73.426727943807322     
   2.8455757619200028        73.422963428641609     
   2.8615454588800029        73.389116503565916     
   2.8775151558400029        73.320332146668221     
   2.8934848528000030        73.215401911985168     
   2.9094545497600031        73.080466574626612     
   2.9254242467200031        72.922549789130912     
   2.9413939436800032        72.748675210036382     
   2.9573636406400032        72.565866491881380     
   2.9733333376000033        72.379905560190693     
   2.9893030345600033        72.188983993845596     
   3.0052727315200034        71.988426175085806     
   3.0212424284800035        71.773551157904635     
   3.0372121254400035        71.539677996295438     
   3.0531818224000036        71.282238214048192     
   3.0691515193600036        70.999457118300455     
   3.0851212163200037        70.692473867458972     
   3.1010909132800037        70.362564116641224     
   3.1170606102400038        70.011003520964778     
   3.1330303072000039        69.639067383852208     
   3.1490000041600039        69.247648112314408     
   3.1649697011200040        68.836525140604380     
   3.1809393980800040        68.405276810560608     
   3.1969090950400041        67.953481464021579     
   3.2128787920000041        67.480717442825778     
   3.2288484889600042        66.986617335222249     
   3.2448181859200043        66.471316726106878     
   3.2607878828800043        65.935223876646930     
   3.2767575798400044        65.378749743661260     
   3.2927272768000044        64.802305283968749     
   3.3086969737600045        64.206297918672632     
   3.3246666707200045        63.590952402292778     
   3.3406363676800046        62.956226117576342     
   3.3566060646400047        62.302055195910427     
   3.3725757616000047        61.628375768682105     
   3.3885454585600048        60.935123967278471     
   3.4045151555200048        60.222342184723189     
   3.4204848524800049        59.490526194481333     
   3.4364545494400049        58.740292664493680     
   3.4524242464000050        57.972258263829040     
   3.4683939433600051        57.187039661556256     
   3.4843636403200051        56.385213900178293     
   3.5003333372800052        55.566770113347935     
   3.5163030342400052        54.731247416133080     
   3.5322727312000053        53.878173494171890     
   3.5482424281600053        53.007076033102521     
   3.5642121251200054        52.117486807761622     
   3.5801818220800055        51.209575410567027     
   3.5961515190400055        50.284835697180426     
   3.6121212160000056        49.344926330276046     
   3.6280909129600056        48.391505972528115     
   3.6440606099200057        47.426233286610859     
   3.6600303068800057        46.450559585551730     
   3.6760000038400058        45.464625612616459     
   3.6919697008000059        44.468061530096080     
   3.7079393977600059        43.460496346281289     
   3.7239090947200060        42.441559069462805     
   3.7398787916800060        41.410902617724396     
   3.7558484886400061        40.368806006648008     
   3.7718181856000061        39.316219840427365     
   3.7877878825600062        38.254127745305489     
   3.8037575795200063        37.183513347525434     
   3.8197272764800063        36.105360169666127     
   3.8356969734400064        35.020501245250330     
   3.8516666704000064        33.929318206062383     
   3.8676363673600065        32.832108401476006     
   3.8836060643200065        31.729169180864901     
   3.8995757612800066        30.620797893602784     
   3.9155454582400067        29.507330428208761     
   3.9315151552000067        28.389473368926925     
   3.9474848521600068        27.268140223546723     
   3.9634545491200068        26.144246751993414     
   3.9794242460800069        25.018708714192265     
   3.9953939430400069        23.892437598186657     
   4.0113636400000070        22.766107355912219     
   4.0273333369600071        21.640034167353818     
   4.0433030339200071        20.514504621640654     
   4.0592727308800072        19.389805307901945     
   4.0752424278400072        18.266222815266890     
   4.0912121248000073        17.144097191307104     
   4.1071818217600073        16.024004059138971     
   4.1231515187200074        14.906583912724466     
   4.1391212156800075        13.792477248005525     
   4.1550909126400075        12.682324560924080     
   4.1710606096000076        11.576765858143773     
   4.1870303065600076        10.476433569936940     
   4.2030000035200077        9.3819541608402428     
   4.2189697004800077        8.2939539340225270     
   4.2349393974400078        7.2130591926526391     
   4.2509090944000079        6.1398938271772874     
   4.2668787913600079        5.0746562155430563     
   4.2828484883200080        4.0166344683095838     
   4.2988181852800080        2.9649993724219743     
   4.3147878822400081        1.9189217148253377     
   4.3307575792000081       0.87757228246477936     
   4.3467272761600082      -0.15930425060601605     
   4.3626969731200083       -1.1882118887405257     
   4.3786666700800083       -2.2041475660762622     
   4.3946363670400084       -3.2021041353207340     
   4.4106060640000084       -4.1770744491814504     
   4.4265757609600085       -5.1244310634812811     
   4.4425454579200085       -6.0500408247668380     
   4.4585151548800086       -6.9713478973829917     
   4.4744848518400087       -7.9063934094244486     
   4.4904545488000087       -8.8732184889859127     
   4.5064242457600088       -9.8898551436625670     
   4.5223939427200088       -10.956018561767459     
   4.5383636396800089       -12.014718948558897     
   4.5543333366400089       -12.998026766414405     
   4.5703030336000090       -13.838012477711512     
   4.5862727305600091       -14.466746544827746     
   4.6022424275200091       -14.835388731480240     
   4.6182121244800092       -15.085642053419793     
   4.6341818214400092       -15.468718259848711     
   4.6501515184000093       -16.237136016523380     
   4.6661212153600093       -17.643413989200184     
   4.6820909123200094       -19.932701141689641     
   4.6980606092800095       -22.907964321051395     
   4.7140303062400095       -25.686788093382319     
   4.7300000032000096       -27.327799409212716     
   4.7459697001600096       -26.889625219072887     
   4.7619393971200097       -23.430892473493131     
   4.7779090940800097       -16.356116009263225     
   4.7938787910400098       -6.6441302134780820     
   4.8098484880000099        4.2785607712044822     
   4.8258181849600099        14.985421401826652     
   4.8417878819200100        24.049916135430603     
   4.8577575788800100        30.120195968876139     
   4.8737272758400101        33.052317629701605     
   4.8896969728000101        33.680689874696107     
   4.9056666697600102        32.867856941409798     
   4.9216363667200103        31.476363067392825     
   4.9376060636800103        30.367194995445203     
   4.9535757606400104        30.088549825150725     
   4.9695454576000104        30.499106696057932     
   4.9855151545600105        31.365530045652466     
   5.0014848515200105        32.454484311419968     
   5.0174545484800106        33.532633930846089     
   5.0334242454400107        34.395522718738086     
   5.0493939424000107        35.033963548008664     
   5.0653636393600108        35.519653754946269     
   5.0813333363200108        35.924549779619959     
   5.0973030332800109        36.320608062098799     
   5.1132727302400109        36.777861692468271     
   5.1292424272000110        37.310164961091623     
   5.1452121241600111        37.867629618113284     
   5.1611818211200111        38.396923745526884     
   5.1771515180800112        38.844715425326079     
   5.1931212150400112        39.157686604906552     
   5.2090909120000113        39.322887228777823     
   5.2250606089600113        39.456363029486141     
   5.2410303059200114        39.699871276029690     
   5.2570000028800115        40.195169237406638     
   5.2729696998400115        41.084014182615164     
   5.2889393968000116        42.470953514331249     
   5.3049090937600116        44.074946035803890     
   5.3208787907200117        45.386813241734686     
   5.3368484876800117        45.894402278113205     
   5.3528181846400118        45.085560290929010     
   5.3687878816000119        42.452822498123567     
   5.3847575785600119        37.793077518963770     
   5.4007272755200120        31.388727466637963     
   5.4166969724800120        23.565590447885373     
   5.4326666694400121        14.649484569445217     
   5.4486363664000121        4.9662279380567256     
   5.4646060633600122       -5.1583613395408818     
   5.4805757603200123       -15.398465156608388     
   5.4965454572800123       -25.428265406406567     
   5.5125151542400124       -34.921943982196183     
   5.5284848512000124       -43.553682777238038     
   5.5444545481600125       -51.010142438062331     
   5.5604242451200125       -57.188925500582037     
   5.5763939420800126       -62.163373112277050     
   5.5923636390400127       -66.012190858343686     
   5.6083333360000127       -68.814084323978250     
   5.6243030329600128       -70.647759094377037     
   5.6402727299200128       -71.591920754736378     
   5.6562424268800129       -71.725274890252592     
   5.6722121238400129       -71.126527086121968     
   5.6881818208000130       -69.874382927540807     
   5.7041515177600131       -68.047547999705444     
   5.7201212147200131       -65.724727887812165     
   5.7360909116800132       -62.984628177057296     
   5.7520606086400132       -59.905954452637140     
   5.7680303056000133       -56.567412299748021     
   5.7840000025600133       -53.047707303586222     
   5.7999696995200134       -49.424729543043419     
   5.8159393964800135       -45.751160992669092     
   5.8319090934400135       -42.050265880161717     
   5.8478787904000136       -38.343644698925793     
   5.8638484873600136       -34.652897942365811     
   5.8798181843200137       -30.999626103886285     
   5.8957878812800137       -27.405429676891703     
   5.9117575782400138       -23.891909154786568     
   5.9277272752000139       -20.480665030975377     
   5.9436969721600139       -17.193297798862631     
   5.9596666691200140       -14.051407951852816     
   5.9756363660800140       -11.076595983350444     
   5.9916060630400141       -8.2904623867600122     
   6.0075757600000141       -5.7146076554860130     
   6.0235454569600142       -3.3706322829329523     
   6.0395151539200143       -1.2801367625053217     
   6.0554848508800143       0.53547644372133085     
   6.0714545478400144        2.0687568671461181     
   6.0874242448000144        3.3351622393690761     
   6.1033939417600145        4.3522788168481314     
   6.1193636387200145        5.1376928560412090     
   6.1353333356800146        5.7089906134062351     
   6.1513030326400147        6.0837583454011357     
   6.1672727296000147        6.2795823084838354     
   6.1832424265600148        6.3140487591122625     
   6.1992121235200148        6.2047439537443392     
   6.2151818204800149        5.9692541488379955     
   6.2311515174400149        5.6251656008511555     
   6.2471212144000150        5.1900645662417437     
   6.2630909113600151        4.6815373014676869     
   6.2790606083200151        4.1171700629869097     
   6.2950303052800152        3.5145491072573392     
   6.3110000022400152        2.8912606907369036     
   6.3269696992000153        2.2648910698835261     
   6.3429393961600153        1.6530265011551279     
   6.3589090931200154        1.0732532410096429     
   6.3748787900800155       0.54315754590499754     
   6.3908484870400155        8.0325672299103659E-002
   6.4068181840000156      -0.29980862016647841     
   6.4227878809600156      -0.59739438984209847     
   6.4387575779200157      -0.81943960175764552     
   6.4547272748800157      -0.97298197683949927     
   6.4706969718400158       -1.0650592360140401     
   6.4866666688000159       -1.1027091002076472     
   6.5026363657600159       -1.0929692903467005     
   6.5186060627200160       -1.0428775273575797     
   6.5345757596800160      -0.95947153216666436     
   6.5505454566400161      -0.84978902570033488     
   6.5665151536000161      -0.72086772888497019     
   6.5824848505600162      -0.57974536264695076     
   6.5984545475200163      -0.43345964791265562     
   6.6144242444800163      -0.28904830560846451     
   6.6303939414400164      -0.15354905666075791     
   6.6463636384000164       -3.3999621995916510E-002
   6.6623333353600165        6.3049087866819481E-002
   6.6783030323200165       0.13649006618217399     
   6.6942727292800166       0.18862891547563651     
   6.7102424262400167       0.22182380375397798     
   6.7262121232000167       0.23843289902396930     
   6.7421818201600168       0.24081436929238126     
   6.7581515171200168       0.23132638256598481     
   6.7741212140800169       0.21232710685155087     
   6.7900909110400169       0.18617471015585033     
   6.8060606080000170       0.15522736048565403     
   6.8220303049600171       0.12184322584773304     
   6.8380000019200171        8.8380474248857782E-002
   6.8539696988800172        5.7197273695799591E-002
   6.8699393958400172        3.0651792195329219E-002
   6.8859090928000173        1.1102197754217755E-002
   6.9018787897600173        9.0665837923590642E-004
   6.9178484867200174        2.3092497877874618E-003
   6.9338181836800175        1.5442191378628737E-002
   6.9497878806400175        3.8576440781537269E-002
   6.9657575776000176        6.9919233051039850E-002
   6.9817272745600176       0.10767780324166330     
   6.9976969715200177       0.15005938640793440     
   7.0136666684800177       0.19527121760437999     
   7.0296363654400178       0.24152053188552677     
   7.0456060624000179       0.28701456430590166     
   7.0615757593600179       0.32996054992003143     
   7.0775454563200180       0.36856572378244284     
   7.0935151532800180       0.40103732094766276     
   7.1094848502400181       0.42558257647021797     
   7.1254545472000181       0.44040872540463522     
   7.1414242441600182       0.44372300280544136     
   7.1573939411200183       0.43373264372716325     
   7.1733636380800183       0.40864488322432746     
   7.1893333350400184       0.36666695635146113     
   7.2053030320000184       0.30600609816309088     
   7.2212727289600185       0.22486954371374318     
   7.2372424259200185       0.12146452805794557     
   7.2532121228800186       -6.0015838840769250E-003
   7.2691818198400187      -0.15747002734639678     
   7.2851515168000187      -0.32637123469473028     
   7.3011212137600188      -0.50470517673605308     
   7.3170909107200188      -0.68447182427734110     
   7.3330606076800189      -0.85767114812556999     
   7.3490303046400189       -1.0163031190877152     
   7.3650000016000190       -1.1523677079707528     
   7.3809696985600191       -1.2578648855816581     
   7.3969393955200191       -1.3247946227274072     
   7.4129090924800192       -1.3451568902149758     
   7.4288787894400192       -1.3109516588513392     
   7.4448484864000193       -1.2141788994434735     
   7.4608181833600193       -1.0468385827983544     
   7.4767878803200194      -0.80093067972295739     
   7.4927575772800195      -0.46845516102425855     
   7.5087272742400195       -4.1411997509233328E-002
   7.5246969712000196       0.48331102887015065     
   7.5406666681600196        1.0834906917030693     
   7.5566363651200197        1.7287199201864907     
   7.5726060620800197        2.3885875685331985     
   7.5885757590400198        3.0326824909559762     
   7.6045454560000199        3.6305935416676074     
   7.6205151529600199        4.1519095748808761     
   7.6364848499200200        4.5662194448085653     
   7.6524545468800200        4.8431120056634587     
   7.6684242438400201        4.9521761116583400     
   7.6843939408000201        4.8630006170059934     
   7.7003636377600202        4.5451743759192018     
   7.7163333347200203        3.9682862426107497     
   7.7323030316800203        3.1019250712934170     
   7.7482727286400204        1.9156797161799937     
   7.7642424256000204       0.37913903148325923     
   7.7802121225600205       -1.5327916224967970     
   7.7961818195200205       -3.8039582236022089     
   7.8121515164800206       -6.3989246997130191     
   7.8281212134400207       -9.2821456464834267     
   7.8440909104000207       -12.418075659567631     
   7.8600606073600208       -15.771169334619833     
   7.8760303043200208       -19.305881267294229     
   7.8920000012800209       -22.986666053245024     
   7.9079696982400209       -26.777978288126413     
   7.9239393952000210       -30.644272567592591     
   7.9399090921600211       -34.550003487297772     
   7.9558787891200211       -38.459625642896135     
   7.9718484860800212       -42.337593630041901     
   7.9878181830400212       -46.148362044389259     
   8.0037878800000204       -49.856385481592199     
   8.0197575769600196       -53.426118537305157     
   8.0357272739200187       -56.822015807182325     
   8.0516969708800179       -60.008531886877911     
   8.0676666678400171       -62.950121372046127     
   8.0836363648000162       -65.611238858341167     
   8.0996060617600154       -67.956338941417243     
   8.1155757587200146       -69.950113826465298     
   8.1315454556800137       -71.579086878987894     
   8.1475151526400129       -72.868891098046717     
   8.1634848496000121       -73.849225482167839     
   8.1794545465600113       -74.549789029877246     
   8.1954242435200104       -75.000280739701012     
   8.2113939404800096       -75.230399610165151     
   8.2273636374400088       -75.269844639795693     
   8.2433333344000079       -75.148314827118682     
   8.2593030313600071       -74.895509170660148     
   8.2752727283200063       -74.541126668946120     
   8.2912424252800054       -74.114866320502642     
   8.3072121222400046       -73.646427123855730     
   8.3231818192000038       -73.165508077531427     
   8.3391515161600029       -72.701808180055764     
   8.3551212131200021       -72.285026429954769     
   8.3710909100800013       -71.944840593608120     
   8.3870606070400004       -71.701534393173375     
   8.4030303039999996       -71.551278724620715     
   8.4190000009599988       -71.486429512646978     
   8.4349696979199980       -71.499342681949003     
   8.4509393948799971       -71.582374157223597     
   8.4669090918399963       -71.727879863167615     
   8.4828787887999955       -71.928215724477894     
   8.4988484857599946       -72.175737665851244     
   8.5148181827199938       -72.462801611984517     
   8.5307878796799930       -72.781763487574537     
   8.5467575766399921       -73.124979217318142     
   8.5627272735999913       -73.484804725912170     
   8.5786969705599905       -73.853595938053431     
   8.5946666675199896       -74.223708778438791     
   8.6106363644799888       -74.587499171765046     
   8.6266060614399880       -74.937323057810943     
   8.6425757583999872       -75.267152710711997     
   8.6585454553599863       -75.577022008163098     
   8.6745151523199855       -75.868385524156565     
   8.6904848492799847       -76.142697832684632     
   8.7064545462399838       -76.401413507739605     
   8.7224242431999830       -76.645987123313731     
   8.7383939401599822       -76.877873253399301     
   8.7543636371199813       -77.098526471988592     
   8.7703333340799805       -77.309401353073852     
   8.7863030310399797       -77.511952470647387     
   8.8022727279999788       -77.707634398701458     
   8.8182424249599780       -77.897901711228329     
   8.8342121219199772       -78.084208982220289     
   8.8501818188799763       -78.268010785669603     
   8.8661515158399755       -78.450761695568559     
   8.8821212127999747       -78.633916285909407     
   8.8980909097599739       -78.818929130684424     
   8.9140606067199730       -79.007254803885900     
   8.9300303036799722       -79.200347879506111     
   8.9460000006399714       -79.399662931537307     
   8.9619696975999705       -79.606654533971792     
   8.9779393945599697       -79.822732080976280     
   8.9939090915199689       -80.048340494451509     
   9.0098787884799680       -80.282999965999053     
   9.0258484854399672       -80.526193460200346     
   9.0418181823999664       -80.777403941636905     
   9.0577878793599655       -81.036114374890190     
   9.0737575763199647       -81.301807724541675     
   9.0897272732799639       -81.573966955172850     
   9.1056969702399631       -81.852075031365189     
   9.1216666671999622       -82.135614917700181     
   9.1376363641599614       -82.424069578759273     
   9.1536060611199606       -82.716921979123981     
   9.1695757580799597       -83.013655083375767     
   9.1855454550399589       -83.313751856096104     
   9.2015151519999581       -83.616695261866482     
   9.2174848489599572       -83.921968265268376     
   9.2334545459199564       -84.229059925992146     
   9.2494242428799556       -84.537715365540635     
   9.2653939398399547       -84.848023839640675     
   9.2813636367999539       -85.160098797553019     
   9.2973333337599531       -85.474053688538362     
   9.3133030307199522       -85.790001961857456     
   9.3292727276799514       -86.108057066770996     
   9.3452424246399506       -86.428332452539735     
   9.3612121215999498       -86.750941568424381     
   9.3771818185599489       -87.075997863685657     
   9.3931515155199481       -87.403614787584317     
   9.4091212124799473       -87.733905789381041     
   9.4250909094399464       -88.066984318336594     
   9.4410606063999456       -88.402963823711673     
   9.4570303033599448       -88.741957754767029     
   9.4730000003199439       -89.084079560763371     
   9.4889696972799431       -89.429442352342605     
   9.5049393942399423       -89.778121363235925     
   9.5209090911999414       -90.130119873607654     
   9.5368787881599406       -90.485433116836361     
   9.5528484851199398       -90.844056326300645     
   9.5688181820799389       -91.205984735379062     
   9.5847878790399381       -91.571213577450223     
   9.6007575759999373       -91.939738085892714     
   9.6167272729599365       -92.311553494085103     
   9.6326969699199356       -92.686655035405991     
   9.6486666668799348       -93.065037943233961     
   9.6646363638399340       -93.446697450947596     
   9.6806060607999331       -93.831628791925482     
   9.6965757577599323       -94.219827199546202     
   9.7125454547199315       -94.611287907188341     
   9.7285151516799306       -95.006006148230497     
   9.7444848486399298       -95.403977156051241     
   9.7604545455999290       -95.805196164029155     
   9.7764242425599281       -96.209658405542839     
   9.7923939395199273       -96.617359113970878     
   9.8083636364799265       -97.028293522691854     
   9.8243333334399257       -97.442456865084338     
   9.8403030303999248       -97.859844374526944     
   9.8562727273599240       -98.280451284398225     
   9.8722424243199232       -98.704272828076796     
   9.8882121212799223       -99.131304238941226     
   9.9041818182399215       -99.561540750370114     
   9.9201515151999207       -99.994977595742029     
   9.9361212121599198       -100.43161000843557     
   9.9520909091199190       -100.87143322182931     
   9.9680606060799182       -101.31444246930185     
   9.9840303030399173       -101.76063298423176     
