   2.0151515199999999        0.0000000000000000     
   2.0311212169599999        0.0000000000000000     
   2.0470909139200000        0.0000000000000000     
   2.0630606108800000        0.0000000000000000     
   2.0790303078400001        0.0000000000000000     
   2.0950000048000001        0.0000000000000000     
   2.1109697017600002        0.0000000000000000     
   2.1269393987200003        0.0000000000000000     
   2.1429090956800003        0.0000000000000000     
   2.1588787926400004        0.0000000000000000     
   2.1748484896000004        0.0000000000000000     
   2.1908181865600005        0.0000000000000000     
   2.2067878835200005        0.0000000000000000     
   2.2227575804800006        0.0000000000000000     
   2.2387272774400007        0.0000000000000000     
   2.2546969744000007        0.0000000000000000     
   2.2706666713600008        0.0000000000000000     
   2.2866363683200008        0.0000000000000000     
   2.3026060652800009        0.0000000000000000     
   2.3185757622400009        0.0000000000000000     
   2.3345454592000010        0.0000000000000000     
   2.3505151561600011        0.0000000000000000     
   2.3664848531200011        0.0000000000000000     
   2.3824545500800012        0.0000000000000000     
   2.3984242470400012        0.0000000000000000     
   2.4143939440000013        0.0000000000000000     
   2.4303636409600013        0.0000000000000000     
   2.4463333379200014        0.0000000000000000     
   2.4623030348800015        0.0000000000000000     
   2.4782727318400015        0.0000000000000000     
   2.4942424288000016        0.0000000000000000     
   2.5102121257600016        0.0000000000000000     
   2.5261818227200017        0.0000000000000000     
   2.5421515196800017        0.0000000000000000     
   2.5581212166400018        0.0000000000000000     
   2.5740909136000019        0.0000000000000000     
   2.5900606105600019        0.0000000000000000     
   2.6060303075200020        0.0000000000000000     
   2.6220000044800020        0.0000000000000000     
   2.6379697014400021        0.0000000000000000     
   2.6539393984000021        0.0000000000000000     
   2.6699090953600022        0.0000000000000000     
   2.6858787923200023        0.0000000000000000     
   2.7018484892800023        0.0000000000000000     
   2.7178181862400024        0.0000000000000000     
   2.7337878832000024        0.0000000000000000     
   2.7497575801600025        0.0000000000000000     
   2.7657272771200025        0.0000000000000000     
   2.7816969740800026        0.0000000000000000     
   2.7976666710400027        0.0000000000000000     
   2.8136363680000027        0.0000000000000000     
   2.8296060649600028        0.0000000000000000     
   2.8455757619200028        0.0000000000000000     
   2.8615454588800029        0.0000000000000000     
   2.8775151558400029        0.0000000000000000     
   2.8934848528000030        0.0000000000000000     
   2.9094545497600031        0.0000000000000000     
   2.9254242467200031        0.0000000000000000     
   2.9413939436800032        0.0000000000000000     
   2.9573636406400032        0.0000000000000000     
   2.9733333376000033        0.0000000000000000     
   2.9893030345600033        0.0000000000000000     
   3.0052727315200034        0.0000000000000000     
   3.0212424284800035        0.0000000000000000     
   3.0372121254400035        0.0000000000000000     
   3.0531818224000036        0.0000000000000000     
   3.0691515193600036        0.0000000000000000     
   3.0851212163200037        0.0000000000000000     
   3.1010909132800037        0.0000000000000000     
   3.1170606102400038        0.0000000000000000     
   3.1330303072000039        0.0000000000000000     
   3.1490000041600039        0.0000000000000000     
   3.1649697011200040        0.0000000000000000     
   3.1809393980800040        0.0000000000000000     
   3.1969090950400041        0.0000000000000000     
   3.2128787920000041        0.0000000000000000     
   3.2288484889600042        0.0000000000000000     
   3.2448181859200043        0.0000000000000000     
   3.2607878828800043        0.0000000000000000     
   3.2767575798400044        0.0000000000000000     
   3.2927272768000044        0.0000000000000000     
   3.3086969737600045        0.0000000000000000     
   3.3246666707200045        0.0000000000000000     
   3.3406363676800046        0.0000000000000000     
   3.3566060646400047        0.0000000000000000     
   3.3725757616000047        0.0000000000000000     
   3.3885454585600048        0.0000000000000000     
   3.4045151555200048        0.0000000000000000     
   3.4204848524800049        0.0000000000000000     
   3.4364545494400049        0.0000000000000000     
   3.4524242464000050        0.0000000000000000     
   3.4683939433600051        0.0000000000000000     
   3.4843636403200051        0.0000000000000000     
   3.5003333372800052        0.0000000000000000     
   3.5163030342400052        0.0000000000000000     
   3.5322727312000053        0.0000000000000000     
   3.5482424281600053        0.0000000000000000     
   3.5642121251200054        0.0000000000000000     
   3.5801818220800055        0.0000000000000000     
   3.5961515190400055        0.0000000000000000     
   3.6121212160000056        0.0000000000000000     
   3.6280909129600056        0.0000000000000000     
   3.6440606099200057        0.0000000000000000     
   3.6600303068800057        0.0000000000000000     
   3.6760000038400058        0.0000000000000000     
   3.6919697008000059        0.0000000000000000     
   3.7079393977600059        0.0000000000000000     
   3.7239090947200060        0.0000000000000000     
   3.7398787916800060        0.0000000000000000     
   3.7558484886400061        0.0000000000000000     
   3.7718181856000061        0.0000000000000000     
   3.7877878825600062        0.0000000000000000     
   3.8037575795200063        0.0000000000000000     
   3.8197272764800063        0.0000000000000000     
   3.8356969734400064        0.0000000000000000     
   3.8516666704000064        0.0000000000000000     
   3.8676363673600065        0.0000000000000000     
   3.8836060643200065        0.0000000000000000     
   3.8995757612800066        0.0000000000000000     
   3.9155454582400067        0.0000000000000000     
   3.9315151552000067        0.0000000000000000     
   3.9474848521600068        0.0000000000000000     
   3.9634545491200068        0.0000000000000000     
   3.9794242460800069        0.0000000000000000     
   3.9953939430400069        0.0000000000000000     
   4.0113636400000070        0.0000000000000000     
   4.0273333369600071        0.0000000000000000     
   4.0433030339200071        0.0000000000000000     
   4.0592727308800072        0.0000000000000000     
   4.0752424278400072        0.0000000000000000     
   4.0912121248000073        0.0000000000000000     
   4.1071818217600073        0.0000000000000000     
   4.1231515187200074        0.0000000000000000     
   4.1391212156800075        0.0000000000000000     
   4.1550909126400075        0.0000000000000000     
   4.1710606096000076        0.0000000000000000     
   4.1870303065600076        0.0000000000000000     
   4.2030000035200077        0.0000000000000000     
   4.2189697004800077        0.0000000000000000     
   4.2349393974400078        0.0000000000000000     
   4.2509090944000079        0.0000000000000000     
   4.2668787913600079        0.0000000000000000     
   4.2828484883200080        0.0000000000000000     
   4.2988181852800080        0.0000000000000000     
   4.3147878822400081        0.0000000000000000     
   4.3307575792000081        0.0000000000000000     
   4.3467272761600082        0.0000000000000000     
   4.3626969731200083        0.0000000000000000     
   4.3786666700800083        0.0000000000000000     
   4.3946363670400084        0.0000000000000000     
   4.4106060640000084        0.0000000000000000     
   4.4265757609600085        0.0000000000000000     
   4.4425454579200085        0.0000000000000000     
   4.4585151548800086        0.0000000000000000     
   4.4744848518400087        0.0000000000000000     
   4.4904545488000087        0.0000000000000000     
   4.5064242457600088        0.0000000000000000     
   4.5223939427200088        0.0000000000000000     
   4.5383636396800089        0.0000000000000000     
   4.5543333366400089        0.0000000000000000     
   4.5703030336000090        0.0000000000000000     
   4.5862727305600091        0.0000000000000000     
   4.6022424275200091        0.0000000000000000     
   4.6182121244800092        0.0000000000000000     
   4.6341818214400092        0.0000000000000000     
   4.6501515184000093        0.0000000000000000     
   4.6661212153600093        0.0000000000000000     
   4.6820909123200094        0.0000000000000000     
   4.6980606092800095        0.0000000000000000     
   4.7140303062400095        0.0000000000000000     
   4.7300000032000096        0.0000000000000000     
   4.7459697001600096        0.0000000000000000     
   4.7619393971200097        0.0000000000000000     
   4.7779090940800097        0.0000000000000000     
   4.7938787910400098        0.0000000000000000     
   4.8098484880000099        0.0000000000000000     
   4.8258181849600099        0.0000000000000000     
   4.8417878819200100        0.0000000000000000     
   4.8577575788800100        0.0000000000000000     
   4.8737272758400101        0.0000000000000000     
   4.8896969728000101        0.0000000000000000     
   4.9056666697600102        0.0000000000000000     
   4.9216363667200103        0.0000000000000000     
   4.9376060636800103        0.0000000000000000     
   4.9535757606400104        0.0000000000000000     
   4.9695454576000104        0.0000000000000000     
   4.9855151545600105        0.0000000000000000     
   5.0014848515200105        0.0000000000000000     
   5.0174545484800106        0.0000000000000000     
   5.0334242454400107        0.0000000000000000     
   5.0493939424000107        0.0000000000000000     
   5.0653636393600108        0.0000000000000000     
   5.0813333363200108        0.0000000000000000     
   5.0973030332800109        0.0000000000000000     
   5.1132727302400109        0.0000000000000000     
   5.1292424272000110        0.0000000000000000     
   5.1452121241600111        0.0000000000000000     
   5.1611818211200111        0.0000000000000000     
   5.1771515180800112        0.0000000000000000     
   5.1931212150400112        0.0000000000000000     
   5.2090909120000113        0.0000000000000000     
   5.2250606089600113        0.0000000000000000     
   5.2410303059200114        0.0000000000000000     
   5.2570000028800115        0.0000000000000000     
   5.2729696998400115        0.0000000000000000     
   5.2889393968000116        0.0000000000000000     
   5.3049090937600116        0.0000000000000000     
   5.3208787907200117        0.0000000000000000     
   5.3368484876800117        0.0000000000000000     
   5.3528181846400118        0.0000000000000000     
   5.3687878816000119        0.0000000000000000     
   5.3847575785600119        0.0000000000000000     
   5.4007272755200120        0.0000000000000000     
   5.4166969724800120        0.0000000000000000     
   5.4326666694400121        0.0000000000000000     
   5.4486363664000121        0.0000000000000000     
   5.4646060633600122        0.0000000000000000     
   5.4805757603200123        0.0000000000000000     
   5.4965454572800123        0.0000000000000000     
   5.5125151542400124        0.0000000000000000     
   5.5284848512000124        0.0000000000000000     
   5.5444545481600125        0.0000000000000000     
   5.5604242451200125        0.0000000000000000     
   5.5763939420800126        0.0000000000000000     
   5.5923636390400127        0.0000000000000000     
   5.6083333360000127        0.0000000000000000     
   5.6243030329600128        0.0000000000000000     
   5.6402727299200128        0.0000000000000000     
   5.6562424268800129        0.0000000000000000     
   5.6722121238400129        0.0000000000000000     
   5.6881818208000130        0.0000000000000000     
   5.7041515177600131        0.0000000000000000     
   5.7201212147200131        0.0000000000000000     
   5.7360909116800132        0.0000000000000000     
   5.7520606086400132        0.0000000000000000     
   5.7680303056000133        0.0000000000000000     
   5.7840000025600133        0.0000000000000000     
   5.7999696995200134        0.0000000000000000     
   5.8159393964800135        0.0000000000000000     
   5.8319090934400135        0.0000000000000000     
   5.8478787904000136        0.0000000000000000     
   5.8638484873600136        0.0000000000000000     
   5.8798181843200137        0.0000000000000000     
   5.8957878812800137        0.0000000000000000     
   5.9117575782400138        0.0000000000000000     
   5.9277272752000139        0.0000000000000000     
   5.9436969721600139        0.0000000000000000     
   5.9596666691200140        0.0000000000000000     
   5.9756363660800140        0.0000000000000000     
   5.9916060630400141        0.0000000000000000     
   6.0075757600000141        0.0000000000000000     
   6.0235454569600142        0.0000000000000000     
   6.0395151539200143        0.0000000000000000     
   6.0554848508800143        0.0000000000000000     
   6.0714545478400144        0.0000000000000000     
   6.0874242448000144        0.0000000000000000     
   6.1033939417600145        0.0000000000000000     
   6.1193636387200145        0.0000000000000000     
   6.1353333356800146        0.0000000000000000     
   6.1513030326400147        0.0000000000000000     
   6.1672727296000147        0.0000000000000000     
   6.1832424265600148        0.0000000000000000     
   6.1992121235200148        0.0000000000000000     
   6.2151818204800149        0.0000000000000000     
   6.2311515174400149        0.0000000000000000     
   6.2471212144000150        0.0000000000000000     
   6.2630909113600151        0.0000000000000000     
   6.2790606083200151        0.0000000000000000     
   6.2950303052800152        0.0000000000000000     
   6.3110000022400152        0.0000000000000000     
   6.3269696992000153        0.0000000000000000     
   6.3429393961600153        0.0000000000000000     
   6.3589090931200154        0.0000000000000000     
   6.3748787900800155        0.0000000000000000     
   6.3908484870400155        0.0000000000000000     
   6.4068181840000156        0.0000000000000000     
   6.4227878809600156        0.0000000000000000     
   6.4387575779200157        0.0000000000000000     
   6.4547272748800157        0.0000000000000000     
   6.4706969718400158        0.0000000000000000     
   6.4866666688000159        0.0000000000000000     
   6.5026363657600159        0.0000000000000000     
   6.5186060627200160        0.0000000000000000     
   6.5345757596800160        0.0000000000000000     
   6.5505454566400161        0.0000000000000000     
   6.5665151536000161        0.0000000000000000     
   6.5824848505600162        0.0000000000000000     
   6.5984545475200163        0.0000000000000000     
   6.6144242444800163        0.0000000000000000     
   6.6303939414400164        0.0000000000000000     
   6.6463636384000164        0.0000000000000000     
   6.6623333353600165        0.0000000000000000     
   6.6783030323200165        0.0000000000000000     
   6.6942727292800166        0.0000000000000000     
   6.7102424262400167        0.0000000000000000     
   6.7262121232000167        0.0000000000000000     
   6.7421818201600168        0.0000000000000000     
   6.7581515171200168        0.0000000000000000     
   6.7741212140800169        0.0000000000000000     
   6.7900909110400169        0.0000000000000000     
   6.8060606080000170        0.0000000000000000     
   6.8220303049600171        0.0000000000000000     
   6.8380000019200171        0.0000000000000000     
   6.8539696988800172        0.0000000000000000     
   6.8699393958400172        0.0000000000000000     
   6.8859090928000173        0.0000000000000000     
   6.9018787897600173        0.0000000000000000     
   6.9178484867200174        0.0000000000000000     
   6.9338181836800175        0.0000000000000000     
   6.9497878806400175        0.0000000000000000     
   6.9657575776000176        0.0000000000000000     
   6.9817272745600176        0.0000000000000000     
   6.9976969715200177        0.0000000000000000     
   7.0136666684800177        0.0000000000000000     
   7.0296363654400178        0.0000000000000000     
   7.0456060624000179        0.0000000000000000     
   7.0615757593600179        0.0000000000000000     
   7.0775454563200180        0.0000000000000000     
   7.0935151532800180        0.0000000000000000     
   7.1094848502400181        0.0000000000000000     
   7.1254545472000181        0.0000000000000000     
   7.1414242441600182        0.0000000000000000     
   7.1573939411200183        0.0000000000000000     
   7.1733636380800183        0.0000000000000000     
   7.1893333350400184        0.0000000000000000     
   7.2053030320000184        0.0000000000000000     
   7.2212727289600185        0.0000000000000000     
   7.2372424259200185        0.0000000000000000     
   7.2532121228800186        0.0000000000000000     
   7.2691818198400187        0.0000000000000000     
   7.2851515168000187        0.0000000000000000     
   7.3011212137600188        0.0000000000000000     
   7.3170909107200188        0.0000000000000000     
   7.3330606076800189        0.0000000000000000     
   7.3490303046400189        0.0000000000000000     
   7.3650000016000190        0.0000000000000000     
   7.3809696985600191        0.0000000000000000     
   7.3969393955200191        0.0000000000000000     
   7.4129090924800192        0.0000000000000000     
   7.4288787894400192        0.0000000000000000     
   7.4448484864000193        0.0000000000000000     
   7.4608181833600193        0.0000000000000000     
   7.4767878803200194        0.0000000000000000     
   7.4927575772800195        0.0000000000000000     
   7.5087272742400195        0.0000000000000000     
   7.5246969712000196        0.0000000000000000     
   7.5406666681600196        0.0000000000000000     
   7.5566363651200197        0.0000000000000000     
   7.5726060620800197        0.0000000000000000     
   7.5885757590400198        0.0000000000000000     
   7.6045454560000199        0.0000000000000000     
   7.6205151529600199        0.0000000000000000     
   7.6364848499200200        0.0000000000000000     
   7.6524545468800200        0.0000000000000000     
   7.6684242438400201        0.0000000000000000     
   7.6843939408000201        0.0000000000000000     
   7.7003636377600202        0.0000000000000000     
   7.7163333347200203        0.0000000000000000     
   7.7323030316800203        0.0000000000000000     
   7.7482727286400204        0.0000000000000000     
   7.7642424256000204        0.0000000000000000     
   7.7802121225600205        0.0000000000000000     
   7.7961818195200205        0.0000000000000000     
   7.8121515164800206        0.0000000000000000     
   7.8281212134400207        0.0000000000000000     
   7.8440909104000207        0.0000000000000000     
   7.8600606073600208        0.0000000000000000     
   7.8760303043200208        0.0000000000000000     
   7.8920000012800209        0.0000000000000000     
   7.9079696982400209        0.0000000000000000     
   7.9239393952000210        0.0000000000000000     
   7.9399090921600211        0.0000000000000000     
   7.9558787891200211        0.0000000000000000     
   7.9718484860800212        0.0000000000000000     
   7.9878181830400212        0.0000000000000000     
   8.0037878800000204        0.0000000000000000     
   8.0197575769600196        0.0000000000000000     
   8.0357272739200187        0.0000000000000000     
   8.0516969708800179        0.0000000000000000     
   8.0676666678400171        0.0000000000000000     
   8.0836363648000162        0.0000000000000000     
   8.0996060617600154        0.0000000000000000     
   8.1155757587200146        0.0000000000000000     
   8.1315454556800137        0.0000000000000000     
   8.1475151526400129        0.0000000000000000     
   8.1634848496000121        0.0000000000000000     
   8.1794545465600113        0.0000000000000000     
   8.1954242435200104        0.0000000000000000     
   8.2113939404800096        0.0000000000000000     
   8.2273636374400088        0.0000000000000000     
   8.2433333344000079        0.0000000000000000     
   8.2593030313600071        0.0000000000000000     
   8.2752727283200063        0.0000000000000000     
   8.2912424252800054        0.0000000000000000     
   8.3072121222400046        0.0000000000000000     
   8.3231818192000038        0.0000000000000000     
   8.3391515161600029        0.0000000000000000     
   8.3551212131200021        0.0000000000000000     
   8.3710909100800013        0.0000000000000000     
   8.3870606070400004        0.0000000000000000     
   8.4030303039999996        0.0000000000000000     
   8.4190000009599988        0.0000000000000000     
   8.4349696979199980        0.0000000000000000     
   8.4509393948799971        0.0000000000000000     
   8.4669090918399963        0.0000000000000000     
   8.4828787887999955        0.0000000000000000     
   8.4988484857599946        0.0000000000000000     
   8.5148181827199938        0.0000000000000000     
   8.5307878796799930        0.0000000000000000     
   8.5467575766399921        0.0000000000000000     
   8.5627272735999913        0.0000000000000000     
   8.5786969705599905        0.0000000000000000     
   8.5946666675199896        0.0000000000000000     
   8.6106363644799888        0.0000000000000000     
   8.6266060614399880        0.0000000000000000     
   8.6425757583999872        0.0000000000000000     
   8.6585454553599863        0.0000000000000000     
   8.6745151523199855        0.0000000000000000     
   8.6904848492799847        0.0000000000000000     
   8.7064545462399838        0.0000000000000000     
   8.7224242431999830        0.0000000000000000     
   8.7383939401599822        0.0000000000000000     
   8.7543636371199813        0.0000000000000000     
   8.7703333340799805        0.0000000000000000     
   8.7863030310399797        0.0000000000000000     
   8.8022727279999788        0.0000000000000000     
   8.8182424249599780        0.0000000000000000     
   8.8342121219199772        0.0000000000000000     
   8.8501818188799763        0.0000000000000000     
   8.8661515158399755        0.0000000000000000     
   8.8821212127999747        0.0000000000000000     
   8.8980909097599739        0.0000000000000000     
   8.9140606067199730        0.0000000000000000     
   8.9300303036799722        0.0000000000000000     
   8.9460000006399714        0.0000000000000000     
   8.9619696975999705        0.0000000000000000     
   8.9779393945599697        0.0000000000000000     
   8.9939090915199689        0.0000000000000000     
   9.0098787884799680        0.0000000000000000     
   9.0258484854399672        0.0000000000000000     
   9.0418181823999664        0.0000000000000000     
   9.0577878793599655        0.0000000000000000     
   9.0737575763199647        0.0000000000000000     
   9.0897272732799639        0.0000000000000000     
   9.1056969702399631        0.0000000000000000     
   9.1216666671999622        0.0000000000000000     
   9.1376363641599614        0.0000000000000000     
   9.1536060611199606        0.0000000000000000     
   9.1695757580799597        0.0000000000000000     
   9.1855454550399589        0.0000000000000000     
   9.2015151519999581        0.0000000000000000     
   9.2174848489599572        0.0000000000000000     
   9.2334545459199564        0.0000000000000000     
   9.2494242428799556        0.0000000000000000     
   9.2653939398399547        0.0000000000000000     
   9.2813636367999539        0.0000000000000000     
   9.2973333337599531        0.0000000000000000     
   9.3133030307199522        0.0000000000000000     
   9.3292727276799514        0.0000000000000000     
   9.3452424246399506        0.0000000000000000     
   9.3612121215999498        0.0000000000000000     
   9.3771818185599489        0.0000000000000000     
   9.3931515155199481        0.0000000000000000     
   9.4091212124799473        0.0000000000000000     
   9.4250909094399464        0.0000000000000000     
   9.4410606063999456        0.0000000000000000     
   9.4570303033599448        0.0000000000000000     
   9.4730000003199439        0.0000000000000000     
   9.4889696972799431        0.0000000000000000     
   9.5049393942399423        0.0000000000000000     
   9.5209090911999414        0.0000000000000000     
   9.5368787881599406        0.0000000000000000     
   9.5528484851199398        0.0000000000000000     
   9.5688181820799389        0.0000000000000000     
   9.5847878790399381        0.0000000000000000     
   9.6007575759999373        0.0000000000000000     
   9.6167272729599365        0.0000000000000000     
   9.6326969699199356        0.0000000000000000     
   9.6486666668799348        0.0000000000000000     
   9.6646363638399340        0.0000000000000000     
   9.6806060607999331        0.0000000000000000     
   9.6965757577599323        0.0000000000000000     
   9.7125454547199315        0.0000000000000000     
   9.7285151516799306        0.0000000000000000     
   9.7444848486399298        0.0000000000000000     
   9.7604545455999290        0.0000000000000000     
   9.7764242425599281        0.0000000000000000     
   9.7923939395199273        0.0000000000000000     
   9.8083636364799265        0.0000000000000000     
   9.8243333334399257        0.0000000000000000     
   9.8403030303999248        0.0000000000000000     
   9.8562727273599240        0.0000000000000000     
   9.8722424243199232        0.0000000000000000     
   9.8882121212799223        0.0000000000000000     
   9.9041818182399215        0.0000000000000000     
   9.9201515151999207        0.0000000000000000     
   9.9361212121599198        0.0000000000000000     
   9.9520909091199190        0.0000000000000000     
   9.9680606060799182        0.0000000000000000     
   9.9840303030399173        0.0000000000000000     
