   2.0151515199999999       -101.06999999999999     
   2.0311212169599999       -100.77338511419529     
   2.0470909139200000       -100.47695278396432     
   2.0630606108800000       -100.18089605269911     
   2.0790303078400001       -99.885407963791749     
   2.0950000048000001       -99.590681560634252     
   2.1109697017600002       -99.296941578620533     
   2.1269393987200003       -99.004845222353836     
   2.1429090956800003       -98.715362478957331     
   2.1588787926400004       -98.429470299699261     
   2.1748484896000004       -98.148145635847811     
   2.1908181865600005       -97.872355557258743     
   2.2067878835200005       -97.601838981126448     
   2.2227575804800006       -97.333931885410365     
   2.2387272774400007       -97.065691681541438     
   2.2546969744000007       -96.794175780950610     
   2.2706666713600008       -96.516441595068812     
   2.2866363683200008       -96.230038739039060     
   2.3026060652800009       -95.935427084869161     
   2.3185757622400009       -95.634132255303328     
   2.3345454592000010       -95.327681473484461     
   2.3505151561600011       -95.017601962555432     
   2.3664848531200011       -94.705373005219570     
   2.3824545500800012       -94.391342911802411     
   2.3984242470400012       -94.074713046799360     
   2.4143939440000013       -93.754633639378795     
   2.4303636409600013       -93.430254918709110     
   2.4463333379200014       -93.100727225682178     
   2.4623030348800015       -92.765294873614280     
   2.4782727318400015       -92.423466909037572     
   2.4942424288000016       -92.074798659289286     
   2.5102121257600016       -91.718845451706670     
   2.5261818227200017       -91.355162613626973     
   2.5421515196800017       -90.983383252499337     
   2.5581212166400018       -90.603835976425756     
   2.5740909136000019       -90.217215509770199     
   2.5900606105600019       -89.824219849949017     
   2.6060303075200020       -89.425546994378564     
   2.6220000044800020       -89.021876428041992     
   2.6379697014400021       -88.612996884509499     
   2.6539393984000021       -88.197429953231349     
   2.6699090953600022       -87.773600488897230     
   2.6858787923200023       -87.339933346196844     
   2.7018484892800023       -86.894853379819864     
   2.7178181862400024       -86.437196019455016     
   2.7337878832000024       -85.967492837569409     
   2.7497575801600025       -85.486713341407821     
   2.7657272771200025       -84.995827038742291     
   2.7816969740800026       -84.495803437344804     
   2.7976666710400027       -83.987530919157905     
   2.8136363680000027       -83.470743914225551     
   2.8296060649600028       -82.944318225363986     
   2.8455757619200028       -82.407109217252298     
   2.8615454588800029       -81.857972254569603     
   2.8775151558400029       -81.295768079146896     
   2.8934848528000030       -80.720103949517082     
   2.9094545497600031       -80.132091635939872     
   2.9254242467200031       -79.533023649251476     
   2.9413939436800032       -78.924192500288115     
   2.9573636406400032       -78.306890699885969     
   2.9733333376000033       -77.682174265275677     
   2.9893030345600033       -77.049653593568024     
   3.0052727315200034       -76.408393009691977     
   3.0212424284800035       -75.757455823784895     
   3.0372121254400035       -75.095905345984107     
   3.0531818224000036       -74.422832462240677     
   3.0691515193600036       -73.738013049956564     
   3.0851212163200037       -73.041937416738250     
   3.1010909132800037       -72.335129337024995     
   3.1170606102400038       -71.618112585256029     
   3.1330303072000039       -70.891410747319512     
   3.1490000041600039       -70.155342130266433     
   3.1649697011200040       -69.409628352992556     
   3.1809393980800040       -68.653883224511532     
   3.1969090950400041       -67.887720553836957     
   3.2128787920000041       -67.110754149982483     
   3.2288484889600042       -66.322664345437659     
   3.2448181859200043       -65.523748307704480     
   3.2607878828800043       -64.714637592739251     
   3.2767575798400044       -63.895967062230582     
   3.2927272768000044       -63.068371577867111     
   3.3086969737600045       -62.232479615190670     
   3.3246666707200045       -61.388589720602198     
   3.3406363676800046       -60.536517518352049     
   3.3566060646400047       -59.676040248861213     
   3.3725757616000047       -58.806935152550665     
   3.3885454585600048       -57.928979469841401     
   3.4045151555200048       -57.042025217533450     
   3.4204848524800049       -56.146243456522498     
   3.4364545494400049       -55.241890321221177     
   3.4524242464000050       -54.329221946835936     
   3.4683939433600051       -53.408494468573217     
   3.4843636403200051       -52.479981724420632     
   3.5003333372800052       -51.544220194901001     
   3.5163030342400052       -50.601947401943455     
   3.5322727312000053       -49.653905973463196     
   3.5482424281600053       -48.700838537375425     
   3.5642121251200054       -47.743485290967627     
   3.5801818220800055       -46.782207311485671     
   3.5961515190400055       -45.816578531463634     
   3.6121212160000056       -44.846074921818861     
   3.6280909129600056       -43.870172453468683     
   3.6440606099200057       -42.888347097330438     
   3.6600303068800057       -41.900227186048092     
   3.6760000038400058       -40.906404066550429     
   3.6919697008000059       -39.907844263636605     
   3.7079393977600059       -38.905515150071899     
   3.7239090947200060       -37.900384098621622     
   3.7398787916800060       -36.893403691497404     
   3.7558484886400061       -35.885139208159387     
   3.7718181856000061       -34.875740484597664     
   3.7877878825600062       -33.865336929423854     
   3.8037575795200063       -32.854057951249587     
   3.8197272764800063       -31.842033006418045     
   3.8356969734400064       -30.829460843141042     
   3.8516666704000064       -29.816748055109297     
   3.8676363673600065       -28.804340043391772     
   3.8836060643200065       -27.792682209057425     
   3.8995757612800066       -26.782219953175222     
   3.9155454582400067       -25.773396195434625     
   3.9315151552000067       -24.766629987928603     
   3.9474848521600068       -23.762327059781029     
   3.9634545491200068       -22.760892995109881     
   3.9794242460800069       -21.762733378033126     
   3.9953939430400069       -20.768252728055003     
   4.0113636400000070       -19.777796367302884     
   4.0273333369600071       -18.791620456044889     
   4.0433030339200071       -17.809973780086999     
   4.0592727308800072       -16.833105125235196     
   4.0752424278400072       -15.861263277295457     
   4.0912121248000073       -14.894681135807506     
   4.1071818217600073       -13.933521594234232     
   4.1231515187200074       -12.977928268343941     
   4.1391212156800075       -12.028044773316559     
   4.1550909126400075       -11.084014724332008     
   4.1710606096000076       -10.146001646882368     
   4.1870303065600076       -9.2144773742669770     
   4.2030000035200077       -8.2901565048178600     
   4.2189697004800077       -7.3737602034441423     
   4.2349393974400078       -6.4660096350549487     
   4.2509090944000079       -5.5676229492665756     
   4.2668787913600079       -4.6787865126229544     
   4.2828484883200080       -3.7985490875140444     
   4.2988181852800080       -2.9258128114664324     
   4.3147878822400081       -2.0594798220067037     
   4.3307575792000081       -1.1984522566614437     
   4.3467272761600082      -0.34213907140144428     
   4.3626969731200083       0.50673786321532677     
   4.3786666700800083        1.3441257337141703     
   4.3946363670400084        2.1659681221762828     
   4.4106060640000084        2.9682086106828618     
   4.4265757609600085        3.7470941063477268     
   4.4425454579200085        4.5072548582888219     
   4.4585151548800086        5.2625696315217674     
   4.4744848518400087        6.0273940742942820     
   4.4904545488000087        6.8160838348540835     
   4.5064242457600088        7.6429873359828395     
   4.5223939427200088        8.5079420018509477     
   4.5383636396800089        9.3658622862328631     
   4.5543333366400089        10.162995931106336     
   4.5703030336000090        10.845590678449115     
   4.5862727305600091        11.359894270238952     
   4.6022424275200091        11.667332548548613     
   4.6182121244800092        11.880834257539671     
   4.6341818214400092        12.200399663166760     
   4.6501515184000093        12.827068174196542     
   4.6661212153600093        13.961879199395684     
   4.6820909123200094        15.799999031047857     
   4.6980606092800095        18.184206972458593     
   4.7140303062400095        20.411082494018146     
   4.7300000032000096        21.730220134253184     
   4.7459697001600096        21.391214431690379     
   4.7619393971200097        18.643659924856397     
   4.7779090940800097        13.012781548221874     
   4.7938787910400098        5.2783446183609630     
   4.8098484880000099       -3.4231474347931758     
   4.8258181849600099       -11.955166159103751     
   4.8417878819200100       -19.181183102433970     
   4.8577575788800100       -24.024150836298130     
   4.8737272758400101       -26.369008784328937     
   4.8896969728000101       -26.879864615642884     
   4.9056666697600102       -26.243233346124285     
   4.9216363667200103       -25.145629991657458     
   4.9376060636800103       -24.272332251308338     
   4.9535757606400104       -24.060129098173451     
   4.9695454576000104       -24.398037406310397     
   4.9855151545600105       -25.101975030733303     
   5.0014848515200105       -25.987859826456287     
   5.0174545484800106       -26.871609648493475     
   5.0334242454400107       -27.591267942828015     
   5.0493939424000107       -28.134481218571121     
   5.0653636393600108       -28.550864653080204     
   5.0813333363200108       -28.890231932988165     
   5.0973030332800109       -29.202396744927903     
   5.1132727302400109       -29.536192927177385     
   5.1292424272000110       -29.911834095507405     
   5.1452121241600111       -30.317060304607779     
   5.1611818211200111       -30.737857236536584     
   5.1771515180800112       -31.160210573351897     
   5.1931212150400112       -31.570107436881948     
   5.2090909120000113       -31.957726723352280     
   5.2250606089600113       -32.326642128837641     
   5.2410303059200114       -32.683097210885236     
   5.2570000028800115       -33.033335527042290     
   5.2729696998400115       -33.383600634856016     
   5.2889393968000116       -33.739179122618651     
   5.3049090937600116       -34.095440949749829     
   5.3208787907200117       -34.441888804115464     
   5.3368484876800117       -34.767948878808639     
   5.3528181846400118       -35.063047366922433     
   5.3687878816000119       -35.316755076544084     
   5.3847575785600119       -35.528031337482908     
   5.4007272755200120       -35.710812325425998     
   5.4166969724800120       -35.880373488093447     
   5.4326666694400121       -36.051990273205320     
   5.4486363664000121       -36.240938128481716     
   5.4646060633600122       -36.462492501642714     
   5.4805757603200123       -36.731928840408393     
   5.4965454572800123       -37.064522592498840     
   5.5125151542400124       -37.475549205634131     
   5.5284848512000124       -37.980284127534347     
   5.5444545481600125       -38.592586364792524     
   5.5604242451200125       -39.302371284674145     
   5.5763939420800126       -40.079606476677135     
   5.5923636390400127       -40.893650622499003     
   5.6083333360000127       -41.713862403837261     
   5.6243030329600128       -42.509600502389418     
   5.6402727299200128       -43.250223599853001     
   5.6562424268800129       -43.905090377925511     
   5.6722121238400129       -44.443559518304461     
   5.6881818208000130       -44.834989702687373     
   5.7041515177600131       -45.048739612771755     
   5.7201212147200131       -45.054167930255119     
   5.7360909116800132       -44.820633336834973     
   5.7520606086400132       -44.317494514208846     
   5.7680303056000133       -43.514110144074237     
   5.7840000025600133       -42.379838908128669     
   5.7999696995200134       -40.885133180348490     
   5.8159393964800135       -39.034252441933468     
   5.8319090934400135       -36.870908919461030     
   5.8478787904000136       -34.441046107790598     
   5.8638484873600136       -31.790607501781594     
   5.8798181843200137       -28.965536596293429     
   5.8957878812800137       -26.011776886185526     
   5.9117575782400138       -22.975271866317300     
   5.9277272752000139       -19.901965031548169     
   5.9436969721600139       -16.837799876737552     
   5.9596666691200140       -13.828719896744868     
   5.9756363660800140       -10.920668586429535     
   5.9916060630400141       -8.1595894406509544     
   6.0075757600000141       -5.5914259542685727     
   6.0235454569600142       -3.2621216221417910     
   6.0395151539200143       -1.2176199391300244     
   6.0554848508800143       0.49651516521973360     
   6.0714545478400144        1.8614614531435094     
   6.0874242448000144        2.9023046796805900     
   6.1033939417600145        3.6482103291079215     
   6.1193636387200145        4.1283438857024493     
   6.1353333356800146        4.3718708337411201     
   6.1513030326400147        4.4079566575008799     
   6.1672727296000147        4.2657668412586727     
   6.1832424265600148        3.9744668692914464     
   6.1992121235200148        3.5632222258761459     
   6.2151818204800149        3.0611983952897188     
   6.2311515174400149        2.4975608618091067     
   6.2471212144000150        1.9014751097112568     
   6.2630909113600151        1.3021066232731182     
   6.2790606083200151       0.72862088677163395     
   6.2950303052800152       0.21018338448375312     
   6.3110000022400152      -0.22404039931358155     
   6.3269696992000153      -0.54488498034342447     
   6.3429393961600153      -0.72318487432882983     
   6.3589090931200154      -0.72977459699284775     
   6.3748787900800155      -0.53548866405853646     
   6.3908484870400155      -0.11116159124895497     
   6.4068181840000156       0.56430711435786496     
   6.4227878809600156        1.4536321253496998     
   6.4387575779200157        2.4938291108806272     
   6.4547272748800157        3.6218022504866494     
   6.4706969718400158        4.7744557237037668     
   6.4866666688000159        5.8886937100679813     
   6.5026363657600159        6.9014203891152928     
   6.5186060627200160        7.7495399403817045     
   6.5345757596800160        8.3699565434032142     
   6.5505454566400161        8.6995743777158268     
   6.5665151536000161        8.6752976228555418     
   6.5824848505600162        8.2340304583583599     
   6.5984545475200163        7.3126770637602867     
   6.6144242444800163        5.8481416185973174     
   6.6303939414400164        3.7773283024054569     
   6.6463636384000164        1.0371412947206977     
   6.6623333353600165       -2.4277023671981155     
   6.6783030323200165       -6.5851160150832468     
   6.6942727292800166       -11.348243751609354     
   6.7102424262400167       -16.629386051992917     
   6.7262121232000167       -22.340843391450409     
   6.7421818201600168       -28.394916245198310     
   6.7581515171200168       -34.703905088453098     
   6.7741212140800169       -41.180110396431246     
   6.7900909110400169       -47.735832644349223     
   6.8060606080000170       -54.283372307423527     
   6.8220303049600171       -60.735029860870611     
   6.8380000019200171       -67.003105779906974     
   6.8539696988800172       -72.999900539749078     
   6.8699393958400172       -78.637714615613390     
   6.8859090928000173       -83.828848482716410     
   6.9018787897600173       -88.485602616274591     
   6.9178484867200174       -92.523755703877612     
   6.9338181836800175       -95.923468389324526     
   6.9497878806400175       -98.721643658517294     
   6.9657575776000176       -100.95712714090472     
   6.9817272745600176       -102.66876446593558     
   6.9976969715200177       -103.89540126305870     
   7.0136666684800177       -104.67588316172288     
   7.0296363654400178       -105.04905579137693     
   7.0456060624000179       -105.05376478146965     
   7.0615757593600179       -104.72885576144984     
   7.0775454563200180       -104.11317436076629     
   7.0935151532800180       -103.24556620886784     
   7.1094848502400181       -102.16487693520327     
   7.1254545472000181       -100.90995216922137     
   7.1414242441600182       -99.519637540370979     
   7.1573939411200183       -98.032778678100883     
   7.1733636380800183       -96.488221211859880     
   7.1893333350400184       -94.924810771096787     
   7.2053030320000184       -93.381392985260405     
   7.2212727289600185       -91.896813483799519     
   7.2372424259200185       -90.509917896162960     
   7.2532121228800186       -89.259551258414376     
   7.2691818198400187       -88.176099150651325     
   7.2851515168000187       -87.260197852572205     
   7.3011212137600188       -86.505947548177033     
   7.3170909107200188       -85.907448421465887     
   7.3330606076800189       -85.458800656438811     
   7.3490303046400189       -85.154104437095853     
   7.3650000016000190       -84.987459947437074     
   7.3809696985600191       -84.952967371462520     
   7.3969393955200191       -85.044726893172239     
   7.4129090924800192       -85.256838696566291     
   7.4288787894400192       -85.583402965644737     
   7.4448484864000193       -86.018519884407610     
   7.4608181833600193       -86.556289636854970     
   7.4767878803200194       -87.190812406986865     
   7.4927575772800195       -87.916188378803355     
   7.5087272742400195       -88.726517736304487     
   7.5246969712000196       -89.612211651074475     
   7.5406666681600196       -90.544559694783644     
   7.5566363651200197       -91.488674788107261     
   7.5726060620800197       -92.409666776178881     
   7.5885757590400198       -93.272645504132072     
   7.6045454560000199       -94.042720817100360     
   7.6205151529600199       -94.685002560217299     
   7.6364848499200200       -95.164600578616430     
   7.6524545468800200       -95.446624717431305     
   7.6684242438400201       -95.496184821795467     
   7.6843939408000201       -95.278390736842482     
   7.7003636377600202       -94.758352307705863     
   7.7163333347200203       -93.901179379519178     
   7.7323030316800203       -92.671981797415981     
   7.7482727286400204       -91.035869406529798     
   7.7642424256000204       -88.957952051994198     
   7.7802121225600205       -86.409819660695348     
   7.7961818195200205       -83.413338543415620     
   7.8121515164800206       -80.013877149007527     
   7.8281212134400207       -76.256937187106104     
   7.8440909104000207       -72.188020367346425     
   7.8600606073600208       -67.852628399363539     
   7.8760303043200208       -63.296262992792506     
   7.8920000012800209       -58.564425857268382     
   7.9079696982400209       -53.702618702426228     
   7.9239393952000210       -48.756343237901099     
   7.9399090921600211       -43.771101173328049     
   7.9558787891200211       -38.792394218342139     
   7.9718484860800212       -33.865724082578431     
   7.9878181830400212       -29.036592475671966     
   8.0037878800000204       -24.350501107258083     
   8.0197575769600196       -19.852951686971522     
   8.0357272739200187       -15.589445924447375     
   8.0516969708800179       -11.605485529320674     
   8.0676666678400171       -7.9465722112264672     
   8.0836363648000162       -4.6582076797997871     
   8.0996060617600154       -1.7858936446757099     
   8.1155757587200146       0.62517515430050830     
   8.1315454556800137        2.5580078397358190     
   8.1475151526400129        4.0461396038420832     
   8.1634848496000121        5.1283585382641563     
   8.1794545465600113        5.8434527346468883     
   8.1954242435200104        6.2302102846351337     
   8.2113939404800096        6.3274192798737463     
   8.2273636374400088        6.1738678120075781     
   8.2433333344000079        5.8083439726814809     
   8.2593030313600071        5.2696358535403096     
   8.2752727283200063        4.5965315462289151     
   8.2912424252800054        3.8278191423921557     
   8.3072121222400046        3.0022867336748833     
   8.3231818192000038        2.1587224117219392     
   8.3391515161600029        1.3359142681781868     
   8.3551212131200021       0.57265039468848000     
   8.3710909100800013       -9.2308884164122418E-002
   8.3870606070400004      -0.63248862473914935     
   8.4030303039999996       -1.0529482522271689     
   8.4190000009599988       -1.3637363502972562     
   8.4349696979199980       -1.5749015026184856     
   8.4509393948799971       -1.6964922928599326     
   8.4669090918399963       -1.7385573046906717     
   8.4828787887999955       -1.7111451217797780     
   8.4988484857599946       -1.6243043277963263     
   8.5148181827199938       -1.4880835064093909     
   8.5307878796799930       -1.3125312412880488     
   8.5467575766399921       -1.1076961161013725     
   8.5627272735999913      -0.88362671451843622     
   8.5786969705599905      -0.65037162020831840     
   8.5946666675199896      -0.41797941684009293     
   8.6106363644799888      -0.19649868808283147     
   8.6266060614399880        4.0220021421435498E-003
   8.6425757583999872       0.17565046730992542     
   8.6585454553599863       0.31839139404651534     
   8.6745151523199855       0.43410968404929362     
   8.6904848492799847       0.52467023901564047     
   8.7064545462399838       0.59193796064293602     
   8.7224242431999830       0.63777775062856057     
   8.7383939401599822       0.66405451066989452     
   8.7543636371199813       0.67263314246431805     
   8.7703333340799805       0.66537854770921134     
   8.7863030310399797       0.64415562810195437     
   8.8022727279999788       0.61082928533992797     
   8.8182424249599780       0.56726442112051212     
   8.8342121219199772       0.51532593714108665     
   8.8501818188799763       0.45687873509903254     
   8.8661515158399755       0.39378771669172968     
   8.8821212127999747       0.32791778361655832     
   8.8980909097599739       0.26113383757089825     
   8.9140606067199730       0.19530078025213060     
   8.9300303036799722       0.13228351335763464     
   8.9460000006399714        7.3946938584791094E-002
   8.9619696975999705        2.2155957630980803E-002
   8.9779393945599697       -2.1283908088589428E-002
   8.9939090915199689       -5.5834752396880807E-002
   9.0098787884799680       -8.2174051103226051E-002
   9.0258484854399672      -0.10102820784989497     
   9.0418181823999664      -0.11312362627915744     
   9.0577878793599655      -0.11918671003328324     
   9.0737575763199647      -0.11994386275454225     
   9.0897272732799639      -0.11612148808520428     
   9.1056969702399631      -0.10844598966753914     
   9.1216666671999622       -9.7643771143816754E-002
   9.1376363641599614       -8.4441236156306859E-002
   9.1536060611199606       -6.9564788347279319E-002
   9.1695757580799597       -5.3740831359003989E-002
   9.1855454550399589       -3.7695768833750677E-002
   9.2015151519999581       -2.2156004413789235E-002
   9.2174848489599572       -7.8479417413895979E-003
   9.2334545459199564        4.5106584827659078E-003
   9.2494242428799556        1.4565134451173245E-002
   9.2653939398399547        2.2448811044465077E-002
   9.2813636367999539        2.8329319880739636E-002
   9.2973333337599531        3.2374292578095154E-002
   9.3133030307199522        3.4751360754629868E-002
   9.3292727276799514        3.5628156028441993E-002
   9.3452424246399506        3.5172310017629785E-002
   9.3612121215999498        3.3551454340291449E-002
   9.3771818185599489        3.0933220614525230E-002
   9.3931515155199481        2.7485240458429375E-002
   9.4091212124799473        2.3375145490102080E-002
   9.4250909094399464        1.8770567327641610E-002
   9.4410606063999456        1.3839137589146181E-002
   9.4570303033599448        8.7484878927139974E-003
   9.4730000003199439        3.6662498564433372E-003
   9.4889696972799431       -1.2404250673387245E-003
   9.5049393942399423       -5.8580953654014745E-003
   9.5209090911999414       -1.0175350593695429E-002
   9.5368787881599406       -1.4192190752220592E-002
   9.5528484851199398       -1.7908615840976964E-002
   9.5688181820799389       -2.1324625859964540E-002
   9.5847878790399381       -2.4440220809183323E-002
   9.6007575759999373       -2.7255400688633316E-002
   9.6167272729599365       -2.9770165498314509E-002
   9.6326969699199356       -3.1984515238226922E-002
   9.6486666668799348       -3.3898449908370529E-002
   9.6646363638399340       -3.5511969508745349E-002
   9.6806060607999331       -3.6825074039351376E-002
   9.6965757577599323       -3.7837763500188609E-002
   9.7125454547199315       -3.8550037891257050E-002
   9.7285151516799306       -3.8961897212556690E-002
   9.7444848486399298       -3.9073341464087551E-002
   9.7604545455999290       -3.8884370645849611E-002
   9.7764242425599281       -3.8394984757842879E-002
   9.7923939395199273       -3.7605183800067360E-002
   9.8083636364799265       -3.6514967772523041E-002
   9.8243333334399257       -3.5124336675209922E-002
   9.8403030303999248       -3.3433290508128023E-002
   9.8562727273599240       -3.1441829271277325E-002
   9.8722424243199232       -2.9149952964657840E-002
   9.8882121212799223       -2.6557661588269558E-002
   9.9041818182399215       -2.3664955142112473E-002
   9.9201515151999207       -2.0471833626186604E-002
   9.9361212121599198       -1.6978297040491957E-002
   9.9520909091199190       -1.3184345385028494E-002
   9.9680606060799182       -9.0899786597962353E-003
   9.9840303030399173       -4.6951968647952107E-003
