   2.0151515199999999        21.940000000000001     
   2.0311212169599999        21.754767409585376     
   2.0470909139200000        21.562673593791370     
   2.0630606108800000        21.363461156387135     
   2.0790303078400001        21.156872701141818     
   2.0950000048000001        20.942650831824558     
   2.1109697017600002        20.720539533014005     
   2.1269393987200003        20.490301631821907     
   2.1429090956800003        20.251713583185655     
   2.1588787926400004        20.004552145468026     
   2.1748484896000004        19.748594077031790     
   2.1908181865600005        19.483615705710012     
   2.2067878835200005        19.209339849151299     
   2.2227575804800006        18.925384629777184     
   2.2387272774400007        18.631356032962426     
   2.2546969744000007        18.326860044081769     
   2.2706666713600008        18.011502648509957     
   2.2866363683200008        17.685173870459195     
   2.3026060652800009        17.349443172870668     
   2.3185757622400009        17.006495037615259     
   2.3345454592000010        16.658514870115162     
   2.3505151561600011        16.307688075792555     
   2.3664848531200011        15.955972050703441     
   2.3824545500800012        15.599945176917092     
   2.3984242470400012        15.230730851232208     
   2.4143939440000013        14.839209265887616     
   2.4303636409600013        14.416260613122153     
   2.4463333379200014        13.952776525973285     
   2.4623030348800015        13.449271677758350     
   2.4782727318400015        12.933370166868082     
   2.4942424288000016        12.437435376163432     
   2.5102121257600016        11.993830688505348     
   2.5261818227200017        11.634919486754779     
   2.5421515196800017        11.382644972881707     
   2.5581212166400018        11.165774311525899     
   2.5740909136000019        10.864026169156862     
   2.5900606105600019        10.356680722288644     
   2.6060303075200020        9.5230181474352946     
   2.6220000044800020        8.2450998836492246     
   2.6379697014400021        6.5388116766145501     
   2.6539393984000021        4.6104118953759228     
   2.6699090953600022        2.6806921020468257     
   2.6858787923200023       0.97044385874074113     
   2.7018484892800023      -0.29954127242884709     
   2.7178181862400024      -0.96968575165389592     
   2.7337878832000024       -1.1332957317847268     
   2.7497575801600025      -0.94897055038569023     
   2.7657272771200025      -0.57530962362392757     
   2.7816969740800026      -0.17091236766657988     
   2.7976666710400027       0.11340060890327855     
   2.8136363680000027       0.23745619216558642     
   2.8296060649600028       0.24341134773349241     
   2.8455757619200028       0.17538276646760900     
   2.8615454588800029        7.7487139228548774E-002
   2.8775151558400029       -6.2811190207053783E-003
   2.8934848528000030       -4.8903308724181915E-002
   2.9094545497600031       -5.7573177059736393E-002
   2.9254242467200031       -4.3594493902619331E-002
   2.9413939436800032       -1.8271029128081283E-002
   2.9573636406400032        7.0934473886271505E-003
   2.9733333376000033        2.2715698919038258E-002
   2.9893030345600033        2.8107088072211205E-002
   3.0052727315200034        2.6289942800065705E-002
   3.0212424284800035        2.0293115646554984E-002
   3.0372121254400035        1.3145459155632266E-002
   3.0531818224000036        7.8033114563254187E-003
   3.0691515193600036        5.4217309486599948E-003
   3.0851212163200037        5.2770830305441888E-003
   3.1010909132800037        6.5577274360034861E-003
   3.1170606102400038        8.4520238990633823E-003
   3.1330303072000039        1.0148545441749398E-002
   3.1490000041600039        1.1068075474393710E-002
   3.1649697011200040        1.1306368047772740E-002
   3.1809393980800040        1.1081131209170260E-002
   3.1969090950400041        1.0610073005870043E-002
   3.2128787920000041        1.0110901485155865E-002
   3.2288484889600042        9.7832841393019655E-003
   3.2448181859200043        9.6596084767945276E-003
   3.2607878828800043        9.6815789319041109E-003
   3.2767575798400044        9.7900034546871996E-003
   3.2927272768000044        9.9256899952002813E-003
   3.3086969737600045        1.0030029196409763E-002
   3.3246666707200045        1.0074515514611436E-002
   3.3406363676800046        1.0074706801759698E-002
   3.3566060646400047        1.0049663175874175E-002
   3.3725757616000047        1.0018444754974485E-002
   3.3885454585600048        1.0000111657080254E-002
   3.4045151555200048        1.0008085879276481E-002
   3.4204848524800049        1.0031733570829248E-002
   3.4364545494400049        1.0054006358357277E-002
   3.4524242464000050        1.0057855808625877E-002
   3.4683939433600051        1.0026233488400357E-002
   3.4843636403200051        9.9444992351529534E-003
   3.5003333372800052        9.8337425447697774E-003
   3.5163030342400052        9.7424024084082350E-003
   3.5322727312000053        9.7196124310592654E-003
   3.5482424281600053        9.8145062177138077E-003
   3.5642121251200054        1.0075778668079209E-002
   3.5801818220800055        1.0483697104926344E-002
   3.5961515190400055        1.0876456685458467E-002
   3.6121212160000056        1.1074571422829367E-002
   3.6280909129600056        1.0898555330192829E-002
   3.6440606099200057        1.0168922420702642E-002
   3.6600303068800057        8.7534056053239946E-003
   3.6760000038400058        6.8181885549631564E-003
   3.6919697008000059        4.6457274842429050E-003
   3.7079393977600059        2.5187414036179747E-003
   3.7239090947200060        7.1994932354310474E-004
   3.7398787916800060       -4.7608301112085085E-004
   3.7558484886400061       -1.0082897874867300E-003
   3.7718181856000061       -1.0446176441386808E-003
   3.7877878825600062       -7.6427377461662539E-004
   3.8037575795200063       -3.4646537246048689E-004
   3.8197272764800063        2.9634691878881028E-005
   3.8356969734400064        2.3468033231708102E-004
   3.8516666704000064        2.8878415202961935E-004
   3.8676363673600065        2.3996458075142417E-004
   3.8836060643200065        1.3624004821742336E-004
   3.8995757612800066        2.5628984162545461E-005
   3.9155454582400067       -4.7644510630474936E-005
   3.9315151552000067       -7.5852773162633625E-005
   3.9474848521600068       -7.1640569326911270E-005
   3.9634545491200068       -4.7874396559426053E-005
   3.9794242460800069       -1.7420752296296224E-005
   3.9953939430400069        6.9646336582165856E-006
   4.0113636400000070        1.8685216805847247E-005
   4.0273333369600071        2.0421289601002009E-005
   4.0433030339200071        1.5620419693043024E-005
   4.0592727308800072        7.7301747313324478E-006
   4.0752424278400072        1.9812236523242095E-007
   4.0912121248000073       -4.1884708873567912E-006
   4.1071818217600073       -5.5520903033953728E-006
   4.1231515187200074       -4.8164845491398309E-006
   4.1391212156800075       -2.9054267465390827E-006
   4.1550909126400075       -7.4269001754205503E-007
   4.1710606096000076        7.8833154497912457E-007
   4.1870303065600076        1.4295062657253418E-006
   4.2030000035200077        1.4150411246971929E-006
   4.2189697004800077        9.9246042236621959E-007
   4.2349393974400078        4.0928845920396670E-007
   4.2509090944000079       -8.7470712234260782E-008
   4.2668787913600079       -3.4256500214423325E-007
   4.2828484883200080       -3.9702050140109467E-007
   4.2988181852800080       -3.1716143408861561E-007
   4.3147878822400081       -1.6931202429056561E-007
   4.3307575792000081       -1.9796496090715472E-008
   4.3467272761600082        7.3330131171517178E-008
   4.3626969731200083        1.0606605846670957E-007
   4.3786666700800083        9.6125033244282075E-008
   4.3946363670400084        6.1279612743668444E-008
   4.4106060640000084        1.9302354204302210E-008
   4.4265757609600085       -1.2405491278258352E-008
   4.4425454579200085       -2.6704886595304602E-008
   4.4585151548800086       -2.7778085020416597E-008
   4.4744848518400087       -2.0391101979799899E-008
   4.4904545488000087       -9.3099528996600207E-009
   4.5064242457600088        6.9998942702993224E-010
   4.5223939427200088        6.1639609896730634E-009
   4.5383636396800089        7.6026485165634521E-009
   4.5543333366400089        6.3075564211727062E-009
   4.5703030336000090        3.5701891169724266E-009
   4.5862727305600091        6.8205101743421378E-010
   4.6022424275200091       -1.1661175353339591E-009
   4.6182121244800092       -1.7893706756280489E-009
   4.6341818214400092       -1.5808112382250668E-009
   4.6501515184000093       -9.4044069869456457E-010
   4.6661212153600093       -2.6826053260609440E-010
   4.6820909123200094        4.0101260997470837E-011
   4.6980606092800095       -1.4857472532713444E-010
   4.7140303062400095       -5.6077458204440816E-010
   4.7300000032000096       -8.8799658740569322E-010
   4.7459697001600096       -8.2173901966233410E-010
   4.7619393971200097       -5.3500157065673096E-011
   4.7779090940800097        1.5583321232470502E-009
   4.7938787910400098        3.3957667064826992E-009
   4.8098484880000099        4.6248135113992380E-009
   4.8258181849600099        4.4114673062284655E-009
   4.8417878819200100        1.9217228592021733E-009
   4.8577575788800100       -3.5524338498886829E-009
   4.8737272758400101       -1.0681360433163139E-008
   4.8896969728000101       -1.6484999879199356E-008
   4.9056666697600102       -1.7935832496987733E-008
   4.9216363667200103       -1.2006338595518672E-008
   4.9376060636800103        4.3106728555323771E-009
   4.9535757606400104        2.9939814423704160E-008
   4.9695454576000104        5.4806004363134919E-008
   4.9855151545600105        6.7633170904639329E-008
   5.0014848515200105        5.7145242279032026E-008
   5.0174545484800106        1.2066146717127700E-008
   5.0334242454400107       -7.3833226750737195E-008
   5.0493939424000107       -1.7265676296341704E-007
   5.0653636393600108       -2.4237297564696791E-007
   5.0813333363200108       -2.4090509754339795E-007
   5.0973030332800109       -1.2617636139471549E-007
   5.1132727302400109        1.4083341946522407E-007
   5.1292424272000110        5.0986529354847710E-007
   5.1452121241600111        8.2936090313860953E-007
   5.1611818211200111        9.4228922598895114E-007
   5.1771515180800112        6.9161923985283130E-007
   5.1931212150400112       -7.9627265369858191E-008
   5.2090909120000113       -1.3746702048477964E-006
   5.2250606089600113       -2.7053954212181268E-006
   5.2410303059200114       -3.4857556841996295E-006
   5.2570000028800115       -3.1297037635110849E-006
   5.2729696998400115       -1.0511924288712759E-006
   5.2889393968000116        3.1780200638823808E-006
   5.3049090937600116        8.3509103427332718E-006
   5.3208787907200117        1.2292934255950350E-005
   5.3368484876800117        1.2816933563369051E-005
   5.3528181846400118        7.7357500248248141E-006
   5.3687878816000119       -5.1068841578333578E-006
   5.3847575785600119       -2.5861804444740302E-005
   5.4007272755200120       -5.1480721669813178E-005
   5.4166969724800120       -7.8629271870121626E-005
   5.4326666694400121       -1.0397309108273523E-004
   5.4486363664000121       -1.2417781534472365E-004
   5.4646060633600122       -1.3590908069315653E-004
   5.4805757603200123       -1.3583252316510343E-004
   5.4965454572800123       -1.2061377879763409E-004
   5.5125151542400124       -8.6918483627818007E-005
   5.5284848512000124       -3.1412273692724961E-005
   5.5444545481600125        4.8927895465470926E-005
   5.5604242451200125        1.5186249734174426E-004
   5.5763939420800126        2.7076768462598616E-004
   5.5923636390400127        3.9888577820141837E-004
   5.6083333360000127        5.2945909895126268E-004
   5.6243030329600128        6.5572996775874095E-004
   5.6402727299200128        7.7094070550707487E-004
   5.6562424268800129        8.6833363307948607E-004
   5.6722121238400129        9.4115107135919654E-004
   5.6881818208000130        9.8263534122942811E-004
   5.7041515177600131        9.8602876357340233E-004
   5.7201212147200131        9.4457365927434116E-004
   5.7360909116800132        8.5151234921546613E-004
   5.7520606086400132        7.0008715427999954E-004
   5.7680303056000133        4.8354039535116242E-004
   5.7840000025600133        1.9511439331217726E-004
   5.7999696995200134       -1.7171491349287523E-004
   5.8159393964800135       -6.1625024055033480E-004
   5.8319090934400135       -1.1293670241407259E-003
   5.8478787904000136       -1.7014640918671462E-003
   5.8638484873600136       -2.3229402713326936E-003
   5.8798181843200137       -2.9841943901404654E-003
   5.8957878812800137       -3.6756252758935611E-003
   5.9117575782400138       -4.3876317561950765E-003
   5.9277272752000139       -5.1106126586481088E-003
   5.9436969721600139       -5.8349668108557580E-003
   5.9596666691200140       -6.5510930404211213E-003
   5.9756363660800140       -7.2493901749472959E-003
   5.9916060630400141       -7.9202570420373788E-003
   6.0075757600000141       -8.5540924692944689E-003
   6.0235454569600142       -9.1412952843216641E-003
   6.0395151539200143       -9.6722643147220625E-003
   6.0554848508800143       -1.0137468338516706E-002
   6.0714545478400144       -1.0532304383109559E-002
   6.0874242448000144       -1.0860261317669647E-002
   6.1033939417600145       -1.1125579868176741E-002
   6.1193636387200145       -1.1332500760610615E-002
   6.1353333356800146       -1.1485264720951040E-002
   6.1513030326400147       -1.1588112475177787E-002
   6.1672727296000147       -1.1645284749270632E-002
   6.1832424265600148       -1.1661022269209344E-002
   6.1992121235200148       -1.1639565760973695E-002
   6.2151818204800149       -1.1585155950543460E-002
   6.2311515174400149       -1.1502033563898409E-002
   6.2471212144000150       -1.1394439327018314E-002
   6.2630909113600151       -1.1266613965882950E-002
   6.2790606083200151       -1.1122798206472086E-002
   6.2950303052800152       -1.0967232774765495E-002
   6.3110000022400152       -1.0804158396742950E-002
   6.3269696992000153       -1.0637815798384225E-002
   6.3429393961600153       -1.0472445705669088E-002
   6.3589090931200154       -1.0312288844577314E-002
   6.3748787900800155       -1.0161585941088673E-002
   6.3908484870400155       -1.0024577721182941E-002
   6.4068181840000156       -9.9050816625022471E-003
   6.4227878809600156       -9.8038511722749518E-003
   6.4387575779200157       -9.7202909817044117E-003
   6.4547272748800157       -9.6537999710521252E-003
   6.4706969718400158       -9.6037770205795910E-003
   6.4866666688000159       -9.5696210105483057E-003
   6.5026363657600159       -9.5507308212197696E-003
   6.5186060627200160       -9.5465053328554813E-003
   6.5345757596800160       -9.5563434257169375E-003
   6.5505454566400161       -9.5796439800656368E-003
   6.5665151536000161       -9.6158058761630794E-003
   6.5824848505600162       -9.6642279942707604E-003
   6.5984545475200163       -9.7243092146501800E-003
   6.6144242444800163       -9.7954484175628367E-003
   6.6303939414400164       -9.8770444832702274E-003
   6.6463636384000164       -9.9684962920338523E-003
   6.6623333353600165       -1.0069028090706736E-002
   6.6783030323200165       -1.0175911235535020E-002
   6.6942727292800166       -1.0285192878064208E-002
   6.7102424262400167       -1.0392901313034308E-002
   6.7262121232000167       -1.0495064835185326E-002
   6.7421818201600168       -1.0587711739257264E-002
   6.7581515171200168       -1.0666870319990132E-002
   6.7741212140800169       -1.0728568872123933E-002
   6.7900909110400169       -1.0768835690398673E-002
   6.8060606080000170       -1.0783699069554358E-002
   6.8220303049600171       -1.0769187304330992E-002
   6.8380000019200171       -1.0721328689468583E-002
   6.8539696988800172       -1.0636151519707133E-002
   6.8699393958400172       -1.0509684089786652E-002
   6.8859090928000173       -1.0337954694447140E-002
   6.9018787897600173       -1.0116991628428607E-002
   6.9178484867200174       -9.8430741766960470E-003
   6.9338181836800175       -9.5171274709715363E-003
   6.9497878806400175       -9.1441712098646512E-003
   6.9657575776000176       -8.7293652744950042E-003
   6.9817272745600176       -8.2778695459822058E-003
   6.9976969715200177       -7.7948439054458668E-003
   7.0136666684800177       -7.2854482340055987E-003
   7.0296363654400178       -6.7548424127810121E-003
   7.0456060624000179       -6.2081863228917195E-003
   7.0615757593600179       -5.6506398454573307E-003
   7.0775454563200180       -5.0873628615974581E-003
   7.0935151532800180       -4.5235152524317123E-003
   7.1094848502400181       -3.9642568990797041E-003
   7.1254545472000181       -3.4147476826610432E-003
   7.1414242441600182       -2.8801474842953447E-003
   7.1573939411200183       -2.3656161851022175E-003
   7.1733636380800183       -1.8763136662012722E-003
   7.1893333350400184       -1.4173998087121213E-003
   7.2053030320000184       -9.9403449375437374E-004
   7.2212727289600185       -6.1137760244764361E-004
   7.2372424259200185       -2.7458901591154335E-004
   7.2532121228800186        1.1171511397504439E-005
   7.2691818198400187        2.4254996896384300E-004
   7.2851515168000187        4.2254259138845089E-004
   7.3011212137600188        5.5554079935174906E-004
   7.3170909107200188        6.4593601353415834E-004
   7.3330606076800189        6.9811965461609980E-004
   7.3490303046400189        7.1648314327799393E-004
   7.3650000016000190        7.0541790020026184E-004
   7.3809696985600191        6.6931534606332445E-004
   7.3969393955200191        6.1256690154760289E-004
   7.4129090924800192        5.3956398733351753E-004
   7.4288787894400192        4.5469802410148948E-004
   7.4448484864000193        3.6236043253194032E-004
   7.4608181833600193        2.6694263330528966E-004
   7.4767878803200194        1.7283604710195897E-004
   7.4927575772800195        8.4432094602369606E-005
   7.5087272742400195        6.1221964869411880E-006
   7.5246969712000196       -5.8405805769134996E-005
   7.5406666681600196       -1.0911099798546909E-004
   7.5566363651200197       -1.4713049487075913E-004
   7.5726060620800197       -1.7360199770999351E-004
   7.5885757590400198       -1.8966320778816075E-004
   7.6045454560000199       -1.9645182639024914E-004
   7.6205151529600199       -1.9510555480124723E-004
   7.6364848499200200       -1.8676209430614336E-004
   7.6524545468800200       -1.7255914618992602E-004
   7.6684242438400201       -1.5363441173758363E-004
   7.6843939408000201       -1.3112559223410445E-004
   7.7003636377600202       -1.0617038896447729E-004
   7.7163333347200203       -7.9906503213690285E-005
   7.7323030316800203       -5.3471636266731844E-005
   7.7482727286400204       -2.8003489408590473E-005
   7.7642424256000204       -4.6397639242546054E-006
   7.7802121225600205        1.5590573169343955E-005
   7.7961818195200205        3.2502180910028767E-005
   7.8121515164800206        4.6304078758588561E-005
   7.8281212134400207        5.7207522260819101E-005
   7.8440909104000207        6.5423766962516107E-005
   7.8600606073600208        7.1164068409475335E-005
   7.8760303043200208        7.4639682147492506E-005
   7.8920000012800209        7.6061863722363395E-005
   7.9079696982400209        7.5641868679883698E-005
   7.9239393952000210        7.3590952565849176E-005
   7.9399090921600211        7.0120370926055617E-005
   7.9558787891200211        6.5441379306298677E-005
   7.9718484860800212        5.9765233252374177E-005
   7.9878181830400212        5.3303188310077798E-005
   8.0037878800000204        4.6266500025205710E-005
   8.0197575769600196        3.8866423943553260E-005
   8.0357272739200187        3.1314215610916150E-005
   8.0516969708800179        2.3821130573090139E-005
   8.0676666678400171        1.6598424375870883E-005
   8.0836363648000162        9.8573525650541496E-006
   8.0996060617600154        3.8091706864355796E-006
   8.1155757587200146       -1.3359369310346221E-006
   8.1315454556800137       -5.4662075411533905E-006
   8.1475151526400129       -8.6461966501889813E-006
   8.1634848496000121       -1.0958790540099756E-005
   8.1794545465600113       -1.2486875492844080E-005
   8.1954242435200104       -1.3313337790380310E-005
   8.2113939404800096       -1.3521063714666816E-005
   8.2273636374400088       -1.3192939547661953E-005
   8.2433333344000079       -1.2411851571324085E-005
   8.2593030313600071       -1.1260686067611581E-005
   8.2752727283200063       -9.8223293184827908E-006
   8.2912424252800054       -8.1796676058960862E-006
   8.3072121222400046       -6.4155872118098240E-006
   8.3231818192000038       -4.6129744181823627E-006
   8.3391515161600029       -2.8547155069720894E-006
   8.3551212131200021       -1.2236967601373438E-006
   8.3710909100800013        1.9725487580424759E-007
   8.3870606070400004        1.3515650876972809E-006
   8.4030303039999996        2.2500453623953129E-006
   8.4190000009599988        2.9141685206522782E-006
   8.4349696979199980        3.3654073832221121E-006
   8.4509393948799971        3.6252347708587497E-006
   8.4669090918399963        3.7151235043161266E-006
   8.4828787887999955        3.6565464043481765E-006
   8.4988484857599946        3.4709762917088369E-006
   8.5148181827199938        3.1798859871520398E-006
   8.5307878796799930        2.8047483114317238E-006
   8.5467575766399921        2.3670360853018202E-006
   8.5627272735999913        1.8882221295162660E-006
   8.5786969705599905        1.3897792648289964E-006
   8.5946666675199896        8.9318031199394681E-007
   8.6106363644799888        4.1989809176505202E-007
   8.6266060614399880       -8.5946173027330136E-009
   8.6425757583999872       -3.7534752399968850E-007
   8.6585454553599863       -6.8037064317799137E-007
   8.6745151523199855       -9.2764908370375900E-007
   8.6904848492799847       -1.1211679544431096E-006
   8.7064545462399838       -1.2649123642621604E-006
   8.7224242431999830       -1.3628674220270291E-006
   8.7383939401599822       -1.4190182366038330E-006
   8.7543636371199813       -1.4373499168586905E-006
   8.7703333340799805       -1.4218475716577187E-006
   8.7863030310399797       -1.3764963098670358E-006
   8.8022727279999788       -1.3052812403527585E-006
   8.8182424249599780       -1.2121874719810052E-006
   8.8342121219199772       -1.1012001136178934E-006
   8.8501818188799763       -9.7630427412954026E-007
   8.8661515158399755       -8.4148506238206430E-007
   8.8821212127999747       -7.0072758724158167E-007
   8.8980909097599739       -5.5801695757421157E-007
   8.9140606067199730       -4.1733828224607167E-007
   8.9300303036799722       -2.8267667012327879E-007
   8.9460000006399714       -1.5801723007195158E-007
   8.9619696975999705       -4.7345070958205513E-008
   8.9779393945599697        4.5481588090472209E-008
   8.9939090915199689        1.1931329524063636E-007
   9.0098787884799680        1.7559774870508915E-007
   9.0258484854399672        2.1588720059409246E-007
   9.0418181823999664        2.4173390301790845E-007
   9.0577878793599655        2.5469010808679905E-007
   9.0737575763199647        2.5630806791102631E-007
   9.0897272732799639        2.4814003460085210E-007
   9.1056969702399631        2.3173826026653850E-007
   9.1216666671999622        2.0865499701834742E-007
   9.1376363641599614        1.8044249696654098E-007
   9.1536060611199606        1.4865301222138118E-007
   9.1695757580799597        1.1483879489313004E-007
   9.1855454550399589        8.0552097092049215E-008
   9.2015151519999581        4.7345170928401426E-008
   9.2174848489599572        1.6770268512447704E-008
   9.2334545459199564       -9.6388271494151914E-009
   9.2494242428799556       -3.1124239159149201E-008
   9.2653939398399547       -4.7970869484847040E-008
   9.2813636367999539       -6.0536930169783353E-008
   9.2973333337599531       -6.9180633257232770E-008
   9.3133030307199522       -7.4260190790469906E-008
   9.3292727276799514       -7.6133814812769418E-008
   9.3452424246399506       -7.5159717367405926E-008
   9.3612121215999498       -7.1696110497654089E-008
   9.3771818185599489       -6.6101206246788472E-008
   9.3931515155199481       -5.8733216658083796E-008
   9.4091212124799473       -4.9950353774814651E-008
   9.4250909094399464       -4.0110829640255631E-008
   9.4410606063999456       -2.9572856297681457E-008
   9.4570303033599448       -1.8694645790366713E-008
   9.4730000003199439       -7.8344101615859897E-009
   9.4889696972799431        2.6506646117327354E-009
   9.5049393942399423        1.2518165333871815E-008
   9.5209090911999414        2.1743709024317084E-008
   9.5368787881599406        3.0327295683068547E-008
   9.5528484851199398        3.8268925310126201E-008
   9.5688181820799389        4.5568597905490049E-008
   9.5847878790399381        5.2226313469160079E-008
   9.6007575759999373        5.8242072001136311E-008
   9.6167272729599365        6.3615873501418724E-008
   9.6326969699199356        6.8347717970007351E-008
   9.6486666668799348        7.2437605406902147E-008
   9.6646363638399340        7.5885535812103138E-008
   9.6806060607999331        7.8691509185610323E-008
   9.6965757577599323        8.0855525527423703E-008
   9.7125454547199315        8.2377584837543265E-008
   9.7285151516799306        8.3257687115969021E-008
   9.7444848486399298        8.3495832362700972E-008
   9.7604545455999290        8.3092020577739118E-008
   9.7764242425599281        8.2046251761083445E-008
   9.7923939395199273        8.0358525912733980E-008
   9.8083636364799265        7.8028843032690684E-008
   9.8243333334399257        7.5057203120953595E-008
   9.8403030303999248        7.1443606177522688E-008
   9.8562727273599240        6.7188052202397976E-008
   9.8722424243199232        6.2290541195579485E-008
   9.8882121212799223        5.6751073157067156E-008
   9.9041818182399215        5.0569648086861021E-008
   9.9201515151999207        4.3746265984961074E-008
   9.9361212121599198        3.6280926851367316E-008
   9.9520909091199190        2.8173630686079756E-008
   9.9680606060799182        1.9424377489098384E-008
   9.9840303030399173        1.0033167260423204E-008
