   2.0151515199999999       -1.0000000000000000E-002
   2.0311212169599999        2.1301143905821628E-003
   2.0470909139200000        8.4080255806769071E-003
   2.0630606108800000        9.8633106392396665E-003
   2.0790303078400001        7.5255466352258920E-003
   2.0950000048000001        2.4243106375910206E-003
   2.1109697017600002       -4.3656816475918306E-003
   2.1269393987200003       -1.1153752454847003E-002
   2.1429090956800003       -1.5803730649593457E-002
   2.1588787926400004       -1.6169526127261944E-002
   2.1748484896000004       -1.0105048783283214E-002
   2.1908181865600005        4.5217174788018955E-003
   2.2067878835200005        2.8093541812194863E-002
   2.2227575804800006        5.7570708329161710E-002
   2.2387272774400007        8.9516741305997960E-002
   2.2546969744000007       0.12049516501899912     
   2.2706666713600008       0.14706950374446068     
   2.2866363683200008       0.16626860769865798     
   2.3026060652800009       0.17787266354256231     
   2.3185757622400009       0.18266941121449520     
   2.3345454592000010       0.18144810365845915     
   2.3505151561600011       0.17499799381845671     
   2.3664848531200011       0.16420706942130411     
   2.3824545500800012       0.15229258995400949     
   2.3984242470400012       0.14483398447116805     
   2.4143939440000013       0.14751599677736971     
   2.4303636409600013       0.16602337067720435     
   2.4463333379200014       0.20603289970680128     
   2.4623030348800015       0.26653427835452786     
   2.4782727318400015       0.32767872539616150     
   2.4942424288000016       0.36632410701348439     
   2.5102121257600016       0.35932828938827843     
   2.5261818227200017       0.28354913870232590     
   2.5421515196800017       0.12393830437530456     
   2.5581212166400018       -6.2178902236947331E-002
   2.5740909136000019      -0.17937918314205520     
   2.5900606105600019      -0.13189864715751159     
   2.6060303075200020       0.17602659689919153     
   2.6220000044800020       0.83786750098920526     
   2.6379697014400021        1.8367670644928982     
   2.6539393984000021        2.9989205521716755     
   2.6699090953600022        4.1385417175345962     
   2.6858787923200023        5.0698443140907159     
   2.7018484892800023        5.6070420953490956     
   2.7178181862400024        5.6159885793880484     
   2.7337878832000024        5.1758683783793593     
   2.7497575801600025        4.4209470248399221     
   2.7657272771200025        3.4854901175954485     
   2.7816969740800026        2.5037632554716507     
   2.7976666710400027        1.6034897916074731     
   2.8136363680000027       0.81933471680448910     
   2.8296060649600028       0.11672058311046518     
   2.8455757619200028      -0.54057825400566761     
   2.8615454588800029       -1.1887874390749773     
   2.8775151558400029       -1.8640300739700781     
   2.8934848528000030       -2.5881931353683121     
   2.9094545497600031       -3.3544724571432241     
   2.9254242467200031       -4.1526171378601466     
   2.9413939436800032       -4.9723762760844101     
   2.9573636406400032       -5.8034989703813480     
   2.9733333376000033       -6.6371239180773154     
   2.9893030345600033       -7.4728840500844109     
   3.0052727315200034       -8.3136209304844613     
   3.0212424284800035       -9.1621820861132299     
   3.0372121254400035       -10.021415043806481     
   3.0531818224000036       -10.894092055177749     
   3.0691515193600036       -11.781115512833559     
   3.0851212163200037       -12.681437589781062     
   3.1010909132800037       -13.593919102765188     
   3.1170606102400038       -14.517420868530852     
   3.1330303072000039       -15.450804214018740     
   3.1490000041600039       -16.393485925243418     
   3.1649697011200040       -17.346497352363539     
   3.1809393980800040       -18.311161565707764     
   3.1969090950400041       -19.288801635604763     
   3.2128787920000041       -20.280740632383203     
   3.2288484889600042       -21.287869383118892     
   3.2448181859200043       -22.307070764783408     
   3.2607878828800043       -23.333054930340797     
   3.2767575798400044       -24.360510553413000     
   3.2927272768000044       -25.384126307621969     
   3.3086969737600045       -26.398770139179923     
   3.3246666707200045       -27.408571800133714     
   3.3406363676800046       -28.431217684359535     
   3.3566060646400047       -29.485471700662423     
   3.3725757616000047       -30.590097757847410     
   3.3885454585600048       -31.763859764719534     
   3.4045151555200048       -33.011460497524048     
   3.4204848524800049       -34.277608903189297     
   3.4364545494400049       -35.491016497176979     
   3.4524242464000050       -36.580394645678020     
   3.4683939433600051       -37.474454714883322     
   3.4843636403200051       -38.114125491318475     
   3.5003333372800052       -38.621596221141303     
   3.5163030342400052       -39.257803127213435     
   3.5322727312000053       -40.287206284241783     
   3.5482424281600053       -41.974265766933257     
   3.5642121251200054       -44.581037340091974     
   3.5801818220800055       -47.994561679793620     
   3.5961515190400055       -51.323257623353605     
   3.6121212160000056       -53.578643078646458     
   3.6280909129600056       -53.772235953546705     
   3.6440606099200057       -50.915554155928874     
   3.6600303068800057       -44.275003963524597     
   3.6760000038400058       -34.728033656524445     
   3.6919697008000059       -23.779732576234188     
   3.7079393977600059       -12.936608640087329     
   3.7239090947200060       -3.7051697655173399     
   3.7398787916800060        2.4509510675588588     
   3.7558484886400061        5.1908362057118014     
   3.7718181856000061        5.3778577901100020     
   3.7877878825600062        3.9346029579958905     
   3.8037575795200063        1.7836588466118939     
   3.8197272764800063      -0.15256410752156552     
   3.8356969734400064       -1.2081716793058643     
   3.8516666704000064       -1.4867067490164714     
   3.8676363673600065       -1.2353758307883225     
   3.8836060643200065      -0.70138543875635195     
   3.8995757612800066      -0.13194208705549546     
   3.9155454582400067       0.24528151915351384     
   3.9315151552000067       0.39050214156662577     
   3.9474848521600068       0.36881704626689199     
   3.9634545491200068       0.24646500859019566     
   3.9794242460800069        8.9684803872420019E-002
   3.9953939430400069       -3.5855041937372399E-002
   4.0113636400000070       -9.6194468487734872E-002
   4.0273333369600071      -0.10513204757652685     
   4.0433030339200071       -8.0416405743340497E-002
   4.0592727308800072       -3.9796169527767919E-002
   4.0752424278400072       -1.0199654694013117E-003
   4.0912121248000073        2.1562915078445710E-002
   4.1071818217600073        2.8583045536744282E-002
   4.1231515187200074        2.4796030623445701E-002
   4.1391212156800075        1.4957600958293335E-002
   4.1550909126400075        3.8234871610304724E-003
   4.1710606096000076       -4.0584577561768751E-003
   4.1870303065600076       -7.3593302815584674E-003
   4.2030000035200077       -7.2848639196769812E-003
   4.2189697004800077       -5.1093518404000506E-003
   4.2349393974400078       -2.1070872135952995E-003
   4.2509090944000079        4.5031509969282508E-004
   4.2668787913600079        1.7635921377939375E-003
   4.2828484883200080        2.0439483848526357E-003
   4.2988181852800080        1.6328266426845163E-003
   4.3147878822400081        8.7166971310517738E-004
   4.3307575792000081        1.0192039793021418E-004
   4.3467272761600082       -3.7754742407925527E-004
   4.3626969731200083       -5.4611968841989441E-004
   4.3786666700800083       -4.9497148755358157E-004
   4.3946363670400084       -3.1558066003487315E-004
   4.4106060640000084       -9.9425044418325495E-005
   4.4265757609600085        6.3927651792497524E-005
   4.4425454579200085        1.3770220490169475E-004
   4.4585151548800086        1.4336414120694863E-004
   4.4744848518400087        1.0538206743571079E-004
   4.4904545488000087        4.8224590315432750E-005
   4.5064242457600088       -3.6429578688484108E-006
   4.5223939427200088       -3.2331350647847380E-005
   4.5383636396800089       -4.0309588769824144E-005
   4.5543333366400089       -3.3974260282613541E-005
   4.5703030336000090       -1.9721953234050443E-005
   4.5862727305600091       -3.9492556719695980E-006
   4.6022424275200091        7.3948777147895884E-006
   4.6182121244800092        1.2829624120496392E-005
   4.6341818214400092        1.3442078827262012E-005
   4.6501515184000093        1.0349983573902633E-005
   4.6661212153600093        4.6710800992344460E-006
   4.6820909123200094       -2.4719029523532971E-006
   4.6980606092800095       -9.6570226020881859E-006
   4.7140303062400095       -1.4998553652904650E-005
   4.7300000032000096       -1.6570875663152841E-005
   4.7459697001600096       -1.2448368191182910E-005
   4.7619393971200097       -7.0541079534501721E-007
   4.7779090940800097        1.9013937767693874E-005
   4.7938787910400098        3.9921174695129503E-005
   4.8098484880000099        5.3196220101126930E-005
   4.8258181849600099        5.0018851601661234E-005
   4.8417878819200100        2.1568846812707478E-005
   4.8577575788800100       -3.9597943201344279E-005
   4.8737272758400101       -1.1867042555831264E-004
   4.8896969728000101       -1.8281171244773905E-004
   4.9056666697600102       -1.9866652963869064E-004
   4.9216363667200103       -1.3287960290023467E-004
   4.9376060636800103        4.7679850368921772E-005
   4.9535757606400104        3.3105825101883084E-004
   4.9695454576000104        6.0591740848926713E-004
   4.9855151545600105        7.4765646766506474E-004
   5.0014848515200105        6.3167457343105810E-004
   5.0174545484800106        1.3337087067208172E-004
   5.0334242454400107       -8.1607710712923096E-004
   5.0493939424000107       -1.9083440340420827E-003
   5.0653636393600108       -2.6788822051192840E-003
   5.0813333363200108       -2.6626434755599093E-003
   5.0973030332800109       -1.3945797005630342E-003
   5.1132727302400109        1.5565743877006555E-003
   5.1292424272000110        5.6353257990137745E-003
   5.1452121241600111        9.1665691936459719E-003
   5.1611818211200111        1.0414712571372822E-002
   5.1771515180800112        7.6441639319698952E-003
   5.1931212150400112       -8.8008501580396704E-004
   5.2090909120000113       -1.5193621050386298E-002
   5.2250606089600113       -2.9901535683563362E-002
   5.2410303059200114       -3.8526510069965401E-002
   5.2570000028800115       -3.4591225364222669E-002
   5.2729696998400115       -1.1618362720965418E-002
   5.2889393968000116        3.5125242889961640E-002
   5.3049090937600116        9.2298898856483791E-002
   5.3208787907200117       0.13586833593149367     
   5.3368484876800117       0.14165986696165064     
   5.3528181846400118        8.5499804793614131E-002
   5.3687878816000119       -5.6444119409763738E-002
   5.3847575785600119      -0.28583902282535528     
   5.4007272755200120      -0.56899352103611511     
   5.4166969724800120      -0.86905437213516545     
   5.4326666694400121       -1.1491683342156287     
   5.4486363664000121       -1.3724821653706269     
   5.4646060633600122       -1.5021426236932833     
   5.4805757603200123       -1.5012964672767195     
   5.4965454572800123       -1.3330904542140580     
   5.5125151542400124      -0.96067134259842146     
   5.5284848512000124      -0.34718589052293192     
   5.5444545481600125       0.54077826788958694     
   5.5604242451200125        1.6784686422071113     
   5.5763939420800126        2.9926747940779910     
   5.5923636390400127        4.4087071017135324     
   5.6083333360000127        5.8518759433250436     
   5.6243030329600128        7.2474916971238272     
   5.6402727299200128        8.5208647413211942     
   5.6562424268800129        9.5973054541284473     
   5.6722121238400129        10.402124213756895     
   5.6881818208000130        10.860631398417844     
   5.7041515177600131        10.898137386322597     
   5.7201212147200131        10.439952555682469     
   5.7360909116800132        9.4113872847087592     
   5.7520606086400132        7.7377519516127755     
   5.7680303056000133        5.3443569346058251     
   5.7840000025600133        2.1565126118992155     
   5.7999696995200134       -1.8978341349309964     
   5.8159393964800135       -6.8092395044974365     
   5.8319090934400135       -12.473153148581209     
   5.8478787904000136       -18.779645924171771     
   5.8638484873600136       -25.618788688258576     
   5.8798181843200137       -32.880652297831077     
   5.8957878812800137       -40.455307609878737     
   5.9117575782400138       -48.232825481390996     
   5.9277272752000139       -56.103276769357336     
   5.9436969721600139       -63.956732330767174     
   5.9596666691200140       -71.683263022609992     
   5.9756363660800140       -79.172939701875251     
   5.9916060630400141       -86.315833225552382     
   6.0075757600000141       -93.002014450630853     
   6.0235454569600142       -99.121554234100131     
   6.0395151539200143       -104.56452343294963     
   6.0554848508800143       -109.22185507587459     
   6.0714545478400144       -113.04522517641033     
   6.0874242448000144       -116.08604549266860     
   6.1033939417600145       -118.40499477055106     
   6.1193636387200145       -120.06275175595934     
   6.1353333356800146       -121.11999519479512     
   6.1513030326400147       -121.63740383296006     
   6.1672727296000147       -121.67565641635581     
   6.1832424265600148       -121.29543169088400     
   6.1992121235200148       -120.55740840244631     
   6.2151818204800149       -119.52226529694440     
   6.2311515174400149       -118.25068112027992     
   6.2471212144000150       -116.80333461835451     
   6.2630909113600151       -115.24090453706984     
   6.2790606083200151       -113.62406962232757     
   6.2950303052800152       -112.01350862002936     
   6.3110000022400152       -110.46990027607684     
   6.3269696992000153       -109.05392333637168     
   6.3429393961600153       -107.82625654681557     
   6.3589090931200154       -106.84757865331009     
   6.3748787900800155       -106.17856840175696     
   6.3908484870400155       -105.87990453805781     
   6.4068181840000156       -105.99965009939832     
   6.4227878809600156       -106.49453777057323     
   6.4387575779200157       -107.28110042371283     
   6.4547272748800157       -108.27569653267662     
   6.4706969718400158       -109.39468457132406     
   6.4866666688000159       -110.55442301351462     
   6.5026363657600159       -111.67127033310781     
   6.5186060627200160       -112.66158500396308     
   6.5345757596800160       -113.44172549993991     
   6.5505454566400161       -113.92805029489777     
   6.5665151536000161       -114.03691786269616     
   6.5824848505600162       -113.68468667719452     
   6.5984545475200163       -112.78771521225237     
   6.6144242444800163       -111.26236194172914     
   6.6303939414400164       -109.02498533948435     
   6.6463636384000164       -105.99194387937743     
   6.6623333353600165       -102.08937394063307     
   6.6783030323200165       -97.352756269684562     
   6.6942727292800166       -91.886116101761374     
   6.7102424262400167       -85.794534484158419     
   6.7262121232000167       -79.183092464170599     
   6.7421818201600168       -72.156871089092874     
   6.7581515171200168       -64.820951406220104     
   6.7741212140800169       -57.280414462847268     
   6.7900909110400169       -49.640341306269242     
   6.8060606080000170       -42.005812983780956     
   6.8220303049600171       -34.481910542677312     
   6.8380000019200171       -27.173715030253263     
   6.8539696988800172       -20.186307493803696     
   6.8699393958400172       -13.624768980623557     
   6.8859090928000173       -7.5941805380077341     
   6.9018787897600173       -2.1996232132511437     
   6.9178484867200174        2.4580592173181199     
   6.9338181836800175        6.3564551616571041     
   6.9497878806400175        9.5422783866681602     
   6.9657575776000176        12.064609250541613     
   6.9817272745600176        13.972528111467792     
   6.9976969715200177        15.315115327637029     
   7.0136666684800177        16.141451257239645     
   7.0296363654400178        16.500616258465975     
   7.0456060624000179        16.441690689506338     
   7.0615757593600179        16.013754908551068     
   7.0775454563200180        15.265889273790490     
   7.0935151532800180        14.247174143414936     
   7.1094848502400181        13.006689875614724     
   7.1254545472000181        11.593516828580201     
   7.1414242441600182        10.056735360501662     
   7.1573939411200183        8.4454258295694711     
   7.1733636380800183        6.8086685939739287     
   7.1893333350400184        5.1955440119053780     
   7.2053030320000184        3.6551324415541471     
   7.2212727289600185        2.2365142411105645     
   7.2372424259200185       0.98876976876492106     
   7.2532121228800186       -3.9021647317122828E-002
   7.2691818198400187      -0.81246498480222951     
   7.2851515168000187       -1.3488054009508561     
   7.3011212137600188       -1.6766337032127194     
   7.3170909107200188       -1.8245406990375364     
   7.3330606076800189       -1.8211171958750232     
   7.3490303046400189       -1.6949540011748976     
   7.3650000016000190       -1.4746419223868767     
   7.3809696985600191       -1.1887717669606768     
   7.3969393955200191      -0.86593434234601363     
   7.4129090924800192      -0.53472045599260432     
   7.4288787894400192      -0.22372091535016911     
   7.4448484864000193        3.8473472131578548E-002
   7.4608181833600193       0.22327189900292052     
   7.4767878803200194       0.30208355781414148     
   7.4927575772800195       0.24631764111552140     
   7.5087272742400195        2.7383341457350281E-002
   7.5246969712000196      -0.37411644272278199     
   7.5406666681600196      -0.92992422528538377     
   7.5566363651200197       -1.5963891556303578     
   7.5726060620800197       -2.3298527183348465     
   7.5885757590400198       -3.0866563979759936     
   7.6045454560000199       -3.8231416791309418     
   7.6205151529600199       -4.4956500463768370     
   7.6364848499200200       -5.0605229842908193     
   7.6524545468800200       -5.4741019774500330     
   7.6684242438400201       -5.6927285104316212     
   7.6843939408000201       -5.6727440678127294     
   7.7003636377600202       -5.3704901341704989     
   7.7163333347200203       -4.7423081940820735     
   7.7323030316800203       -3.7445397321245948     
   7.7482727286400204       -2.3335262328752080     
   7.7642424256000204      -0.46560918091105902     
   7.7802121225600205        1.8955683686488776     
   7.7961818195200205        4.7297133711299368     
   7.8121515164800206        7.9900512457359119     
   7.8281212134400207        11.629657257237129     
   7.8440909104000207        15.601606670403919     
   7.8600606073600208        19.858974750006610     
   7.8760303043200208        24.354836760815527     
   7.8920000012800209        29.042267967601003     
   7.9079696982400209        33.874343635133364     
   7.9239393952000210        38.804139028182938     
   7.9399090921600211        43.784729411520047     
   7.9558787891200211        48.769190049915032     
   7.9718484860800212        53.710596208138227     
   7.9878181830400212        58.562023150959931     
   8.0037878800000204        63.276546143150242     
   8.0197575769600196        67.807240449479764     
   8.0357272739200187        72.107181334718817     
   8.0516969708800179        76.129444063637749     
   8.0676666678400171        79.827103901006893     
   8.0836363648000162        83.153236111596598     
   8.0996060617600154        86.060915960177184     
   8.1155757587200146        88.503532206644607     
   8.1315454556800137        90.463277010111540     
   8.1475151526400129        91.973942644963657     
   8.1634848496000121        93.074685947255119     
   8.1794545465600113        93.804663753040089     
   8.1954242435200104        94.203032898372697     
   8.2113939404800096        94.308950219307093     
   8.2273636374400088        94.161572551897464     
   8.2433333344000079        93.800056732197930     
   8.2593030313600071        93.263559596262652     
   8.2752727283200063        92.591237980145792     
   8.2912424252800054        91.822248719901509     
   8.3072121222400046        90.995748651583924     
   8.3231818192000038        90.150894611247224     
   8.3391515161600029        89.326843434945545     
   8.3551212131200021        88.562751958733031     
   8.3710909100800013        87.897748986969845     
   8.3870606070400004        87.358560858027872     
   8.4030303039999996        86.940079005141385     
   8.4190000009599988        86.632158154206962     
   8.4349696979199980        86.424653031121224     
   8.4509393948799971        86.307418361780748     
   8.4669090918399963        86.270308872082140     
   8.4828787887999955        86.303179287921978     
   8.4988484857599946        86.395884335196882     
   8.5148181827199938        86.538278739803445     
   8.5307878796799930        86.720217227638244     
   8.5467575766399921        86.931554524597885     
   8.5627272735999913        87.162145356578961     
   8.5786969705599905        87.401844449478062     
   8.5946666675199896        87.640506529191811     
   8.6106363644799888        87.867986321616769     
   8.6266060614399880        88.074138572597761     
   8.6425757583999872        88.250955888142357     
   8.6585454553599863        88.398448312431100     
   8.6745151523199855        88.518504987248775     
   8.6904848492799847        88.613015054380156     
   8.7064545462399838        88.683867655610030     
   8.7224242431999830        88.732951932723196     
   8.7383939401599822        88.762157027504415     
   8.7543636371199813        88.773372081738486     
   8.7703333340799805        88.768486237210197     
   8.7863030310399797        88.749388635704335     
   8.8022727279999788        88.717968419005672     
   8.8182424249599780        88.676114728898995     
   8.8342121219199772        88.625716707169104     
   8.8501818188799763        88.568663495600774     
   8.8661515158399755        88.506844235978789     
   8.8821212127999747        88.442148070087924     
   8.8980909097599739        88.376464139712994     
   8.9140606067199730        88.311681586638755     
   8.9300303036799722        88.249689552650011     
   8.9460000006399714        88.192377179531533     
   8.9619696975999705        88.141633609068109     
   8.9779393945599697        88.099287872814884     
   8.9939090915199689        88.065885804600697     
   9.0098787884799680        88.040742915870638     
   9.0258484854399672        88.023125188778820     
   9.0418181823999664        88.012298605479387     
   9.0577878793599655        88.007529148126437     
   9.0737575763199647        88.008082798874085     
   9.0897272732799639        88.013225539876473     
   9.1056969702399631        88.022223353287714     
   9.1216666671999622        88.034342221261909     
   9.1376363641599614        88.048848125953199     
   9.1536060611199606        88.065007049515700     
   9.1695757580799597        88.082084974103523     
   9.1855454550399589        88.099347881870784     
   9.2015151519999581        88.116061754971611     
   9.2174848489599572        88.131492575560131     
   9.2334545459199564        88.144915059327829     
   9.2494242428799556        88.155970826882253     
   9.2653939398399547        88.164794600622770     
   9.2813636367999539        88.171555769291359     
   9.2973333337599531        88.176423721629959     
   9.3133030307199522        88.179567846380550     
   9.3292727276799514        88.181157532285113     
   9.3452424246399506        88.181362168085599     
   9.3612121215999498        88.180351142523989     
   9.3771818185599489        88.178293844342235     
   9.3931515155199481        88.175359662282332     
   9.4091212124799473        88.171717985086218     
   9.4250909094399464        88.167538201495859     
   9.4410606063999456        88.162989700253249     
   9.4570303033599448        88.158241870100341     
   9.4730000003199439        88.153464099779114     
   9.4889696972799431        88.148825292832626     
   9.5049393942399423        88.144440079874272     
   9.5209090911999414        88.140319990952918     
   9.5368787881599406        88.136465026068464     
   9.5528484851199398        88.132875185220783     
   9.5688181820799389        88.129550468409803     
   9.5847878790399381        88.126490875635398     
   9.6007575759999373        88.123696406897480     
   9.6167272729599365        88.121167062195923     
   9.6326969699199356        88.118902841530641     
   9.6486666668799348        88.116903744901521     
   9.6646363638399340        88.115169772308462     
   9.6806060607999331        88.113700923751367     
   9.6965757577599323        88.112497199230120     
   9.7125454547199315        88.111558598744622     
   9.7285151516799306        88.110885122294761     
   9.7444848486399298        88.110476769880449     
   9.7604545455999290        88.110333541501575     
   9.7764242425599281        88.110455437158024     
   9.7923939395199273        88.110842456849710     
   9.8083636364799265        88.111494600576520     
   9.8243333334399257        88.112411868338341     
   9.8403030303999248        88.113594260135088     
   9.8562727273599240        88.115041775966645     
   9.8722424243199232        88.116754415832901     
   9.8882121212799223        88.118732179733769     
   9.9041818182399215        88.120975067669136     
   9.9201515151999207        88.123483079638888     
   9.9361212121599198        88.126256215642940     
   9.9520909091199190        88.129294475681178     
   9.9680606060799182        88.132597859753503     
   9.9840303030399173        88.136166367859801     
