   2.0151515199999999        0.0000000000000000     
   2.0311212169599999      -0.12425594927763349     
   2.0470909139200000      -0.19172661972042737     
   2.0630606108800000      -0.20241201132838166     
   2.0790303078400001      -0.15631212410149634     
   2.0950000048000001       -5.3426958039771516E-002
   2.1109697017600002       0.10368145482633467     
   2.1269393987200003       0.27748958104527421     
   2.1429090956800003       0.40518804882640863     
   2.1588787926400004       0.42340449377583017     
   2.1748484896000004       0.26876655149963108     
   2.1908181865600005      -0.12129931323603695     
   2.2067878835200005      -0.71008081349626095     
   2.2227575804800006       -1.2666082177587283     
   2.2387272774400007       -1.5373920315427223     
   2.2546969744000007       -1.2689427603675252     
   2.2706666713600008      -0.20777090975242044     
   2.2866363683200008        1.8294785373272366     
   2.3026060652800009        4.6114759064237880     
   2.3185757622400009        7.7550318983732414     
   2.3345454592000010        10.876729172001244     
   2.3505151561600011        13.593150386133447     
   2.3664848531200011        15.533257935786175     
   2.3824545500800012        16.618067017286645     
   2.3984242470400012        17.064770478353140     
   2.4143939440000013        17.103765923779072     
   2.4303636409600013        16.965450958357859     
   2.4463333379200014        16.880145173778221     
   2.4623030348800015        17.012550080936165     
   2.4782727318400015        17.342512052125574     
   2.4942424288000016        17.817560983534904     
   2.5102121257600016        18.385226771352603     
   2.5261818227200017        18.993039311767127     
   2.5421515196800017        19.590729779501832     
   2.5581212166400018        20.147712924170779     
   2.5740909136000019        20.643765062746716     
   2.5900606105600019        21.058755143850220     
   2.6060303075200020        21.372552116101875     
   2.6220000044800020        21.566278267200644     
   2.6379697014400021        21.681362033878965     
   2.6539393984000021        21.845020750904588     
   2.6699090953600022        22.191020943765537     
   2.6858787923200023        22.853129137949850     
   2.7018484892800023        23.965111858945551     
   2.7178181862400024        25.556255744731185     
   2.7337878832000024        27.224226396685300     
   2.7497575801600025        28.455247227989432     
   2.7657272771200025        28.735541517666150     
   2.7816969740800026        27.551332544738017     
   2.7976666710400027        24.438817597123673     
   2.8136363680000027        19.645035415350023     
   2.8296060649600028        13.945944382516791     
   2.8455757619200028        8.1300928996528334     
   2.8615454588800029        2.9860293677870153     
   2.8775151558400029      -0.70051079887276790     
   2.8934848528000030       -2.5343226556705827     
   2.9094545497600031       -2.9072669318934259     
   2.9254242467200031       -2.3057564305052631     
   2.9413939436800032       -1.2162039544700620     
   2.9573636406400032      -0.12502230675178005     
   2.9733333376000033       0.54682186445127046     
   2.9893030345600033       0.77841618665037948     
   3.0052727315200034       0.69996579616741095     
   3.0212424284800035       0.44195665809860435     
   3.0372121254400035       0.13487473754019913     
   3.0531818224000036       -9.3928657277335820E-002
   3.0691515193600036      -0.19496803108646185     
   3.0851212163200037      -0.19997012654265087     
   3.1010909132800037      -0.14446599967549148     
   3.1170606102400038       -6.3986706514572667E-002
   3.1330303072000039        5.9464707104326924E-003
   3.1490000041600039        4.0453157243470698E-002
   3.1649697011200040        4.5583119674669839E-002
   3.1809393980800040        3.2974596334531932E-002
   3.1969090950400041        1.4265825553558762E-002
   3.2128787920000041        1.0950456622522327E-003
   3.2288484889600042        3.6241446770719989E-003
   3.2448181859200043        1.8325639280395576E-002
   3.2607878828800043        3.4250989262182535E-002
   3.2767575798400044        4.0378290552451443E-002
   3.2927272768000044        2.5685639081220853E-002
   3.3086969737600045       -2.0525166955634451E-002
   3.3246666707200045       -9.2228816136481803E-002
   3.3406363676800046      -0.15892154402758382     
   3.3566060646400047      -0.18815397909815426     
   3.3725757616000047      -0.14747674981740694     
   3.3885454585600048       -4.4404846545554513E-003
   3.4045151555200048       0.24979136897486634     
   3.4204848524800049       0.52330790085070722     
   3.4364545494400049       0.69733376069283248     
   3.4524242464000050       0.65309334755109005     
   3.4683939433600051       0.27181106047532799     
   3.4843636403200051      -0.54485911060035308     
   3.5003333372800052       -1.5921650640014151     
   3.5163030342400052       -2.4333463122534260     
   3.5322727312000053       -2.6257498922558793     
   3.5482424281600053       -1.7267228409082680     
   3.5642121251200054       0.70236862405217360     
   3.5801818220800055        4.4732617867548381     
   3.5961515190400055        8.0961054919305777     
   3.6121212160000056        9.9190634931547432     
   3.6280909129600056        8.2902995440026945     
   3.6440606099200057        1.5579773980497842     
   3.6600303068800057       -11.496484800699800     
   3.6760000038400058       -29.353250434610000     
   3.6919697008000059       -49.425630579311353     
   3.7079393977600059       -69.124525041784366     
   3.7239090947200060       -85.860833629009534     
   3.7398787916800060       -97.119915813962677     
   3.7558484886400061       -102.33691835935598     
   3.7718181856000061       -103.03844334098858     
   3.7877878825600062       -100.85392980854144     
   3.8037575795200063       -97.412816811695507     
   3.8197272764800063       -94.344231281790073     
   3.8356969734400064       -92.824198353972690     
   3.8516666704000064       -92.669634775779983     
   3.8676363673600065       -93.443694578589842     
   3.8836060643200065       -94.709531793780172     
   3.8995757612800066       -96.030300452728824     
   3.9155454582400067       -97.003680830452311     
   3.9315151552000067       -97.559450107306247     
   3.9474848521600068       -97.812763023762173     
   3.9634545491200068       -97.880791951703443     
   3.9794242460800069       -97.880709263013429     
   3.9953939430400069       -97.928678177191458     
   4.0113636400000070       -98.084748440593742     
   4.0273333369600071       -98.324452852068958     
   4.0433030339200071       -98.616333922967272     
   4.0592727308800072       -98.928934164638818     
   4.0752424278400072       -99.230796088433749     
   4.0912121248000073       -99.496521680639063     
   4.1071818217600073       -99.727415241430506     
   4.1231515187200074       -99.932134133388075     
   4.1391212156800075       -100.11933594351767     
   4.1550909126400075       -100.29767825882514     
   4.1710606096000076       -100.47541082614191     
   4.1870303065600076       -100.65446805636105     
   4.2030000035200077       -100.83181159387595     
   4.2189697004800077       -101.00426857419190     
   4.2349393974400078       -101.16866613281414     
   4.2509090944000079       -101.32184591144149     
   4.2668787913600079       -101.46320789307168     
   4.2828484883200080       -101.59762493082590     
   4.2988181852800080       -101.73067527155241     
   4.3147878822400081       -101.86793716209948     
   4.3307575792000081       -102.01498884931540     
   4.3467272761600082       -102.17497803174348     
   4.3626969731200083       -102.33516466937621     
   4.3786666700800083       -102.47642592164468     
   4.3946363670400084       -102.57962166215374     
   4.4106060640000084       -102.62561176450833     
   4.4265757609600085       -102.59675352246002     
   4.4425454579200085       -102.51679014870309     
   4.4585151548800086       -102.45512186588007     
   4.4744848518400087       -102.48350311894465     
   4.4904545488000087       -102.67368835285058     
   4.5064242457600088       -103.09739610436468     
   4.5223939427200088       -103.75423002572786     
   4.5383636396800089       -104.42054139975758     
   4.5543333366400089       -104.82961080564971     
   4.5703030336000090       -104.71471882260015     
   4.5862727305600091       -103.80914602980477     
   4.6022424275200091       -101.92138775853532     
   4.6182121244800092       -99.610708747831836     
   4.6341818214400092       -97.867854810355922     
   4.6501515184000093       -97.688721208864337     
   4.6661212153600093       -100.06920320611380     
   4.6820909123200094       -105.97610496936058     
   4.6980606092800095       -114.63076493583932     
   4.7140303062400095       -122.54904966125528     
   4.7300000032000096       -126.01409693731169     
   4.7459697001600096       -121.30904455571176     
   4.7619393971200097       -104.71703030815873     
   4.7779090940800097       -73.920644985144492     
   4.7938787910400098       -32.972133543289928     
   4.8098484880000099        12.264999381630247     
   4.8258181849600099        55.927122109079932     
   4.8417878819200100        92.150602958522995     
   4.8577575788800100        115.38439424651571     
   4.8737272758400101        125.13287062312070     
   4.8896969728000101        124.99508281542120     
   4.9056666697600102        118.68783638367228     
   4.9216363667200103        109.92793688812898     
   4.9376060636800103        102.42549184131299     
   4.9535757606400104        98.545448548565247     
   4.9695454576000104        97.687463928886629     
   4.9855151545600105        98.855483219721407     
   5.0014848515200105        101.05345165851379     
   5.0174545484800106        103.28531448270802     
   5.0334242454400107        104.67449940255609     
   5.0493939424000107        105.15231961924140     
   5.0653636393600108        104.98473113417911     
   5.0813333363200108        104.43876193728613     
   5.0973030332800109        103.78144001847930     
   5.1132727302400109        103.27459979409004     
   5.1292424272000110        103.02837748054492     
   5.1452121241600111        102.98078691614268     
   5.1611818211200111        103.06054308868812     
   5.1771515180800112        103.19636098598602     
   5.1931212150400112        103.31696200435833     
   5.2090909120000113        103.36972541968417     
   5.2250606089600113        103.36165169414487     
   5.2410303059200114        103.31162502913715     
   5.2570000028800115        103.23852962605780     
   5.2729696998400115        103.16124968630355     
   5.2889393968000116        103.09737485824496     
   5.3049090937600116        103.05107993721512     
   5.3208787907200117        103.01860268806678     
   5.3368484876800117        102.99607739632026     
   5.3528181846400118        102.97963834749589     
   5.3687878816000119        102.96544048960020     
   5.3847575785600119        102.95098019585923     
   5.4007272755200120        102.93589372044785     
   5.4166969724800120        102.92000867176404     
   5.4326666694400121        102.90315265820580     
   5.4486363664000121        102.88515328817114     
   5.4646060633600122        102.86583817005807     
   5.4805757603200123        102.84503491226459     
   5.4965454572800123        102.82257112318871     
   5.5125151542400124        102.79827441122843     
   5.5284848512000124        102.77197238478175     
   5.5444545481600125        102.74351339137570     
   5.5604242451200125        102.71309635450937     
   5.5763939420800126        102.68121226738303     
   5.5923636390400127        102.64836103865210     
   5.6083333360000127        102.61504257697203     
   5.6243030329600128        102.58175679099828     
   5.6402727299200128        102.54900358938629     
   5.6562424268800129        102.51728288079151     
   5.6722121238400129        102.48709457386938     
   5.6881818208000130        102.45893857727536     
   5.7041515177600131        102.43331479966488     
   5.7201212147200131        102.41072314969340     
   5.7360909116800132        102.39166353601637     
   5.7520606086400132        102.37663586728922     
   5.7680303056000133        102.36614005216742     
   5.7840000025600133        102.36067599930639     
   5.7999696995200134        102.36072765305896     
   5.8159393964800135        102.36628548543491     
   5.8319090934400135        102.37676408839106     
   5.8478787904000136        102.39154548472116     
   5.8638484873600136        102.41001169721901     
   5.8798181843200137        102.43154474867836     
   5.8957878812800137        102.45552666189300     
   5.9117575782400138        102.48133945965668     
   5.9277272752000139        102.50836516476321     
   5.9436969721600139        102.53598580000630     
   5.9596666691200140        102.56358338817978     
   5.9756363660800140        102.59053995207739     
   5.9916060630400141        102.61623751449292     
   6.0075757600000141        102.64005809822012     
   6.0235454569600142        102.66138372605279     
   6.0395151539200143        102.67959642078468     
   6.0554848508800143        102.69408262589204     
   6.0714545478400144        102.70454023725240     
   6.0874242448000144        102.71117853386396     
   6.1033939417600145        102.71425431009818     
   6.1193636387200145        102.71402436032658     
   6.1353333356800146        102.71074547892060     
   6.1513030326400147        102.70467446025175     
   6.1672727296000147        102.69606809869150     
   6.1832424265600148        102.68518318861133     
   6.1992121235200148        102.67227652438274     
   6.2151818204800149        102.65760490037719     
   6.2311515174400149        102.64142511096618     
   6.2471212144000150        102.62399395052118     
   6.2630909113600151        102.60556821341368     
   6.2790606083200151        102.58640469401516     
   6.2950303052800152        102.56676018669710     
   6.3110000022400152        102.54689148583097     
   6.3269696992000153        102.52705538578827     
   6.3429393961600153        102.50750868094049     
   6.3589090931200154        102.48850816565910     
   6.3748787900800155        102.47031063431557     
   6.3908484870400155        102.45317288128140     
   6.4068181840000156        102.43732107648979     
   6.4227878809600156        102.42275968685257     
   6.4387575779200157        102.40939559485651     
   6.4547272748800157        102.39713525963927     
   6.4706969718400158        102.38588514033853     
   6.4866666688000159        102.37555169609196     
   6.5026363657600159        102.36604138603721     
   6.5186060627200160        102.35726066931196     
   6.5345757596800160        102.34911600505387     
   6.5505454566400161        102.34151385240060     
   6.5665151536000161        102.33436067048983     
   6.5824848505600162        102.32756291845922     
   6.5984545475200163        102.32102705544645     
   6.6144242444800163        102.31465954058916     
   6.6303939414400164        102.30836683302505     
   6.6463636384000164        102.30205539189174     
   6.6623333353600165        102.29563738536567     
   6.6783030323200165        102.28908882466548     
   6.6942727292800166        102.28242574217249     
   6.7102424262400167        102.27566478672635     
   6.7262121232000167        102.26882260716677     
   6.7421818201600168        102.26191585233342     
   6.7581515171200168        102.25496117106599     
   6.7741212140800169        102.24797521220417     
   6.7900909110400169        102.24097462458762     
   6.8060606080000170        102.23397605705605     
   6.8220303049600171        102.22699615844915     
   6.8380000019200171        102.22005157760660     
   6.8539696988800172        102.21315896336806     
   6.8699393958400172        102.20633496457323     
   6.8859090928000173        102.19959623006181     
   6.9018787897600173        102.19295940867346     
   6.9178484867200174        102.18644071102514     
   6.9338181836800175        102.18004823619992     
   6.9497878806400175        102.17378293426806     
   6.9657575776000176        102.16764551054462     
   6.9817272745600176        102.16163667034463     
   6.9976969715200177        102.15575711898320     
   7.0136666684800177        102.15000756177535     
   7.0296363654400178        102.14438870403615     
   7.0456060624000179        102.13890125108065     
   7.0615757593600179        102.13354590822392     
   7.0775454563200180        102.12832338078100     
   7.0935151532800180        102.12323437406697     
   7.1094848502400181        102.11827959339686     
   7.1254545472000181        102.11345974408576     
   7.1414242441600182        102.10877553144870     
   7.1573939411200183        102.10422766080075     
   7.1733636380800183        102.09981683745696     
   7.1893333350400184        102.09554376673239     
   7.2053030320000184        102.09140915394211     
   7.2212727289600185        102.08741370440117     
   7.2372424259200185        102.08355812342462     
   7.2532121228800186        102.07984311594852     
   7.2691818198400187        102.07626398381142     
   7.2851515168000187        102.07279702782238     
   7.3011212137600188        102.06941437415297     
   7.3170909107200188        102.06608814897473     
   7.3330606076800189        102.06279047845922     
   7.3490303046400189        102.05949348877799     
   7.3650000016000190        102.05616930610257     
   7.3809696985600191        102.05279005660452     
   7.3969393955200191        102.04932786645540     
   7.4129090924800192        102.04575486182674     
   7.4288787894400192        102.04204316889007     
   7.4448484864000193        102.03816491381698     
   7.4608181833600193        102.03409222277899     
   7.4767878803200194        102.02979722194766     
   7.4927575772800195        102.02525203749454     
   7.5087272742400195        102.02042879559117     
   7.5246969712000196        102.01531057848716     
   7.5406666681600196        102.00993725808691     
   7.5566363651200197        102.00436705046469     
   7.5726060620800197        101.99865818082890     
   7.5885757590400198        101.99286887438794     
   7.6045454560000199        101.98705735635019     
   7.6205151529600199        101.98128185192407     
   7.6364848499200200        101.97560058631798     
   7.6524545468800200        101.97007178474030     
   7.6684242438400201        101.96475367239944     
   7.6843939408000201        101.95970447450379     
   7.7003636377600202        101.95498241626176     
   7.7163333347200203        101.95064572288173     
   7.7323030316800203        101.94675261957212     
   7.7482727286400204        101.94336133154131     
   7.7642424256000204        101.94053008399771     
   7.7802121225600205        101.93830733682412     
   7.7961818195200205        101.93666578461567     
   7.8121515164800206        101.93554270481702     
   7.8281212134400207        101.93487517405212     
   7.8440909104000207        101.93460026894486     
   7.8600606073600208        101.93465506611919     
   7.8760303043200208        101.93497664219900     
   7.8920000012800209        101.93550207380824     
   7.9079696982400209        101.93616843757081     
   7.9239393952000210        101.93691281011064     
   7.9399090921600211        101.93767226805166     
   7.9558787891200211        101.93838388801777     
   7.9718484860800212        101.93898474663290     
   7.9878181830400212        101.93941192052097     
   8.0037878800000204        101.93960248630590     
   8.0197575769600196        101.93949352061161     
   8.0357272739200187        101.93902210006203     
   8.0516969708800179        101.93812530128108     
   8.0676666678400171        101.93674020089266     
   8.0836363648000162        101.93480387552071     
   8.0996060617600154        101.93225340178915     
   8.1155757587200146        101.92902644233035     
   8.1315454556800137        101.92511450123736     
   8.1475151526400129        101.92060553738470     
   8.1634848496000121        101.91559753748540     
   8.1794545465600113        101.91018848825249     
   8.1954242435200104        101.90447637639902     
   8.2113939404800096        101.89855918863802     
   8.2273636374400088        101.89253491168252     
   8.2433333344000079        101.88650153224556     
   8.2593030313600071        101.88055703704018     
   8.2752727283200063        101.87479941277940     
   8.2912424252800054        101.86932664617626     
   8.3072121222400046        101.86423672394380     
   8.3231818192000038        101.85962763279507     
   8.3391515161600029        101.85559735944308     
   8.3551212131200021        101.85224389060087     
   8.3710909100800013        101.84966512093592     
   8.3870606070400004        101.84791822006399     
   8.4030303039999996        101.84695582369953     
   8.4190000009599988        101.84671402889710     
   8.4349696979199980        101.84712893271124     
   8.4509393948799971        101.84813663219654     
   8.4669090918399963        101.84967322440755     
   8.4828787887999955        101.85167480639882     
   8.4988484857599946        101.85407747522493     
   8.5148181827199938        101.85681732794040     
   8.5307878796799930        101.85983046159984     
   8.5467575766399921        101.86305297325779     
   8.5627272735999913        101.86642095996881     
   8.5786969705599905        101.86987051878745     
   8.5946666675199896        101.87333774676829     
   8.6106363644799888        101.87675874096587     
   8.6266060614399880        101.88006959855099     
   8.6425757583999872        101.88321887133110     
   8.6585454553599863        101.88620181869604     
   8.6745151523199855        101.88902464718666     
   8.6904848492799847        101.89169356334378     
   8.7064545462399838        101.89421477370823     
   8.7224242431999830        101.89659448482082     
   8.7383939401599822        101.89883890322243     
   8.7543636371199813        101.90095423545382     
   8.7703333340799805        101.90294668805588     
   8.7863030310399797        101.90482246756940     
   8.8022727279999788        101.90658778053523     
   8.8182424249599780        101.90824883349418     
   8.8342121219199772        101.90981183298710     
   8.8501818188799763        101.91128298555481     
   8.8661515158399755        101.91266849773812     
   8.8821212127999747        101.91397457607789     
   8.8980909097599739        101.91520742711494     
   8.9140606067199730        101.91637325739008     
   8.9300303036799722        101.91747827344415     
   8.9460000006399714        101.91852868181799     
   8.9619696975999705        101.91953068905242     
   8.9779393945599697        101.92049034671346     
   8.9939090915199689        101.92141039805674     
   9.0098787884799680        101.92229041434936     
   9.0258484854399672        101.92312983916321     
   9.0418181823999664        101.92392811607014     
   9.0577878793599655        101.92468468864202     
   9.0737575763199647        101.92539900045071     
   9.0897272732799639        101.92607049506810     
   9.1056969702399631        101.92669861606603     
   9.1216666671999622        101.92728280701637     
   9.1376363641599614        101.92782251149100     
   9.1536060611199606        101.92831717306179     
   9.1695757580799597        101.92876623530059     
   9.1855454550399589        101.92916914177927     
   9.2015151519999581        101.92952533606970     
   9.2174848489599572        101.92983426174374     
   9.2334545459199564        101.93009539735068     
   9.2494242428799556        101.93030969087735     
   9.2653939398399547        101.93048006516081     
   9.2813636367999539        101.93060958187526     
   9.2973333337599531        101.93070130269494     
   9.3133030307199522        101.93075828929405     
   9.3292727276799514        101.93078360334678     
   9.3452424246399506        101.93078030652738     
   9.3612121215999498        101.93075146051002     
   9.3771818185599489        101.93070012696894     
   9.3931515155199481        101.93062936757835     
   9.4091212124799473        101.93054224401246     
   9.4250909094399464        101.93044181794545     
   9.4410606063999456        101.93033115105156     
   9.4570303033599448        101.93021330500501     
   9.4730000003199439        101.93009134147998     
   9.4889696972799431        101.92996832020751     
   9.5049393942399423        101.92984708355797     
   9.5209090911999414        101.92973006098870     
   9.5368787881599406        101.92961963577967     
   9.5528484851199398        101.92951819121090     
   9.5688181820799389        101.92942811056236     
   9.5847878790399381        101.92935177711405     
   9.6007575759999373        101.92929157414598     
   9.6167272729599365        101.92924988493812     
   9.6326969699199356        101.92922909277047     
   9.6486666668799348        101.92923158092303     
   9.6646363638399340        101.92925973267580     
   9.6806060607999331        101.92931593130876     
   9.6965757577599323        101.92940256010192     
   9.7125454547199315        101.92952200233526     
   9.7285151516799306        101.92967664128878     
   9.7444848486399298        101.92986886024248     
   9.7604545455999290        101.93010104247634     
   9.7764242425599281        101.93037557127035     
   9.7923939395199273        101.93069482990452     
   9.8083636364799265        101.93106120165884     
   9.8243333334399257        101.93147706981330     
   9.8403030303999248        101.93194481764790     
   9.8562727273599240        101.93246682844263     
   9.8722424243199232        101.93304548547748     
   9.8882121212799223        101.93368317203245     
   9.9041818182399215        101.93438227138752     
   9.9201515151999207        101.93514516682271     
   9.9361212121599198        101.93597424161798     
   9.9520909091199190        101.93687187905337     
   9.9680606060799182        101.93784046240883     
   9.9840303030399173        101.93888237496438     
