   2.0151515199999999        0.0000000000000000     
   2.0311212169599999       -5.6644224439281875E-010
   2.0470909139200000       -8.7401896984127822E-010
   2.0630606108800000       -9.2273017634537859E-010
   2.0790303078400001       -7.1257586390511957E-010
   2.0950000048000001       -2.4355603252050146E-010
   2.1109697017600002        4.7264985149739778E-010
   2.1269393987200003        1.2649842683323444E-009
   2.1429090956800003        1.8471198289713728E-009
   2.1588787926400004        1.9301626452066996E-009
   2.1748484896000004        1.2252188288305409E-009
   2.1908181865600005       -5.5296390741989366E-010
   2.2067878835200005       -3.2370262513418482E-009
   2.2227575804800006       -5.7740527178346356E-009
   2.2387272774400007       -7.0084675858289047E-009
   2.2546969744000007       -5.7846951342552993E-009
   2.2706666713600008       -9.4715964204446654E-010
   2.2866363683200008        8.0552823681716045E-009
   2.3026060652800009        1.8199942963208389E-008
   2.3185757622400009        2.5155379129294535E-008
   2.3345454592000010        2.4588182543313280E-008
   2.3505151561600011        1.2164944882147857E-008
   2.3664848531200011       -1.6034056310645880E-008
   2.3824545500800012       -5.4169198513266566E-008
   2.3984242470400012       -8.6503676701989905E-008
   2.4143939440000013       -9.6859430781844913E-008
   2.4303636409600013       -6.9058400657860570E-008
   2.4463333379200014        1.3056359866364161E-008
   2.4623030348800015        1.4788255631244375E-007
   2.4782727318400015        2.8378767605560815E-007
   2.4942424288000016        3.6039289646043026E-007
   2.5102121257600016        3.1731939489148308E-007
   2.5261818227200017        9.4188348713339399E-008
   2.5421515196800017       -3.4993073317503282E-007
   2.5581212166400018       -8.8206363868191448E-007
   2.5740909136000019       -1.2776915401603824E-006
   2.5900606105600019       -1.3114772078534775E-006
   2.6060303075200020       -7.5808341200424031E-007
   2.6220000044800020        5.9914308850501368E-007
   2.6379697014400021        2.5590133705154949E-006
   2.6539393984000021        4.3259344674918298E-006
   2.6699090953600022        5.0589361492417471E-006
   2.6858787923200023        3.9170481855729760E-006
   2.7018484892800023        5.9300346293244123E-008
   2.7178181862400024       -6.7131905753650506E-006
   2.7337878832000024       -1.3946756436391445E-005
   2.7497575801600025       -1.8502854859996793E-005
   2.7657272771200025       -1.7242942644910417E-005
   2.7816969740800026       -7.0284765898616352E-006
   2.7976666710400027        1.4709181684392238E-005
   2.8136363680000027        4.2432217212890188E-005
   2.8296060649600028        6.4571002465974869E-005
   2.8455757619200028        6.9412333041015846E-005
   2.8615454588800029        4.5243004535382629E-005
   2.8775151558400029       -1.9527896086774770E-005
   2.8934848528000030       -1.1951341885276673E-004
   2.9094545497600031       -2.1510983883184036E-004
   2.9254242467200031       -2.6260288843596305E-004
   2.9413939436800032       -2.1827830007710211E-004
   2.9573636406400032       -3.8421806167224844E-005
   2.9733333376000033        2.9873549465585670E-004
   2.9893030345600033        6.8081653869195432E-004
   3.0052727315200034        9.4477162783080640E-004
   3.0212424284800035        9.2745689662225984E-004
   3.0372121254400035        4.6572847961616254E-004
   3.0531818224000036       -5.8898084313509810E-004
   3.0691515193600036       -2.0231500628094781E-003
   3.0851212163200037       -3.2456085414985171E-003
   3.1010909132800037       -3.6474949881187273E-003
   3.1170606102400038       -2.6199481115866201E-003
   3.1330303072000039        4.4529638269032715E-004
   3.1490000041600039        5.5065422338365392E-003
   3.1649697011200040        1.0632839665718074E-002
   3.1809393980800040        1.3551887734023270E-002
   3.1969090950400041        1.1991385494440465E-002
   3.2128787920000041        3.6790320026579932E-003
   3.2288484889600042       -1.2956918932782559E-002
   3.2448181859200043       -3.2992360818208166E-002
   3.2607878828800043       -4.7981762314006630E-002
   3.2767575798400044       -4.9444779610733534E-002
   3.2927272768000044       -2.8901068898944466E-002
   3.3086969737600045        2.1830896037134947E-002
   3.3246666707200045        9.5494751392306829E-002
   3.3406363676800046       0.16223746599949526     
   3.3566060646400047       0.19040997050378697     
   3.3725757616000047       0.14836319555026881     
   3.3885454585600048        4.4480717840274953E-003
   3.4045151555200048      -0.24959961329254463     
   3.4204848524800049      -0.52226924216719450     
   3.4364545494400049      -0.69544511104879114     
   3.4524242464000050      -0.65101126789619546     
   3.4683939433600051      -0.27085176066826905     
   3.4843636403200051       0.54281066836549918     
   3.5003333372800052        1.5860037276791448     
   3.5163030342400052        2.4237790057146791     
   3.5322727312000053        2.6153218324476266     
   3.5482424281600053        1.7198175378535137     
   3.5642121251200054      -0.69954573922382335     
   3.5801818220800055       -4.4552369991566909     
   3.5961515190400055       -8.0634387704086290     
   3.6121212160000056       -9.8790083299582996     
   3.6280909129600056       -8.2568029547843640     
   3.6440606099200057       -1.5516799218654855     
   3.6600303068800057        11.450020960104384     
   3.6760000038400058        29.234740581251014     
   3.6919697008000059        49.226430577246248     
   3.7079393977600059        68.846641176356115     
   3.7239090947200060        85.516922606846705     
   3.7398787916800060        96.732974082304366     
   3.7558484886400061        101.93214667832538     
   3.7718181856000061        102.63452025037965     
   3.7877878825600062        100.46258254369624     
   3.8037575795200063        97.038821303504264     
   3.8197272764800063        93.985413523499076     
   3.8356969734400064        92.473418594674271     
   3.8516666704000064        92.320739238188523     
   3.8676363673600065        93.092626719984864     
   3.8836060643200065        94.354332306006327     
   3.8995757612800066        95.671107262195960     
   3.9155454582400067        96.642556928528819     
   3.9315151552000067        97.198727505887064     
   3.9474848521600068        97.454118345943257     
   3.9634545491200068        97.525236370600211     
   3.9794242460800069        97.528588501760765     
   3.9953939430400069        97.579678238938016     
   4.0113636400000070        97.738214222309324     
   4.0273333369600071        97.979868034041999     
   4.0433030339200071        98.273360659844897     
   4.0592727308800072        98.587413085426959     
   4.0752424278400072        98.890746296497056     
   4.0912121248000073        99.158106476643425     
   4.1071818217600073        99.390791074488376     
   4.1231515187200074        99.597409006473910     
   4.1391212156800075        99.786569412198361     
   4.1550909126400075        99.966881431260049     
   4.1710606096000076        100.14654856121818     
   4.1870303065600076        100.32749300144721     
   4.2030000035200077        100.50669098653152     
   4.2189697004800077        100.68098496712969     
   4.2349393974400078        100.84721739390029     
   4.2509090944000079        101.00224517706887     
   4.2668787913600079        101.14547534500603     
   4.2828484883200080        101.28177020502157     
   4.2988181852800080        101.41669519083911     
   4.3147878822400081        101.55581573618227     
   4.3307575792000081        101.70469727477470     
   4.3467272761600082        101.86647948564078     
   4.3626969731200083        102.02844564356421     
   4.3786666700800083        102.17150881113224     
   4.3946363670400084        102.27656479919767     
   4.4106060640000084        102.32450941861327     
   4.4265757609600085        102.29773315126937     
   4.4425454579200085        102.21993641771498     
   4.4585151548800086        102.16039282688023     
   4.4744848518400087        102.19072588789678     
   4.4904545488000087        102.38255910989633     
   4.5064242457600088        102.80748015946510     
   4.5223939427200088        103.46509364717748     
   4.5383636396800089        104.13215992727130     
   4.5543333366400089        104.54244738510532     
   4.5703030336000090        104.42972440603822     
   4.5862727305600091        103.52775937542876     
   4.6022424275200091        101.64537493634826     
   4.6182121244800092        99.340561136641995     
   4.6341818214400092        97.601868397006584     
   4.6501515184000093        97.422985600260148     
   4.6661212153600093        99.797601629220807     
   4.6820909123200094        105.69038412477222     
   4.6980606092800095        114.32472621173633     
   4.7140303062400095        122.22504551504359     
   4.7300000032000096        125.68358972415042     
   4.7459697001600096        120.99260652851324     
   4.7619393971200097        104.44434361758843     
   4.7779090940800097        73.727046691970315     
   4.7938787910400098        32.882890133851134     
   4.8098484880000099       -12.239163656728763     
   4.8258181849600099       -55.790025548617422     
   4.8417878819200100       -91.920606410662799     
   4.8577575788800100       -115.09366121351196     
   4.8737272758400101       -124.81540093154726     
   4.8896969728000101       -124.67702040036637     
   4.9056666697600102       -118.38719055966868     
   4.9216363667200103       -109.65458234915361     
   4.9376060636800103       -102.18117561844572     
   4.9535757606400104       -98.325187307489429     
   4.9695454576000104       -97.482624192470510     
   4.9855151545600105       -98.654192417156040     
   5.0014848515200105       -100.84059812531308     
   5.0174545484800106       -103.04254746070872     
   5.0334242454400107       -104.38256708953801     
   5.0493939424000107       -104.80687798440363     
   5.0653636393600108       -104.60289225492632     
   5.0813333363200108       -104.05911497604829     
   5.0973030332800109       -103.46405122271180     
   5.1132727302400109       -103.09941370550541     
   5.1292424272000110       -103.04851812983431     
   5.1452121241600111       -103.16957163444279     
   5.1611818211200111       -103.30861994751922     
   5.1771515180800112       -103.31170879725195     
   5.1931212150400112       -103.02491817131872     
   5.2090909120000113       -102.39407179087144     
   5.2250606089600113       -101.68372411480355     
   5.2410303059200114       -101.22195924980952     
   5.2570000028800115       -101.33686130258378     
   5.2729696998400115       -102.35651437982079     
   5.2889393968000116       -104.52443920603358     
   5.3049090937600116       -107.20786536790085     
   5.3208787907200117       -109.25555613337052     
   5.3368484876800117       -109.50951524632505     
   5.3528181846400118       -106.81174645064695     
   5.3687878816000119       -100.01503857641107     
   5.3847575785600119       -88.672356922808945     
   5.4007272755200120       -73.453608878070540     
   5.4166969724800120       -55.128581959694188     
   5.4326666694400121       -34.467063685178232     
   5.4486363664000121       -12.238841572020988     
   5.4646060633600122        10.786296862279215     
   5.4805757603200123        33.838564100224005     
   5.4965454572800123        56.148172624315123     
   5.5125151542400124        76.945334917054225     
   5.5284848512000124        95.460263460942883     
   5.5444545481600125        110.95511742523672     
   5.5604242451200125        123.23208544510399     
   5.5763939420800126        132.54326218823471     
   5.5923636390400127        139.15447574645466     
   5.6083333360000127        143.33155421158975     
   5.6243030329600128        145.34032567546575     
   5.6402727299200128        145.44661822990849     
   5.6562424268800129        143.91625996674378     
   5.6722121238400129        141.01507897779749     
   5.6881818208000130        137.00890335489541     
   5.7041515177600131        132.16356118986340     
   5.7201212147200131        126.74488057452724     
   5.7360909116800132        121.01868960071280     
   5.7520606086400132        115.25081636024588     
   5.7680303056000133        109.70708894495232     
   5.7840000025600133        104.65333544665793     
   5.7999696995200134        100.35059612396051     
   5.8159393964800135        96.911914587371143     
   5.8319090934400135        94.277623010272123     
   5.8478787904000136        92.378285790751292     
   5.8638484873600136        91.144467326896446     
   5.8798181843200137        90.506732016795453     
   5.8957878812800137        90.395644258536109     
   5.9117575782400138        90.741768450206251     
   5.9277272752000139        91.475668989893691     
   5.9436969721600139        92.527910275686281     
   5.9596666691200140        93.829056705671817     
   5.9756363660800140        95.309672677938153     
   5.9916060630400141        96.900322590573111     
   6.0075757600000141        98.531570841664518     
   6.0235454569600142        100.13398182930017     
   6.0395151539200143        101.63811995156793     
   6.0554848508800143        102.97496651474850     
   6.0714545478400144        104.10487545226076     
   6.0874242448000144        105.03642850268473     
   6.1033939417600145        105.78268851098279     
   6.1193636387200145        106.35671832211727     
   6.1353333356800146        106.77158078105055     
   6.1513030326400147        107.04033873274496     
   6.1672727296000147        107.17605502216287     
   6.1832424265600148        107.19179249426661     
   6.1992121235200148        107.10061399401856     
   6.2151818204800149        106.91558236638106     
   6.2311515174400149        106.64976045631646     
   6.2471212144000150        106.31621110878712     
   6.2630909113600151        105.92799716875538     
   6.2790606083200151        105.49818148118361     
   6.2950303052800152        105.03982689103417     
   6.3110000022400152        104.56599624326938     
   6.3269696992000153        104.08975238285163     
   6.3429393961600153        103.62415815474324     
   6.3589090931200154        103.18227640390658     
   6.3748787900800155        102.77716997530402     
   6.3908484870400155        102.42190171389788     
   6.4068181840000156        102.12794471728071     
   6.4227878809600156        101.89526324190369     
   6.4387575779200157        101.71875583226402     
   6.4547272748800157        101.59329905635336     
   6.4706969718400158        101.51376948216340     
   6.4866666688000159        101.47504367768578     
   6.5026363657600159        101.47199821091218     
   6.5186060627200160        101.49950964983428     
   6.5345757596800160        101.55245456244374     
   6.5505454566400161        101.62570951673223     
   6.5665151536000161        101.71415108069144     
   6.5824848505600162        101.81265582231300     
   6.5984545475200163        101.91610030958863     
   6.6144242444800163        102.01936111050996     
   6.6303939414400164        102.11731479306867     
   6.6463636384000164        102.20483792525644     
   6.6623333353600165        102.27714093436765     
   6.6783030323200165        102.33316772974943     
   6.6942727292800166        102.37420262131330     
   6.7102424262400167        102.40156596888812     
   6.7262121232000167        102.41657813230273     
   6.7421818201600168        102.42055947138600     
   6.7581515171200168        102.41483034596678     
   6.7741212140800169        102.40071111587390     
   6.7900909110400169        102.37952214093625     
   6.8060606080000170        102.35258378098266     
   6.8220303049600171        102.32121639584200     
   6.8380000019200171        102.28674034534311     
   6.8539696988800172        102.25047598931484     
   6.8699393958400172        102.21374368758605     
   6.8859090928000173        102.17786379998560     
   6.9018787897600173        102.14415668634234     
   6.9178484867200174        102.11389994167830     
   6.9338181836800175        102.08757958142681     
   6.9497878806400175        102.06498397089575     
   6.9657575776000176        102.04587759048690     
   6.9817272745600176        102.03002492060202     
   6.9976969715200177        102.01719044164290     
   7.0136666684800177        102.00713863401128     
   7.0296363654400178        101.99963397810896     
   7.0456060624000179        101.99444095433772     
   7.0615757593600179        101.99132404309930     
   7.0775454563200180        101.99004772479550     
   7.0935151532800180        101.99037647982807     
   7.1094848502400181        101.99207478859880     
   7.1254545472000181        101.99490713150945     
   7.1414242441600182        101.99863798896179     
   7.1573939411200183        102.00303184135760     
   7.1733636380800183        102.00785316909865     
   7.1893333350400184        102.01286645258671     
   7.2053030320000184        102.01783617222355     
   7.2212727289600185        102.02252680841096     
   7.2372424259200185        102.02670284155067     
   7.2532121228800186        102.03012875570383     
   7.2691818198400187        102.03262120335245     
   7.2851515168000187        102.03418029724264     
   7.3011212137600188        102.03484645741607     
   7.3170909107200188        102.03466010391435     
   7.3330606076800189        102.03366165677912     
   7.3490303046400189        102.03189153605204     
   7.3650000016000190        102.02939016177476     
   7.3809696985600191        102.02619795398888     
   7.3969393955200191        102.02235533273610     
   7.4129090924800192        102.01790271805800     
   7.4288787894400192        102.01288052999627     
   7.4448484864000193        102.00732918859252     
   7.4608181833600193        102.00128911388840     
   7.4767878803200194        101.99480072592556     
   7.4927575772800195        101.98790444474564     
   7.5087272742400195        101.98064069039026     
   7.5246969712000196        101.97305428220977     
   7.5406666681600196        101.96521284289891     
   7.5566363651200197        101.95719136107893     
   7.5726060620800197        101.94906482903880     
   7.5885757590400198        101.94090823906750     
   7.6045454560000199        101.93279658345399     
   7.6205151529600199        101.92480485448728     
   7.6364848499200200        101.91700804445631     
   7.6524545468800200        101.90948114565006     
   7.6684242438400201        101.90229915035754     
   7.6843939408000201        101.89553705086767     
   7.7003636377600202        101.88926983946946     
   7.7163333347200203        101.88357250845188     
   7.7323030316800203        101.87852005010390     
   7.7482727286400204        101.87418745671449     
   7.7642424256000204        101.87064972057264     
   7.7802121225600205        101.86796937335536     
   7.7961818195200205        101.86611226979439     
   7.8121515164800206        101.86499907213255     
   7.8281212134400207        101.86455018636427     
   7.8440909104000207        101.86468601848397     
   7.8600606073600208        101.86532697448607     
   7.8760303043200208        101.86639346036496     
   7.8920000012800209        101.86780588211509     
   7.9079696982400209        101.86948464573086     
   7.9239393952000210        101.87135015720669     
   7.9399090921600211        101.87332282253699     
   7.9558787891200211        101.87532304771618     
   7.9718484860800212        101.87727123873867     
   7.9878181830400212        101.87908780159889     
   8.0037878800000204        101.88069314229124     
   8.0197575769600196        101.88200766681013     
   8.0357272739200187        101.88295178115000     
   8.0516969708800179        101.88344589130524     
   8.0676666678400171        101.88341040327030     
   8.0836363648000162        101.88276572303957     
   8.0996060617600154        101.88143225660745     
   8.1155757587200146        101.87933108601889     
   8.1315454556800137        101.87644540768896     
   8.1475151526400129        101.87286969339429     
   8.1634848496000121        101.86870998355890     
   8.1794545465600113        101.86407231860683     
   8.1954242435200104        101.85906273896209     
   8.2113939404800096        101.85378728504871     
   8.2273636374400088        101.84835199729072     
   8.2433333344000079        101.84286291611214     
   8.2593030313600071        101.83742608193698     
   8.2752727283200063        101.83214753518931     
   8.2912424252800054        101.82713331629310     
   8.3072121222400046        101.82248946567240     
   8.3231818192000038        101.81832202375125     
   8.3391515161600029        101.81473703095365     
   8.3551212131200021        101.81184052770364     
   8.3710909100800013        101.80973845675776     
   8.3870606070400004        101.80849354844371     
   8.4030303039999996        101.80805761453681     
   8.4190000009599988        101.80836491801543     
   8.4349696979199980        101.80934972185796     
   8.4509393948799971        101.81094628904272     
   8.4669090918399963        101.81308888254812     
   8.4828787887999955        101.81571176535250     
   8.4988484857599946        101.81874920043424     
   8.5148181827199938        101.82213545077171     
   8.5307878796799930        101.82580477934326     
   8.5467575766399921        101.82969144912727     
   8.5627272735999913        101.83372972310210     
   8.5786969705599905        101.83785386424611     
   8.5946666675199896        101.84199813553769     
   8.6106363644799888        101.84609679995518     
   8.6266060614399880        101.85008412059238     
   8.6425757583999872        101.85390673067926     
   8.6585454553599863        101.85755765413278     
   8.6745151523199855        101.86104078774817     
   8.6904848492799847        101.86436002832068     
   8.7064545462399838        101.86751927264551     
   8.7224242431999830        101.87052241751790     
   8.7383939401599822        101.87337335973307     
   8.7543636371199813        101.87607599608623     
   8.7703333340799805        101.87863422337261     
   8.7863030310399797        101.88105193838746     
   8.8022727279999788        101.88333303792596     
   8.8182424249599780        101.88548141878337     
   8.8342121219199772        101.88750097775490     
   8.8501818188799763        101.88939561163578     
   8.8661515158399755        101.89116921722120     
   8.8821212127999747        101.89282569130644     
   8.8980909097599739        101.89436893068670     
   8.9140606067199730        101.89580283215719     
   8.9300303036799722        101.89713129251314     
   8.9460000006399714        101.89835820854978     
   8.9619696975999705        101.89948747706234     
   8.9779393945599697        101.90052307679558     
   8.9939090915199689        101.90147073590494     
   9.0098787884799680        101.90233785987043     
   9.0258484854399672        101.90313192169640     
   9.0418181823999664        101.90386039438721     
   9.0577878793599655        101.90453075094720     
   9.0737575763199647        101.90515046438071     
   9.0897272732799639        101.90572700769211     
   9.1056969702399631        101.90626785388572     
   9.1216666671999622        101.90678047596590     
   9.1376363641599614        101.90727234693701     
   9.1536060611199606        101.90775093980338     
   9.1695757580799597        101.90822372756936     
   9.1855454550399589        101.90869818323932     
   9.2015151519999581        101.90918177981759     
   9.2174848489599572        101.90968199030851     
   9.2334545459199564        101.91020618462223     
   9.2494242428799556        101.91075740157436     
   9.2653939398399547        101.91133285920696     
   9.2813636367999539        101.91192936634650     
   9.2973333337599531        101.91254373181940     
   9.3133030307199522        101.91317276445213     
   9.3292727276799514        101.91381327307116     
   9.3452424246399506        101.91446206650294     
   9.3612121215999498        101.91511595357393     
   9.3771818185599489        101.91577174311058     
   9.3931515155199481        101.91642624393936     
   9.4091212124799473        101.91707626488672     
   9.4250909094399464        101.91771861477912     
   9.4410606063999456        101.91835010244301     
   9.4570303033599448        101.91896753670487     
   9.4730000003199439        101.91956772639114     
   9.4889696972799431        101.92014748605577     
   9.5049393942399423        101.92070427091237     
   9.5209090911999414        101.92123675321548     
   9.5368787881599406        101.92174374132497     
   9.5528484851199398        101.92222404360075     
   9.5688181820799389        101.92267646840270     
   9.5847878790399381        101.92309982409073     
   9.6007575759999373        101.92349291902471     
   9.6167272729599365        101.92385456156455     
   9.6326969699199356        101.92418356007015     
   9.6486666668799348        101.92447872290138     
   9.6646363638399340        101.92473885841817     
   9.6806060607999331        101.92496277498036     
   9.6965757577599323        101.92514928094789     
   9.7125454547199315        101.92529718468063     
   9.7285151516799306        101.92540529453848     
   9.7444848486399298        101.92547241888133     
   9.7604545455999290        101.92549736606907     
   9.7764242425599281        101.92547894446160     
   9.7923939395199273        101.92541596241882     
   9.8083636364799265        101.92530722830061     
   9.8243333334399257        101.92515155046686     
   9.8403030303999248        101.92494773727749     
   9.8562727273599240        101.92469459709235     
   9.8722424243199232        101.92439093827137     
   9.8882121212799223        101.92403556917444     
   9.9041818182399215        101.92362729816143     
   9.9201515151999207        101.92316493359225     
   9.9361212121599198        101.92264728382679     
   9.9520909091199190        101.92207315722494     
   9.9680606060799182        101.92144136214660     
   9.9840303030399173        101.92075070695165     
