   2.0151515199999999        91184.895199999999     
   2.0311212169599999        89876.151137946174     
   2.0470909139200000        88620.679350068007     
   2.0630606108800000        87417.005226014080     
   2.0790303078400001        86263.654155432916     
   2.0950000048000001        85159.151527973067     
   2.1109697017600002        84102.027983913562     
   2.1269393987200003        83090.885813662346     
   2.1429090956800003        82124.379128444605     
   2.1588787926400004        81201.163193283035     
   2.1748484896000004        80319.893273200316     
   2.1908181865600005        79479.222996098018     
   2.2067878835200005        78677.602513434555     
   2.2227575804800006        77913.083865306471     
   2.2387272774400007        77183.672939790107     
   2.2546969744000007        76487.375624961831     
   2.2706666713600008        75822.197808897996     
   2.2866363683200008        75186.296669724441     
   2.3026060652800009        74578.723919464683     
   2.3185757622400009        73998.858852965568     
   2.3345454592000010        73446.081256992984     
   2.3505151561600011        72919.770918312832     
   2.3664848531200011        72419.299208525510     
   2.3824545500800012        71943.838975400577     
   2.3984242470400012        71492.361738996580     
   2.4143939440000013        71063.830043395996     
   2.4303636409600013        70657.206432681283     
   2.4463333379200014        70271.453549508427     
   2.4623030348800015        69905.616948285257     
   2.4782727318400015        69558.975757203007     
   2.4942424288000016        69230.849937949024     
   2.5102121257600016        68920.559452210669     
   2.5261818227200017        68627.424261675289     
   2.5421515196800017        68350.763539240594     
   2.5581212166400018        68089.889404539688     
   2.5740909136000019        67844.110264319315     
   2.5900606105600019        67612.734492133313     
   2.6060303075200020        67395.070461535477     
   2.6220000044800020        67190.430827654505     
   2.6379697014400021        66998.334259535375     
   2.6539393984000021        66818.592492637428     
   2.6699090953600022        66651.039635336318     
   2.6858787923200023        66495.509796007740     
   2.7018484892800023        66351.837083027393     
   2.7178181862400024        66219.619777468804     
   2.7337878832000024        66097.481924817926     
   2.7497575801600025        65983.796028266646     
   2.7657272771200025        65876.934590704011     
   2.7816969740800026        65775.270115019099     
   2.7976666710400027        65677.387615235973     
   2.8136363680000027        65584.894911177544     
   2.8296060649600028        65501.649018119329     
   2.8455757619200028        65431.560489547177     
   2.8615454588800029        65378.539878946925     
   2.8775151558400029        65346.442991877600     
   2.8934848528000030        65331.524910918306     
   2.9094545497600031        65314.722405171895     
   2.9254242467200031        65275.132018265285     
   2.9413939436800032        65191.850293825410     
   2.9573636406400032        65043.973775479186     
   2.9733333376000033        64814.399146426287     
   2.9893030345600033        64509.252293932215     
   3.0052727315200034        64143.433763260662     
   3.0212424284800035        63731.860406035019     
   3.0372121254400035        63289.449073878655     
   3.0531818224000036        62830.892771619328     
   3.0691515193600036        62365.324082811785     
   3.0851212163200037        61896.076200518408     
   3.1010909132800037        61426.210650631991     
   3.1170606102400038        60958.788959045341     
   3.1330303072000039        60496.871897926190     
   3.1490000041600039        60042.699645729474     
   3.1649697011200040        59596.127144539307     
   3.1809393980800040        59156.578370867974     
   3.1969090950400041        58723.477301227751     
   3.2128787920000041        58296.247912130922     
   3.2288484889600042        57874.364204411897     
   3.2448181859200043        57457.764026485915     
   3.2607878828800043        57046.636680191608     
   3.2767575798400044        56641.173953212172     
   3.2927272768000044        56241.567633230778     
   3.3086969737600045        55848.006424434141     
   3.3246666707200045        55460.519727538835     
   3.3406363676800046        55078.903768422169     
   3.3566060646400047        54702.936239657036     
   3.3725757616000047        54332.394833816295     
   3.3885454585600048        53967.057243472838     
   3.4045151555200048        53606.813201581397     
   3.4204848524800049        53252.030477379907     
   3.4364545494400049        52903.204309093795     
   3.4524242464000050        52560.829936137903     
   3.4683939433600051        52225.402597927059     
   3.4843636403200051        51897.325820821156     
   3.5003333372800052        51575.642455191381     
   3.5163030342400052        51258.353813281479     
   3.5322727312000053        50943.434754679154     
   3.5482424281600053        50628.860138972101     
   3.5642121251200054        50312.622732194970     
   3.5801818220800055        49995.508279683556     
   3.5961515190400055        49684.101425923160     
   3.6121212160000056        49385.708499134809     
   3.6280909129600056        49107.635827539540     
   3.6440606099200057        48857.189739358379     
   3.6600303068800057        48640.617725974778     
   3.6760000038400058        48457.474817205410     
   3.6919697008000059        48304.708746674260     
   3.7079393977600059        48179.261355070063     
   3.7239090947200060        48078.074483081553     
   3.7398787916800060        47998.070006084243     
   3.7558484886400061        47935.646991387570     
   3.7718181856000061        47886.643711945013     
   3.7877878825600062        47846.870866420402     
   3.8037575795200063        47812.139153477583     
   3.8197272764800063        47778.260067776093     
   3.8356969734400064        47742.200649910767     
   3.8516666704000064        47704.394075870630     
   3.8676363673600065        47665.920692937434     
   3.8836060643200065        47627.860848392935     
   3.8995757612800066        47591.294889518904     
   3.9155454582400067        47557.215257278986     
   3.9315151552000067        47525.768849851804     
   3.9474848521600068        47496.630580715289     
   3.9634545491200068        47469.470226311612     
   3.9794242460800069        47443.957563082928     
   3.9953939430400069        47419.764944713890     
   4.0113636400000070        47396.708031320901     
   4.0273333369600071        47374.818328190697     
   4.0433030339200071        47354.145192885087     
   4.0592727308800072        47334.737982965904     
   4.0752424278400072        47316.646055994956     
   4.0912121248000073        47299.903619926670     
   4.1071818217600073        47284.478122876382     
   4.1231515187200074        47270.318629186921     
   4.1391212156800075        47257.374202640050     
   4.1550909126400075        47245.593907017515     
   4.1710606096000076        47234.927763652122     
   4.1870303065600076        47225.340621392497     
   4.2030000035200077        47216.809004439885     
   4.2189697004800077        47209.309752803354     
   4.2349393974400078        47202.819706491995     
   4.2509090944000079        47197.315697633756     
   4.2668787913600079        47192.773168423504     
   4.2828484883200080        47189.164587675194     
   4.2988181852800080        47186.462040966158     
   4.3147878822400081        47184.637613873740     
   4.3307575792000081        47183.663391975271     
   4.3467272761600082        47183.511761007132     
   4.3626969731200083        47184.157068752094     
   4.3786666700800083        47185.574451232911     
   4.3946363670400084        47187.739046607043     
   4.4106060640000084        47190.625993031943     
   4.4265757609600085        47194.210463318464     
   4.4425454579200085        47198.468588033262     
   4.4585151548800086        47203.377554340637     
   4.4744848518400087        47208.914603886478     
   4.4904545488000087        47215.056978316694     
   4.5064242457600088        47221.781919524627     
   4.5223939427200088        47229.067166412620     
   4.5383636396800089        47236.891996517174     
   4.5543333366400089        47245.235984214036     
   4.5703030336000090        47254.078703878928     
   4.5862727305600091        47263.399729887584     
   4.6022424275200091        47273.178779041424     
   4.6182121244800092        47283.396989789144     
   4.6341818214400092        47294.036317626444     
   4.6501515184000093        47305.078727799963     
   4.6661212153600093        47316.506185556333     
   4.6820909123200094        47328.300674685168     
   4.6980606092800095        47340.445291554744     
   4.7140303062400095        47352.924857030324     
   4.7300000032000096        47365.724340320958     
   4.7459697001600096        47378.828710635709     
   4.7619393971200097        47392.222937183651     
   4.7779090940800097        47405.892509318190     
   4.7938787910400098        47419.825283846061     
   4.8098484880000099        47434.009790777374     
   4.8258181849600099        47448.434560169459     
   4.8417878819200100        47463.088122079644     
   4.8577575788800100        47477.959071587233     
   4.8737272758400101        47493.037055372100     
   4.8896969728000101        47508.312571865688     
   4.9056666697600102        47523.776143994110     
   4.9216363667200103        47539.418294683499     
   4.9376060636800103        47555.229553344187     
   4.9535757606400104        47571.201751602923     
   4.9695454576000104        47587.329591710884     
   4.9855151545600105        47603.608158997973     
   5.0014848515200105        47620.032538794083     
   5.0174545484800106        47636.597816429115     
   5.0334242454400107        47653.299106947939     
   5.0493939424000107        47670.131726314481     
   5.0653636393600108        47687.091073717456     
   5.0813333363200108        47704.172548612172     
   5.0973030332800109        47721.371550453950     
   5.1132727302400109        47738.683357187103     
   5.1292424272000110        47756.099697561760     
   5.1452121241600111        47773.608273281323     
   5.1611818211200111        47791.196568489395     
   5.1771515180800112        47808.852067329608     
   5.1931212150400112        47826.562253948519     
   5.2090909120000113        47844.314621091049     
   5.2250606089600113        47862.096688978047     
   5.2410303059200114        47879.895983306895     
   5.2570000028800115        47897.700029774984     
   5.2729696998400115        47915.496354079682     
   5.2889393968000116        47933.272604841208     
   5.3049090937600116        47951.017704471924     
   5.3208787907200117        47968.721329035950     
   5.3368484876800117        47986.373164423167     
   5.3528181846400118        48003.962896523451     
   5.3687878816000119        48021.480246607534     
   5.3847575785600119        48038.917232898930     
   5.4007272755200120        48056.269537787768     
   5.4166969724800120        48073.533171324372     
   5.4326666694400121        48090.704143559051     
   5.4486363664000121        48107.778464542120     
   5.4646060633600122        48124.752144323895     
   5.4805757603200123        48141.621192954677     
   5.4965454572800123        48158.381620484790     
   5.5125151542400124        48175.029436964549     
   5.5284848512000124        48191.560652444256     
   5.5444545481600125        48207.971376515001     
   5.5604242451200125        48224.259401413350     
   5.5763939420800126        48240.423921211150     
   5.5923636390400127        48256.464172771412     
   5.6083333360000127        48272.379392957133     
   5.6243030329600128        48288.168818631311     
   5.6402727299200128        48303.831686656951     
   5.6562424268800129        48319.367233897065     
   5.6722121238400129        48334.774697214641     
   5.6881818208000130        48350.053313472687     
   5.7041515177600131        48365.202319534212     
   5.7201212147200131        48380.220952262207     
   5.7360909116800132        48395.108448519677     
   5.7520606086400132        48409.864045169634     
   5.7680303056000133        48424.486979075067     
   5.7840000025600133        48438.976487098982     
   5.7999696995200134        48453.331815377365     
   5.8159393964800135        48467.552496682976     
   5.8319090934400135        48481.638398292467     
   5.8478787904000136        48495.589406400497     
   5.8638484873600136        48509.405407201746     
   5.8798181843200137        48523.086286890881     
   5.8957878812800137        48536.631931662560     
   5.9117575782400138        48550.042227711463     
   5.9277272752000139        48563.317061232250     
   5.9436969721600139        48576.456318419594     
   5.9596666691200140        48589.459885468161     
   5.9756363660800140        48602.327648572616     
   5.9916060630400141        48615.059493927634     
   6.0075757600000141        48627.655307727880     
   6.0235454569600142        48640.114976168021     
   6.0395151539200143        48652.438385442721     
   6.0554848508800143        48664.625425794206     
   6.0714545478400144        48676.676272628087     
   6.0874242448000144        48688.591569568445     
   6.1033939417600145        48700.372003744058     
   6.1193636387200145        48712.018262283709     
   6.1353333356800146        48723.531032316176     
   6.1513030326400147        48734.911000970234     
   6.1672727296000147        48746.158855374677     
   6.1832424265600148        48757.275282658273     
   6.1992121235200148        48768.260969949806     
   6.2151818204800149        48779.116604378061     
   6.2311515174400149        48789.842873071815     
   6.2471212144000150        48800.440463159852     
   6.2630909113600151        48810.910061770941     
   6.2790606083200151        48821.252356033881     
   6.2950303052800152        48831.468033077435     
   6.3110000022400152        48841.557780030402     
   6.3269696992000153        48851.522284021543     
   6.3429393961600153        48861.362232179650     
   6.3589090931200154        48871.078311633501     
   6.3748787900800155        48880.671209511871     
   6.3908484870400155        48890.141612943553     
   6.4068181840000156        48899.490232465949     
   6.4227878809600156        48908.717948081226     
   6.4387575779200157        48917.825714382903     
   6.4547272748800157        48926.814486288065     
   6.4706969718400158        48935.685218713828     
   6.4866666688000159        48944.438866577279     
   6.5026363657600159        48953.076384795524     
   6.5186060627200160        48961.598728285666     
   6.5345757596800160        48970.006851964798     
   6.5505454566400161        48978.301710750027     
   6.5665151536000161        48986.484259558456     
   6.5824848505600162        48994.555453307170     
   6.5984545475200163        49002.516246913292     
   6.6144242444800163        49010.367595293901     
   6.6303939414400164        49018.110453366113     
   6.6463636384000164        49025.745776047013     
   6.6623333353600165        49033.274527115842     
   6.6783030323200165        49040.697769455124     
   6.6942727292800166        49048.016628072110     
   6.7102424262400167        49055.232228930974     
   6.7262121232000167        49062.345697995886     
   6.7421818201600168        49069.358161231023     
   6.7581515171200168        49076.270744600552     
   6.7741212140800169        49083.084574068642     
   6.7900909110400169        49089.800775599477     
   6.8060606080000170        49096.420475157211     
   6.8220303049600171        49102.944798706034     
   6.8380000019200171        49109.374872210101     
   6.8539696988800172        49115.711821633602     
   6.8699393958400172        49121.956772940692     
   6.8859090928000173        49128.110852095553     
   6.9018787897600173        49134.175185062355     
   6.9178484867200174        49140.150893418926     
   6.9338181836800175        49146.039017551535     
   6.9497878806400175        49151.840526289154     
   6.9657575776000176        49157.556386010896     
   6.9817272745600176        49163.187563095875     
   6.9976969715200177        49168.735023923226     
   7.0136666684800177        49174.199734872047     
   7.0296363654400178        49179.582662321467     
   7.0456060624000179        49184.884772650592     
   7.0615757593600179        49190.107032238557     
   7.0775454563200180        49195.250407464468     
   7.0935151532800180        49200.315864707438     
   7.1094848502400181        49205.304370346596     
   7.1254545472000181        49210.216890761054     
   7.1414242441600182        49215.054392329934     
   7.1573939411200183        49219.817841432348     
   7.1733636380800183        49224.508204447411     
   7.1893333350400184        49229.126447754243     
   7.2053030320000184        49233.673537731971     
   7.2212727289600185        49238.150440759695     
   7.2372424259200185        49242.558123216550     
   7.2532121228800186        49246.897551482129     
   7.2691818198400187        49251.169698853490     
   7.2851515168000187        49255.375562954228     
   7.3011212137600188        49259.516146752627     
   7.3170909107200188        49263.592453216981     
   7.3330606076800189        49267.605485315566     
   7.3490303046400189        49271.556246016669     
   7.3650000016000190        49275.445738288574     
   7.3809696985600191        49279.274965099568     
   7.3969393955200191        49283.044929417934     
   7.4129090924800192        49286.756634211953     
   7.4288787894400192        49290.411082449915     
   7.4448484864000193        49294.009277100100     
   7.4608181833600193        49297.552221130791     
   7.4767878803200194        49301.040917510283     
   7.4927575772800195        49304.476369206852     
   7.5087272742400195        49307.859579188786     
   7.5246969712000196        49311.191508444463     
   7.5406666681600196        49314.472900363980     
   7.5566363651200197        49317.704428048914     
   7.5726060620800197        49320.886764565847     
   7.5885757590400198        49324.020582981364     
   7.6045454560000199        49327.106556362036     
   7.6205151529600199        49330.145357774447     
   7.6364848499200200        49333.137660285189     
   7.6524545468800200        49336.084136960824     
   7.6684242438400201        49338.985460867952     
   7.6843939408000201        49341.842305073144     
   7.7003636377600202        49344.655342642975     
   7.7163333347200203        49347.425246644045     
   7.7323030316800203        49350.152690142917     
   7.7482727286400204        49352.838346206176     
   7.7642424256000204        49355.482887900405     
   7.7802121225600205        49358.086982597903     
   7.7961818195200205        49360.651253491218     
   7.8121515164800206        49363.176303120708     
   7.8281212134400207        49365.662733909630     
   7.8440909104000207        49368.111148281234     
   7.8600606073600208        49370.522148658769     
   7.8760303043200208        49372.896337465492     
   7.8920000012800209        49375.234317124661     
   7.9079696982400209        49377.536690059518     
   7.9239393952000210        49379.804058693328     
   7.9399090921600211        49382.037025449339     
   7.9558787891200211        49384.236192750803     
   7.9718484860800212        49386.402163020975     
   7.9878181830400212        49388.535538683107     
   8.0037878800000204        49390.636922160447     
   8.0197575769600196        49392.706915876261     
   8.0357272739200187        49394.746122253790     
   8.0516969708800179        49396.755143716291     
   8.0676666678400171        49398.734582687022     
   8.0836363648000162        49400.685041589233     
   8.0996060617600154        49402.607122846173     
   8.1155757587200146        49404.501428066040     
   8.1315454556800137        49406.368483970735     
   8.1475151526400129        49408.208683126402     
   8.1634848496000121        49410.022404151809     
   8.1794545465600113        49411.810025665720     
   8.1954242435200104        49413.571926286902     
   8.2113939404800096        49415.308484634123     
   8.2273636374400088        49417.020079326139     
   8.2433333344000079        49418.707088981726     
   8.2593030313600071        49420.369892219634     
   8.2752727283200063        49422.008867658646     
   8.2912424252800054        49423.624393917518     
   8.3072121222400046        49425.216849615012     
   8.3231818192000038        49426.786613369899     
   8.3391515161600029        49428.334063800939     
   8.3551212131200021        49429.859579526899     
   8.3710909100800013        49431.363539141137     
   8.3870606070400004        49432.846309997170     
   8.4030303039999996        49434.308230597831     
   8.4190000009599988        49435.749634881387     
   8.4349696979199980        49437.170856786113     
   8.4509393948799971        49438.572230250276     
   8.4669090918399963        49439.954089212151     
   8.4828787887999955        49441.316767609998     
   8.4988484857599946        49442.660599382099     
   8.5148181827199938        49443.985918466722     
   8.5307878796799930        49445.293058802134     
   8.5467575766399921        49446.582354326616     
   8.5627272735999913        49447.854138978422     
   8.5786969705599905        49449.108746695834     
   8.5946666675199896        49450.346511417127     
   8.6106363644799888        49451.567767080560     
   8.6266060614399880        49452.772847624212     
   8.6425757583999872        49453.962065255713     
   8.6585454553599863        49455.135650688884     
   8.6745151523199855        49456.293815537334     
   8.6904848492799847        49457.436771414657     
   8.7064545462399838        49458.564729934456     
   8.7224242431999830        49459.677902710340     
   8.7383939401599822        49460.776501355904     
   8.7543636371199813        49461.860737484749     
   8.7703333340799805        49462.930822710478     
   8.7863030310399797        49463.986968646699     
   8.8022727279999788        49465.029386907001     
   8.8182424249599780        49466.058289105000     
   8.8342121219199772        49467.073886854290     
   8.8501818188799763        49468.076391768467     
   8.8661515158399755        49469.066015461147     
   8.8821212127999747        49470.042969545917     
   8.8980909097599739        49471.007465636387     
   8.9140606067199730        49471.959715346158     
   8.9300303036799722        49472.899930288833     
   8.9460000006399714        49473.828322078007     
   8.9619696975999705        49474.745102327288     
   8.9779393945599697        49475.650481749559     
   8.9939090915199689        49476.544651829812     
   9.0098787884799680        49477.427785617430     
   9.0258484854399672        49478.300055419619     
   9.0418181823999664        49479.161633543619     
   9.0577878793599655        49480.012692296630     
   9.0737575763199647        49480.853403985879     
   9.0897272732799639        49481.683940918592     
   9.1056969702399631        49482.504475401976     
   9.1216666671999622        49483.315179743258     
   9.1376363641599614        49484.116226249658     
   9.1536060611199606        49484.907787228389     
   9.1695757580799597        49485.690034986670     
   9.1855454550399589        49486.463141831729     
   9.2015151519999581        49487.227280070780     
   9.2174848489599572        49487.982622011041     
   9.2334545459199564        49488.729339129204     
   9.2494242428799556        49489.467568010616     
   9.2653939398399547        49490.197398348399     
   9.2813636367999539        49490.918916539049     
   9.2973333337599531        49491.632208979041     
   9.3133030307199522        49492.337362064871     
   9.3292727276799514        49493.034462193005     
   9.3452424246399506        49493.723595759948     
   9.3612121215999498        49494.404849162165     
   9.3771818185599489        49495.078308796154     
   9.3931515155199481        49495.744061058387     
   9.4091212124799473        49496.402192345362     
   9.4250909094399464        49497.052789053552     
   9.4410606063999456        49497.695937579447     
   9.4570303033599448        49498.331724319534     
   9.4730000003199439        49498.960235670289     
   9.4889696972799431        49499.581558074344     
   9.5049393942399423        49500.195783135481     
   9.5209090911999414        49500.803012261982     
   9.5368787881599406        49501.403347958592     
   9.5528484851199398        49501.996892730065     
   9.5688181820799389        49502.583749081146     
   9.5847878790399381        49503.164019516582     
   9.6007575759999373        49503.737806541125     
   9.6167272729599365        49504.305212659514     
   9.6326969699199356        49504.866340376502     
   9.6486666668799348        49505.421292196836     
   9.6646363638399340        49505.970170625260     
   9.6806060607999331        49506.513078166528     
   9.6965757577599323        49507.050117325387     
   9.7125454547199315        49507.581390606581     
   9.7285151516799306        49508.107000514858     
   9.7444848486399298        49508.627049554969     
   9.7604545455999290        49509.141640231661     
   9.7764242425599281        49509.650875049680     
   9.7923939395199273        49510.154856513771     
   9.8083636364799265        49510.653687128688     
   9.8243333334399257        49511.147469399169     
   9.8403030303999248        49511.636305829976     
   9.8562727273599240        49512.120298925845     
   9.8722424243199232        49512.599551191532     
   9.8882121212799223        49513.074165131773     
   9.9041818182399215        49513.544243251323     
   9.9201515151999207        49514.009888054934     
   9.9361212121599198        49514.471202047345     
   9.9520909091199190        49514.928287733310     
   9.9680606060799182        49515.381247617574     
   9.9840303030399173        49515.830184204890     
