   2.0151515199999999       -40.759999999999998     
   2.0311212169599999       -40.911017333025505     
   2.0470909139200000       -41.052555463099061     
   2.0630606108800000       -41.186094408291538     
   2.0790303078400001       -41.313114186673850     
   2.0950000048000001       -41.435094816316884     
   2.1109697017600002       -41.553604938199008     
   2.1269393987200003       -41.671422541920627     
   2.1429090956800003       -41.792200276135922     
   2.1588787926400004       -41.919610263900978     
   2.1748484896000004       -42.057324628271871     
   2.1908181865600005       -42.208987860111982     
   2.2067878835200005       -42.374810067682503     
   2.2227575804800006       -42.548281825947114     
   2.2387272774400007       -42.722114731759397     
   2.2546969744000007       -42.889020381972955     
   2.2706666713600008       -43.041710373441383     
   2.2866363683200008       -43.174379067523809     
   2.3026060652800009       -43.289987979250611     
   2.3185757622400009       -43.394709199527547     
   2.3345454592000010       -43.494719640464034     
   2.3505151561600011       -43.596196214169495     
   2.3664848531200011       -43.705120261404204     
   2.3824545500800012       -43.822859360608192     
   2.3984242470400012       -43.946102164760191     
   2.4143939440000013       -44.071328722057999     
   2.4303636409600013       -44.195019080699410     
   2.4463333379200014       -44.313656119783609     
   2.4623030348800015       -44.426103835240227     
   2.4782727318400015       -44.537934155879576     
   2.4942424288000016       -44.655891694995049     
   2.5102121257600016       -44.786721065880037     
   2.5261818227200017       -44.937166881827920     
   2.5421515196800017       -45.111891587619525     
   2.5581212166400018       -45.296939121016855     
   2.5740909136000019       -45.468552511376579     
   2.5900606105600019       -45.602887168657212     
   2.6060303075200020       -45.676098502817283     
   2.6220000044800020       -45.665261089816973     
   2.6379697014400021       -45.591676453326713     
   2.6539393984000021       -45.539561444364750     
   2.6699090953600022       -45.597935918620884     
   2.6858787923200023       -45.855819731784891     
   2.7018484892800023       -46.402232739546569     
   2.7178181862400024       -47.258911397715273     
   2.7337878832000024       -48.169635021308736     
   2.7497575801600025       -48.806415913618842     
   2.7657272771200025       -48.841266291541210     
   2.7816969740800026       -47.946198371971455     
   2.7976666710400027       -45.853834005476308     
   2.8136363680000027       -43.158919995023894     
   2.8296060649600028       -41.097689117710750     
   2.8455757619200028       -40.921643615530321     
   2.8615454588800029       -43.882285730476063     
   2.8775151558400029       -51.219396461774245     
   2.8934848528000030       -62.545482053039059     
   2.9094545497600031       -74.193478516948730     
   2.9254242467200031       -82.102339284587259     
   2.9413939436800032       -82.211017787038571     
   2.9573636406400032       -70.458467455386682     
   2.9733333376000033       -43.843290893752489     
   2.9893030345600033       -5.8414335531121111     
   3.0052727315200034        37.624391328880805     
   3.0212424284800035        80.626923570911899     
   3.0372121254400035        117.23890299166688     
   3.0531818224000036        141.71304099253311     
   3.0691515193600036        152.77259685218766     
   3.0851212163200037        153.80350765412913     
   3.1010909132800037        148.41012938011252     
   3.1170606102400038        140.19681801189284     
   3.1330303072000039        132.76698659932111     
   3.1490000041600039        128.69746168234497     
   3.1649697011200040        127.58106999317756     
   3.1809393980800040        128.47148784722154     
   3.1969090950400041        130.42239155987954     
   3.2128787920000041        132.48745744655420     
   3.2288484889600042        133.79865993016799     
   3.2448181859200043        134.21398802408325     
   3.2607878828800043        133.98500583352680     
   3.2767575798400044        133.36716830950863     
   3.2927272768000044        132.61593040303867     
   3.3086969737600045        131.98433443876058     
   3.3246666707200045        131.60077860625691     
   3.3406363676800046        131.41121763588362     
   3.3566060646400047        131.34710520726009     
   3.3725757616000047        131.33989500000570     
   3.3885454585600048        131.32104069373983     
   3.4045151555200048        131.23556338207999     
   3.4204848524800049        131.08637146723785     
   3.4364545494400049        130.89180907644163     
   3.4524242464000050        130.67022048094918     
   3.4683939433600051        130.43994995201822     
   3.4843636403200051        130.21849845485454     
   3.5003333372800052        130.01085547200873     
   3.5163030342400052        129.81243349171061     
   3.5322727312000053        129.61840176871635     
   3.5482424281600053        129.42392955778203     
   3.5642121251200054        129.22419726160632     
   3.5801818220800055        129.01612409644113     
   3.5961515190400055        128.80023947515940     
   3.6121212160000056        128.57752210628772     
   3.6280909129600056        128.34895069835272     
   3.6440606099200057        128.11550395988101     
   3.6600303068800057        127.87799641088957     
   3.6760000038400058        127.63620480499776     
   3.6919697008000059        127.38950159550133     
   3.7079393977600059        127.13725832190816     
   3.7239090947200060        126.87884652372615     
   3.7398787916800060        126.61364867041571     
   3.7558484886400061        126.34133344118979     
   3.7718181856000061        126.06187652049753     
   3.7877878825600062        125.77526868825259     
   3.8037575795200063        125.48150072436866     
   3.8197272764800063        125.18056333569099     
   3.8356969734400064        124.87234115578028     
   3.8516666704000064        124.55640064446234     
   3.8676363673600065        124.23224885450469     
   3.8836060643200065        123.89939283867486     
   3.8995757612800066        123.55733964974036     
   3.9155454582400067        123.20560615107397     
   3.9315151552000067        122.84380357112546     
   3.9474848521600068        122.47159581323393     
   3.9634545491200068        122.08864735404688     
   3.9794242460800069        121.69462267021181     
   3.9953939430400069        121.28918524713976     
   4.0113636400000070        120.87194345297505     
   4.0273333369600071        120.44242263937998     
   4.0433030339200071        120.00014129183094     
   4.0592727308800072        119.54461789580428     
   4.0752424278400072        119.07537093677635     
   4.0912121248000073        118.59192500928030     
   4.1071818217600073        118.09383162865575     
   4.1231515187200074        117.58064972347134     
   4.1391212156800075        117.05193822252200     
   4.1550909126400075        116.50725605460266     
   4.1710606096000076        115.94614829573936     
   4.1870303065600076        115.36794551418076     
   4.2030000035200077        114.77180937234073     
   4.2189697004800077        114.15689696388128     
   4.2349393974400078        113.52236538246440     
   4.2509090944000079        112.86737175901042     
   4.2668787913600079        112.19107979538938     
   4.2828484883200080        111.49266725021745     
   4.2988181852800080        110.77131369387327     
   4.3147878822400081        110.02619869673549     
   4.3307575792000081        109.25650182918275     
   4.3467272761600082        108.46139537555726     
   4.3626969731200083        107.64000399364649     
   4.3786666700800083        106.79143320756449     
   4.3946363670400084        105.91478848960776     
   4.4106060640000084        105.00917531207278     
   4.4265757609600085        104.07369093784932     
   4.4425454579200085        103.10720573703398     
   4.4585151548800086        102.10833977124202     
   4.4744848518400087        101.07570019537815     
   4.4904545488000087        100.00789416434715     
   4.5064242457600088        98.903528806616805     
   4.5223939427200088        97.761158157056911     
   4.5383636396800089        96.579171884031609     
   4.5543333366400089        95.355927945688265     
   4.5703030336000090        94.089784300174173     
   4.5862727305600091        92.779098905636687     
   4.6022424275200091        91.422226791151004     
   4.6182121244800092        90.017493748738929     
   4.6341818214400092        88.563208767346481     
   4.6501515184000093        87.057680635385765     
   4.6661212153600093        85.499218141268884     
   4.6820909123200094        83.886123291787428     
   4.6980606092800095        82.216291196501814     
   4.7140303062400095        80.486986274264197     
   4.7300000032000096        78.695418690962597     
   4.7459697001600096        76.838798612484993     
   4.7619393971200097        74.914336204719405     
   4.7779090940800097        72.919270382902297     
   4.7938787910400098        70.850970915830459     
   4.8098484880000099        68.706844781507215     
   4.8258181849600099        66.484298960545843     
   4.8417878819200100        64.180740433559563     
   4.8577575788800100        61.793573736686831     
   4.8737272758400101        59.320163871564397     
   4.8896969728000101        56.757843818571885     
   4.9056666697600102        54.103945637220548     
   4.9216363667200103        51.355801387021614     
   4.9376060636800103        48.510748761256608     
   4.9535757606400104        45.567256875955387     
   4.9695454576000104        42.526288971625171     
   4.9855151545600105        39.389141124368429     
   5.0014848515200105        36.157109410287660     
   5.0174545484800106        32.831489905485327     
   5.0334242454400107        29.414605900487963     
   5.0493939424000107        25.915726236995770     
   5.0653636393600108        22.346996746975542     
   5.0813333363200108        18.720572478491007     
   5.0973030332800109        15.048608479605900     
   5.1132727302400109        11.343326366606968     
   5.1292424272000110        7.6188921355878128     
   5.1452121241600111        3.8916779477550243     
   5.1611818211200111       0.17817515160376729     
   5.1771515180800112       -3.5051249043707955     
   5.1931212150400112       -7.1417312572049978     
   5.2090909120000113       -10.716275387706403     
   5.2250606089600113       -14.216975541673397     
   5.2410303059200114       -17.632764881571102     
   5.2570000028800115       -20.952576569864636     
   5.2729696998400115       -24.165343769019120     
   5.2889393968000116       -27.260659464374349     
   5.3049090937600116       -30.234954079919191     
   5.3208787907200117       -33.088703477845485     
   5.3368484876800117       -35.822436262897270     
   5.3528181846400118       -38.436681039818623     
   5.3687878816000119       -40.931988617966319     
   5.3847575785600119       -43.310351348013860     
   5.4007272755200120       -45.576061169725051     
   5.4166969724800120       -47.733615658641838     
   5.4326666694400121       -49.787512390306162     
   5.4486363664000121       -51.742248940259977     
   5.4646060633600122       -53.602322884045222     
   5.4805757603200123       -55.372231797203838     
   5.4965454572800123       -57.056473255277780     
   5.5125151542400124       -58.659544833808980     
   5.5284848512000124       -60.185944108339399     
   5.5444545481600125       -61.640109099651703     
   5.5604242451200125       -63.025471109895058     
   5.5763939420800126       -64.344622729972500     
   5.5923636390400127       -65.600130949047099     
   5.6083333360000127       -66.794562756281906     
   5.6243030329600128       -67.930485140839963     
   5.6402727299200128       -69.010465091884342     
   5.6562424268800129       -70.037069598578057     
   5.6722121238400129       -71.012865650084208     
   5.6881818208000130       -71.940420235565824     
   5.7041515177600131       -72.822300344185948     
   5.7201212147200131       -73.661072965107650     
   5.7360909116800132       -74.459305087493973     
   5.7520606086400132       -75.219563700507976     
   5.7680303056000133       -75.944415793312700     
   5.7840000025600133       -76.636428355071217     
   5.7999696995200134       -77.298144316497925     
   5.8159393964800135       -77.931362937926906     
   5.8319090934400135       -78.537015619630608     
   5.8478787904000136       -79.115984679653835     
   5.8638484873600136       -79.669152436041401     
   5.8798181843200137       -80.197401206838109     
   5.8957878812800137       -80.701613310088774     
   5.9117575782400138       -81.182671063838200     
   5.9277272752000139       -81.641456786131215     
   5.9436969721600139       -82.078852795012622     
   5.9596666691200140       -82.495741408527238     
   5.9756363660800140       -82.893004944719863     
   5.9916060630400141       -83.271525721635328     
   6.0075757600000141       -83.632186057318421     
   6.0235454569600142       -83.975868269813958     
   6.0395151539200143       -84.303454677166755     
   6.0554848508800143       -84.615824998592288     
   6.0714545478400144       -84.913675856771221     
   6.0874242448000144       -85.197403242644242     
   6.1033939417600145       -85.467375213830039     
   6.1193636387200145       -85.723959827947340     
   6.1353333356800146       -85.967525142614861     
   6.1513030326400147       -86.198439215451302     
   6.1672727296000147       -86.417070104075393     
   6.1832424265600148       -86.623785866105834     
   6.1992121235200148       -86.818954559161341     
   6.2151818204800149       -87.002944240860643     
   6.2311515174400149       -87.176122968822426     
   6.2471212144000150       -87.338858800665435     
   6.2630909113600151       -87.491519794008354     
   6.2790606083200151       -87.634474006469901     
   6.2950303052800152       -87.768089495668804     
   6.3110000022400152       -87.892734319223763     
   6.3269696992000153       -88.008776534753508     
   6.3429393961600153       -88.116584199876741     
   6.3589090931200154       -88.216525372212161     
   6.3748787900800155       -88.308968109378498     
   6.3908484870400155       -88.394280468994467     
   6.4068181840000156       -88.472809690767448     
   6.4227878809600156       -88.544752304902858     
   6.4387575779200157       -88.610238505567892     
   6.4547272748800157       -88.669398199145064     
   6.4706969718400158       -88.722361292016885     
   6.4866666688000159       -88.769257690565880     
   6.5026363657600159       -88.810217301174561     
   6.5186060627200160       -88.845370030225439     
   6.5345757596800160       -88.874845784101055     
   6.5505454566400161       -88.898774469183891     
   6.5665151536000161       -88.917285991856488     
   6.5824848505600162       -88.930510258501343     
   6.5984545475200163       -88.938577175500981     
   6.6144242444800163       -88.941616649237929     
   6.6303939414400164       -88.939758586094683     
   6.6463636384000164       -88.933132892453784     
   6.6623333353600165       -88.921866924768111     
   6.6783030323200165       -88.906059524135827     
   6.6942727292800166       -88.885791656290664     
   6.7102424262400167       -88.861144011626536     
   6.7262121232000167       -88.832197280537372     
   6.7421818201600168       -88.799032153417102     
   6.7581515171200168       -88.761729320659654     
   6.7741212140800169       -88.720369472658945     
   6.7900909110400169       -88.675033299808902     
   6.8060606080000170       -88.625801492503442     
   6.8220303049600171       -88.572754741136521     
   6.8380000019200171       -88.515973736102026     
   6.8539696988800172       -88.455539167793901     
   6.8699393958400172       -88.391531726606075     
   6.8859090928000173       -88.324032102932478     
   6.9018787897600173       -88.253120987167009     
   6.9178484867200174       -88.178878759318536     
   6.9338181836800175       -88.101380054145920     
   6.9497878806400175       -88.020694442894083     
   6.9657575776000176       -87.936891323452315     
   6.9817272745600176       -87.850040093709879     
   6.9976969715200177       -87.760210151556066     
   7.0136666684800177       -87.667470894880196     
   7.0296363654400178       -87.571891721571532     
   7.0456060624000179       -87.473542029519365     
   7.0615757593600179       -87.372491216612985     
   7.0775454563200180       -87.268808680741699     
   7.0935151532800180       -87.162563819794769     
   7.1094848502400181       -87.053826031661501     
   7.1254545472000181       -86.942664714231185     
   7.1414242441600182       -86.829149265393099     
   7.1573939411200183       -86.713349083036533     
   7.1733636380800183       -86.595333565050780     
   7.1893333350400184       -86.475172109325129     
   7.2053030320000184       -86.352934113748873     
   7.2212727289600185       -86.228688976211302     
   7.2372424259200185       -86.102506094601694     
   7.2532121228800186       -85.974454866138785     
   7.2691818198400187       -85.844595128359970     
   7.2851515168000187       -85.712953100348614     
   7.3011212137600188       -85.579547615016622     
   7.3170909107200188       -85.444397505275916     
   7.3330606076800189       -85.307521604038413     
   7.3490303046400189       -85.168938744216049     
   7.3650000016000190       -85.028667758720729     
   7.3809696985600191       -84.886727480464373     
   7.3969393955200191       -84.743136742358899     
   7.4129090924800192       -84.597914377316215     
   7.4288787894400192       -84.451079218248267     
   7.4448484864000193       -84.302650098066962     
   7.4608181833600193       -84.152645849684205     
   7.4767878803200194       -84.001085306011930     
   7.4927575772800195       -83.847987299962057     
   7.5087272742400195       -83.693370664446505     
   7.5246969712000196       -83.537256005453898     
   7.5406666681600196       -83.379673119525776     
   7.5566363651200197       -83.220654771932118     
   7.5726060620800197       -83.060233729421114     
   7.5885757590400198       -82.898442758740956     
   7.6045454560000199       -82.735314626639834     
   7.6205151529600199       -82.570882099865955     
   7.6364848499200200       -82.405177945167509     
   7.6524545468800200       -82.238234929292688     
   7.6684242438400201       -82.070085818989682     
   7.6843939408000201       -81.900763381006698     
   7.7003636377600202       -81.730300382091926     
   7.7163333347200203       -81.558729588993543     
   7.7323030316800203       -81.386083768459784     
   7.7482727286400204       -81.212395687238796     
   7.7642424256000204       -81.037698112078800     
   7.7802121225600205       -80.862022933074826     
   7.7961818195200205       -80.685395238717732     
   7.8121515164800206       -80.507836938028632     
   7.8281212134400207       -80.329369922000566     
   7.8440909104000207       -80.150016081626603     
   7.8600606073600208       -79.969797307899768     
   7.8760303043200208       -79.788735491813114     
   7.8920000012800209       -79.606852524359667     
   7.9079696982400209       -79.424170296532481     
   7.9239393952000210       -79.240710699324595     
   7.9399090921600211       -79.056495623729049     
   7.9558787891200211       -78.871546960738897     
   7.9718484860800212       -78.685886601347178     
   7.9878181830400212       -78.499536436546933     
   8.0037878800000204       -78.312518357331214     
   8.0197575769600196       -78.124854254693062     
   8.0357272739200187       -77.936566019625502     
   8.0516969708800179       -77.747675543121588     
   8.0676666678400171       -77.558204716174359     
   8.0836363648000162       -77.368175429776855     
   8.0996060617600154       -77.177609574922144     
   8.1155757587200146       -76.986529007850223     
   8.1315454556800137       -76.794952391753867     
   8.1475151526400129       -76.602892669611819     
   8.1634848496000121       -76.410362189705680     
   8.1794545465600113       -76.217373300317064     
   8.1954242435200104       -76.023938349727572     
   8.2113939404800096       -75.830069686218806     
   8.2273636374400088       -75.635779658072366     
   8.2433333344000079       -75.441080613569881     
   8.2593030313600071       -75.245984900992937     
   8.2752727283200063       -75.050504868623136     
   8.2912424252800054       -74.854652864742107     
   8.3072121222400046       -74.658441237631450     
   8.3231818192000038       -74.461882335572753     
   8.3391515161600029       -74.264988506847629     
   8.3551212131200021       -74.067772099737695     
   8.3710909100800013       -73.870245469009546     
   8.3870606070400004       -73.672423838674860     
   8.4030303039999996       -73.474329797582769     
   8.4190000009599988       -73.275987099798087     
   8.4349696979199980       -73.077419499385627     
   8.4509393948799971       -72.878650750410202     
   8.4669090918399963       -72.679704606936625     
   8.4828787887999955       -72.480604823029708     
   8.4988484857599946       -72.281375152754251     
   8.5148181827199938       -72.082039350175080     
   8.5307878796799930       -71.882621169356995     
   8.5467575766399921       -71.683144364364821     
   8.5627272735999913       -71.483632689263345     
   8.5786969705599905       -71.284109898117407     
   8.5946666675199896       -71.084599744991806     
   8.6106363644799888       -70.885125983951355     
   8.6266060614399880       -70.685712369019882     
   8.6425757583999872       -70.486378263319821     
   8.6585454553599863       -70.287126563143190     
   8.6745151523199855       -70.087956305347006     
   8.6904848492799847       -69.888866526788277     
   8.7064545462399838       -69.689856264324050     
   8.7224242431999830       -69.490924554811315     
   8.7383939401599822       -69.292070435107092     
   8.7543636371199813       -69.093292942068416     
   8.7703333340799805       -68.894591112552305     
   8.7863030310399797       -68.695963983415766     
   8.8022727279999788       -68.497410591515830     
   8.8182424249599780       -68.298929973709505     
   8.8342121219199772       -68.100521166853810     
   8.8501818188799763       -67.902183207805763     
   8.8661515158399755       -67.703915133422385     
   8.8821212127999747       -67.505715980560709     
   8.8980909097599739       -67.307584786077726     
   8.9140606067199730       -67.109520586830484     
   8.9300303036799722       -66.911522419675975     
   8.9460000006399714       -66.713589321471233     
   8.9619696975999705       -66.515720329073275     
   8.9779393945599697       -66.317914903803810     
   8.9939090915199689       -66.120181568206618     
   9.0098787884799680       -65.922537532671527     
   9.0258484854399672       -65.725000357336413     
   9.0418181823999664       -65.527587602339139     
   9.0577878793599655       -65.330316827817612     
   9.0737575763199647       -65.133205593909693     
   9.0897272732799639       -64.936271460753261     
   9.1056969702399631       -64.739531988486192     
   9.1216666671999622       -64.543004737246378     
   9.1376363641599614       -64.346707267171681     
   9.1536060611199606       -64.150657138399993     
   9.1695757580799597       -63.954871911069176     
   9.1855454550399589       -63.759369145317130     
   9.2015151519999581       -63.564166401281717     
   9.2174848489599572       -63.369281239100829     
   9.2334545459199564       -63.174731080869847     
   9.2494242428799556       -62.980527549376966     
   9.2653939398399547       -62.786674473432569     
   9.2813636367999539       -62.593175133910059     
   9.2973333337599531       -62.400032811682841     
   9.3133030307199522       -62.207250787624325     
   9.3292727276799514       -62.014832342607903     
   9.3452424246399506       -61.822780757506997     
   9.3612121215999498       -61.631099313195001     
   9.3771818185599489       -61.439791290545323     
   9.3931515155199481       -61.248859970431369     
   9.4091212124799473       -61.058308633726540     
   9.4250909094399464       -60.868140561304244     
   9.4410606063999456       -60.678359034037882     
   9.4570303033599448       -60.488967332800861     
   9.4730000003199439       -60.299968738466596     
   9.4889696972799431       -60.111366539577539     
   9.5049393942399423       -59.923164882515294     
   9.5209090911999414       -59.735369543271254     
   9.5368787881599406       -59.547986480081022     
   9.5528484851199398       -59.361021651180195     
   9.5688181820799389       -59.174481014804378     
   9.5847878790399381       -58.988370529189176     
   9.6007575759999373       -58.802696152570185     
   9.6167272729599365       -58.617463843183018     
   9.6326969699199356       -58.432679559263264     
   9.6486666668799348       -58.248349259046527     
   9.6646363638399340       -58.064478900768414     
   9.6806060607999331       -57.881074442664520     
   9.6965757577599323       -57.698141842970458     
   9.7125454547199315       -57.515687059921824     
   9.7285151516799306       -57.333716051754223     
   9.7444848486399298       -57.152234776703253     
   9.7604545455999290       -56.971249193004510     
   9.7764242425599281       -56.790765258893607     
   9.7923939395199273       -56.610788932606148     
   9.8083636364799265       -56.431326172377723     
   9.8243333334399257       -56.252382936443944     
   9.8403030303999248       -56.073965183040400     
   9.8562727273599240       -55.896078870402711     
   9.8722424243199232       -55.718729956766467     
   9.8882121212799223       -55.541924400367279     
   9.9041818182399215       -55.365668159440737     
   9.9201515151999207       -55.189967192222447     
   9.9361212121599198       -55.014827456948019     
   9.9520909091199190       -54.840254911853052     
   9.9680606060799182       -54.666255515173134     
   9.9840303030399173       -54.492835225143885     
