   2.0151515199999999        111.47000000000000     
   2.0311212169599999        111.16560548959005     
   2.0470909139200000        110.85888819498611     
   2.0630606108800000        110.55164987387039     
   2.0790303078400001        110.24569228392512     
   2.0950000048000001        109.94281718283251     
   2.1109697017600002        109.64485632983424     
   2.1269393987200003        109.35405088559679     
   2.1429090956800003        109.07293810957601     
   2.1588787926400004        108.80406185390723     
   2.1748484896000004        108.54996597072578     
   2.1908181865600005        108.31318495782628     
   2.2067878835200005        108.09509066965543     
   2.2227575804800006        107.89478019351994     
   2.2387272774400007        107.71108690885738     
   2.2546969744000007        107.54284419510532     
   2.2706666713600008        107.38888543170133     
   2.2866363683200008        107.24755589565046     
   2.3026060652800009        107.11431485676169     
   2.3185757622400009        106.98356471445850     
   2.3345454592000010        106.84970628110098     
   2.3505151561600011        106.70714036904927     
   2.3664848531200011        106.55048218533673     
   2.3824545500800012        106.37940476407431     
   2.3984242470400012        106.19871040140438     
   2.4143939440000013        106.01343007601443     
   2.4303636409600013        105.82859476659186     
   2.4463333379200014        105.64923367886016     
   2.4623030348800015        105.47888474994006     
   2.4782727318400015        105.31688480864626     
   2.4942424288000016        105.16183624374911     
   2.5102121257600016        105.01234144401893     
   2.5261818227200017        104.86700279822608     
   2.5421515196800017        104.72455591067879     
   2.5581212166400018        104.58492758342562     
   2.5740909136000019        104.44867167308695     
   2.5900606105600019        104.31634764210473     
   2.6060303075200020        104.18851495292091     
   2.6220000044800020        104.06573110178238     
   2.6379697014400021        103.94845897873053     
   2.6539393984000021        103.83702689114403     
   2.6699090953600022        103.73175287225720     
   2.6858787923200023        103.63295495530431     
   2.7018484892800023        103.54095117351966     
   2.7178181862400024        103.45490288605870     
   2.7337878832000024        103.36919306958794     
   2.7497575801600025        103.27697094858054     
   2.7657272771200025        103.17138574602440     
   2.7816969740800026        103.04558668490745     
   2.7976666710400027        102.89340295664125     
   2.8136363680000027        102.71833577520864     
   2.8296060649600028        102.53108306871560     
   2.8455757619200028        102.34251407060930     
   2.8615454588800029        102.16349801433694     
   2.8775151558400029        102.00486919412918     
   2.8934848528000030        101.87261124920049     
   2.9094545497600031        101.76293192582723     
   2.9254242467200031        101.67086456898744     
   2.9413939436800032        101.59144252365918     
   2.9573636406400032        101.51969913482051     
   2.9733333376000033        101.45116613717391     
   2.9893030345600033        101.38442178421187     
   3.0052727315200034        101.31919512910095     
   3.0212424284800035        101.25521736359289     
   3.0372121254400035        101.19221967943940     
   3.0531818224000036        101.12994307405444     
   3.0691515193600036        101.06837212043072     
   3.0851212163200037        101.00774543524341     
   3.1010909132800037        100.94831353561271     
   3.1170606102400038        100.89032693865889     
   3.1330303072000039        100.83403603765814     
   3.1490000041600039        100.77955639474580     
   3.1649697011200040        100.72661165564818     
   3.1809393980800040        100.67485465445992     
   3.1969090950400041        100.62393822527567     
   3.2128787920000041        100.57351520219002     
   3.2288484889600042        100.52325972628513     
   3.2448181859200043        100.47304350642932     
   3.2607878828800043        100.42284535369068     
   3.2767575798400044        100.37264513793934     
   3.2927272768000044        100.32242272904550     
   3.3086969737600045        100.27215845652502     
   3.3246666707200045        100.22185639668874     
   3.3406363676800046        100.17155538438146     
   3.3566060646400047        100.12129701714103     
   3.3725757616000047        100.07112289250529     
   3.3885454585600048        100.02107460801203     
   3.4045151555200048        99.971164428051452     
   3.4204848524800049        99.921279462951929     
   3.4364545494400049        99.871273450550859     
   3.4524242464000050        99.821000128374266     
   3.4683939433600051        99.770313233948173     
   3.4843636403200051        99.719077553314364     
   3.5003333372800052        99.667321790837093     
   3.5163030342400052        99.615200123207671     
   3.5322727312000053        99.562869913823860     
   3.5482424281600053        99.510488526083464     
   3.5642121251200054        99.458212094201841     
   3.5801818220800055        99.406005029210618     
   3.5961515190400055        99.353433678537158     
   3.6121212160000056        99.300014849856254     
   3.6280909129600056        99.245265350842686     
   3.6440606099200057        99.188701989171292     
   3.6600303068800057        99.129914538449682     
   3.6760000038400058        99.068953959206922     
   3.6919697008000059        99.006050884412758     
   3.7079393977600059        98.941436353127386     
   3.7239090947200060        98.875341404411003     
   3.7398787916800060        98.807992030873208     
   3.7558484886400061        98.739482079684564     
   3.7718181856000061        98.669763651127639     
   3.7877878825600062        98.598781875782663     
   3.8037575795200063        98.526481884229852     
   3.8197272764800063        98.452808813590735     
   3.8356969734400064        98.377717296974012     
   3.8516666704000064        98.301190451321304     
   3.8676363673600065        98.223216711865874     
   3.8836060643200065        98.143784513841013     
   3.8995757612800066        98.062882292479983     
   3.9155454582400067        97.980481445173083     
   3.9315151552000067        97.896389487742951     
   3.9474848521600068        97.810322456794395     
   3.9634545491200068        97.721995393281276     
   3.9794242460800069        97.631123338157423     
   3.9953939430400069        97.537425841930727     
   4.0113636400000070        97.440873206871345     
   4.0273333369600071        97.341813412344450     
   4.0433030339200071        97.240625674899633     
   4.0592727308800072        97.137689211086524     
   4.0752424278400072        97.033383237454728     
   4.0912121248000073        96.927960246134987     
   4.1071818217600073        96.821114292224394     
   4.1231515187200074        96.712385653047249     
   4.1391212156800075        96.601314601234350     
   4.1550909126400075        96.487441409416505     
   4.1710606096000076        96.370332589977892     
   4.1870303065600076        96.249960973434028     
   4.2030000035200077        96.126619329763940     
   4.2189697004800077        96.000609083023065     
   4.2349393974400078        95.872231657266880     
   4.2509090944000079        95.741787380340696     
   4.2668787913600079        95.609383250276068     
   4.2828484883200080        95.474712688947903     
   4.2988181852800080        95.337415812740645     
   4.3147878822400081        95.197132738038661     
   4.3307575792000081        95.053503581226380     
   4.3467272761600082        94.906239828084352     
   4.3626969731200083        94.755519483945406     
   4.3786666700800083        94.601707975483038     
   4.3946363670400084        94.445171236943054     
   4.4106060640000084        94.286275202571233     
   4.4265757609600085        94.125374314039988     
   4.4425454579200085        93.962505379582325     
   4.4585151548800086        93.797354793728445     
   4.4744848518400087        93.629590882550744     
   4.4904545488000087        93.458881972121617     
   4.5064242457600088        93.284896443705819     
   4.5223939427200088        93.107413522088606     
   4.5383636396800089        92.926555580057979     
   4.5543333366400089        92.742511191831099     
   4.5703030336000090        92.555468931625128     
   4.5862727305600091        92.365617373657258     
   4.6022424275200091        92.173131682983993     
   4.6182121244800092        91.978053178743238     
   4.6341818214400092        91.780346256346263     
   4.6501515184000093        91.579974393168968     
   4.6661212153600093        91.376901066587251     
   4.6820909123200094        91.171089717120822     
   4.6980606092800095        90.962501573919567     
   4.7140303062400095        90.751094438510137     
   4.7300000032000096        90.536825817569820     
   4.7459697001600096        90.319653217775951     
   4.7619393971200097        90.099534145805848     
   4.7779090940800097        89.876462480488257     
   4.7938787910400098        89.650597649638712     
   4.8098484880000099        89.422146156188063     
   4.8258181849600099        89.191314506369139     
   4.8417878819200100        88.958309206414711     
   4.8577575788800100        88.723329654168978     
   4.8737272758400101        88.486460283476220     
   4.8896969728000101        88.247692412253130     
   4.9056666697600102        88.007014680585399     
   4.9216363667200103        87.764415728558703     
   4.9376060636800103        87.519884532231615     
   4.9535757606400104        87.273477540659982     
   4.9695454576000104        87.025399941339160     
   4.9855151545600105        86.775876770592234     
   5.0014848515200105        86.525133064742249     
   5.0174545484800106        86.273393860112321     
   5.0334242454400107        86.020851874824615     
   5.0493939424000107        85.767481306200935     
   5.0653636393600108        85.513165835749476     
   5.0813333363200108        85.257788855021687     
   5.0973030332800109        85.001233755569089     
   5.1132727302400109        84.743389424733181     
   5.1292424272000110        84.484305275443674     
   5.1452121241600111        84.224212858888990     
   5.1611818211200111        83.963353566212447     
   5.1771515180800112        83.701968788557366     
   5.1931212150400112        83.440299894455379     
   5.2090909120000113        83.178522420208310     
   5.2250606089600113        82.916601535467308     
   5.2410303059200114        82.654460479446101     
   5.2570000028800115        82.392022491358432     
   5.2729696998400115        82.129210810418058     
   5.2889393968000116        81.865978748933969     
   5.3049090937600116        81.602591252763560     
   5.3208787907200117        81.339497648835348     
   5.3368484876800117        81.077149667953009     
   5.3528181846400118        80.815999040920161     
   5.3687878816000119        80.556492915628453     
   5.3847575785600119        80.298780913635071     
   5.4007272755200120        80.042538033741025     
   5.4166969724800120        79.787396832634499     
   5.4326666694400121        79.532989867003650     
   5.4486363664000121        79.278949693536617     
   5.4646060633600122        79.024908868921571     
   5.4805757603200123        78.770499949846666     
   5.4965454572800123        78.515355493000044     
   5.5125151542400124        78.259108055069859     
   5.5284848512000124        78.001390192744282     
   5.5444545481600125        77.741873741679200     
   5.5604242451200125        77.480894512487367     
   5.5763939420800126        77.219341482520505     
   5.5923636390400127        76.958120514597198     
   5.6083333360000127        76.698137471536086     
   5.6243030329600128        76.440298216155810     
   5.6402727299200128        76.185508611274955     
   5.6562424268800129        75.934674519712189     
   5.6722121238400129        75.688701804286111     
   5.6881818208000130        75.448496327815349     
   5.7041515177600131        75.214963953118527     
   5.7201212147200131        74.989010543014274     
   5.7360909116800132        74.771541960321215     
   5.7520606086400132        74.563464067857964     
   5.7680303056000133        74.365682728443161     
   5.7840000025600133        74.179103804895419     
   5.7999696995200134        74.004578397199055     
   5.8159393964800135        73.841264832108735     
   5.8319090934400135        73.686345977468307     
   5.8478787904000136        73.536892978128250     
   5.8638484873600136        73.389976978939060     
   5.8798181843200137        73.242669124751259     
   5.8957878812800137        73.092040560415299     
   5.9117575782400138        72.935162430781688     
   5.9277272752000139        72.769105880700934     
   5.9436969721600139        72.590942055023518     
   5.9596666691200140        72.397742098599920     
   5.9756363660800140        72.186577156280649     
   5.9916060630400141        71.954518372916183     
   6.0075757600000141        71.698636893357033     
   6.0235454569600142        71.416003862453692     
   6.0395151539200143        71.103690425056627     
   6.0554848508800143        70.758820057942003     
   6.0714545478400144        70.382203203423245     
   6.0874242448000144        69.980704044077925     
   6.1033939417600145        69.561749248253861     
   6.1193636387200145        69.132765484298886     
   6.1353333356800146        68.701179420560834     
   6.1513030326400147        68.274417725387522     
   6.1672727296000147        67.859907067126770     
   6.1832424265600148        67.465074114126423     
   6.1992121235200148        67.097345534734302     
   6.2151818204800149        66.764147997298224     
   6.2311515174400149        66.472908170166036     
   6.2471212144000150        66.231052721685543     
   6.2630909113600151        66.046008320204578     
   6.2790606083200151        65.925201634070987     
   6.2950303052800152        65.876059331632575     
   6.3110000022400152        65.906008081237175     
   6.3269696992000153        66.022474551232619     
   6.3429393961600153        66.232885409966741     
   6.3589090931200154        66.544667325787344     
   6.3748787900800155        66.965246967042276     
   6.3908484870400155        67.502051002079355     
   6.4068181840000156        68.158355117602895     
   6.4227878809600156        68.907384321056341     
   6.4387575779200157        69.709136563980110     
   6.4547272748800157        70.523552415167629     
   6.4706969718400158        71.310572443412340     
   6.4866666688000159        72.030137217507658     
   6.5026363657600159        72.642187306247052     
   6.5186060627200160        73.106663278423923     
   6.5345757596800160        73.383505702831741     
   6.5505454566400161        73.432655148263919     
   6.5665151536000161        73.214052183513900     
   6.5824848505600162        72.687637377375111     
   6.5984545475200163        71.813351298640995     
   6.6144242444800163        70.551134516104995     
   6.6303939414400164        68.860927598560536     
   6.6463636384000164        66.702671114801063     
   6.6623333353600165        64.041592859709326     
   6.6783030323200165        60.902046623914146     
   6.6942727292800166        57.345450394915503     
   6.7102424262400167        53.433793071557830     
   6.7262121232000167        49.229063552685545     
   6.7421818201600168        44.793250737143111     
   6.7581515171200168        40.188343523774932     
   6.7741212140800169        35.476330811425456     
   6.7900909110400169        30.719201498939107     
   6.8060606080000170        25.978944485160319     
   6.8220303049600171        21.317548668933533     
   6.8380000019200171        16.797002949103181     
   6.8539696988800172        12.479296224513682     
   6.8699393958400172        8.4264173940094835     
   6.8859090928000173        4.7003553564350113     
   6.9018787897600173        1.3630990106346985     
   6.9178484867200174       -1.5258638968685860     
   6.9338181836800175       -3.9533421253327585     
   6.9497878806400175       -5.9469473596154021     
   6.9657575776000176       -7.5356882226836763     
   6.9817272745600176       -8.7485733375047481     
   6.9976969715200177       -9.6146113270457736     
   7.0136666684800177       -10.162810814273920     
   7.0296363654400178       -10.422180422156346     
   7.0456060624000179       -10.421728773660218     
   7.0615757593600179       -10.190464491752696     
   7.0775454563200180       -9.7573961994009402     
   7.0935151532800180       -9.1515325195721111     
   7.1094848502400181       -8.4018820752333774     
   7.1254545472000181       -7.5374534893519014     
   7.1414242441600182       -6.5872553848948314     
   7.1573939411200183       -5.5802963848293565     
   7.1733636380800183       -4.5455851121226045     
   7.1893333350400184       -3.5121301897417658     
   7.2053030320000184       -2.5089402406539874     
   7.2212727289600185       -1.5650238878264306     
   7.2372424259200185      -0.70938975422627615     
   7.2532121228800186        2.8954072808142696E-002
   7.2691818198400187       0.62863557231483091     
   7.2851515168000187        1.0951364162180843     
   7.3011212137600188        1.4398381901948860     
   7.3170909107200188        1.6741224799222187     
   7.3330606076800189        1.8093708710770662     
   7.3490303046400189        1.8569649493364107     
   7.3650000016000190        1.8282863003772361     
   7.3809696985600191        1.7347165098765247     
   7.3969393955200191        1.5876371635112607     
   7.4129090924800192        1.3984298469584258     
   7.4288787894400192        1.1784761458950046     
   7.4448484864000193       0.93915764599797946     
   7.4608181833600193       0.69185593294433156     
   7.4767878803200194       0.44795259241104851     
   7.4927575772800195       0.21882921007510889     
   7.5087272742400195        1.5867371613498941E-002
   7.5246969712000196      -0.15137485810877305     
   7.5406666681600196      -0.28279143863614603     
   7.5566363651200197      -0.38132951837990831     
   7.5726060620800197      -0.44993776602662910     
   7.5885757590400198      -0.49156485026287772     
   7.6045454560000199      -0.50915943977522327     
   7.6205151529600199      -0.50567020325023493     
   7.6364848499200200      -0.48404580937448199     
   7.6524545468800200      -0.44723492683453370     
   7.6684242438400201      -0.39818622431695899     
   7.6843939408000201      -0.33984837050832745     
   7.7003636377600202      -0.27517003409520807     
   7.7163333347200203      -0.20709988376416999     
   7.7323030316800203      -0.13858658820178280     
   7.7482727286400204       -7.2578816094615778E-002
   7.7642424256000204       -1.2025236129236810E-002
   7.7802121225600205        4.0407298046233907E-002
   7.7961818195200205        8.4238423880820701E-002
   7.8121515164800206       0.12000987332740307     
   7.8281212134400207       0.14826917377385621     
   7.8440909104000207       0.16956385260805529     
   7.8600606073600208       0.18444143721787559     
   7.8760303043200208       0.19344945499119232     
   7.8920000012800209       0.19713543331588068     
   7.9079696982400209       0.19604689957981589     
   7.9239393952000210       0.19073138117087313     
   7.9399090921600211       0.18173640547692776     
   7.9558787891200211       0.16960949988585475     
   7.9718484860800212       0.15489819178552947     
   7.9878181830400212       0.13815000856382720     
   8.0037878800000204       0.11991247760862414     
   8.0197575769600196       0.10073312630779452     
   8.0357272739200187        8.1159482049213236E-002
   8.0516969708800179        6.1739072220756003E-002
   8.0676666678400171        4.3019424210297343E-002
   8.0836363648000162        2.5548065405712760E-002
   8.0996060617600154        9.8725231948771069E-003
   8.1155757587200146       -3.4624513901408099E-003
   8.1315454556800137       -1.4167194169119227E-002
   8.1475151526400129       -2.2409018656062440E-002
   8.1634848496000121       -2.8402747658487323E-002
   8.1794545465600113       -3.2363203983910752E-002
   8.1954242435200104       -3.4505210439849603E-002
   8.2113939404800096       -3.5043589833820742E-002
   8.2273636374400088       -3.4193164973341038E-002
   8.2433333344000079       -3.2168758665927402E-002
   8.2593030313600071       -2.9185193719096662E-002
   8.2752727283200063       -2.5457292940365733E-002
   8.2912424252800054       -2.1199879137251451E-002
   8.3072121222400046       -1.6627775117270708E-002
   8.3231818192000038       -1.1955803687940398E-002
   8.3391515161600029       -7.3987876567773543E-003
   8.3551212131200021       -3.1715498312984980E-003
   8.3710909100800013        5.1124076524445585E-004
   8.3870606070400004        3.5029560962425090E-003
   8.4030303039999996        5.8316171309614256E-003
   8.4190000009599988        7.5528766448747673E-003
   8.4349696979199980        8.7223874134560973E-003
   8.4509393948799971        9.3958022121789671E-003
   8.4669090918399963        9.6287738165169445E-003
   8.4828787887999955        9.4769550019435898E-003
   8.4988484857599946        8.9959985439324614E-003
   8.5148181827199938        8.2415572179571159E-003
   8.5307878796799930        7.2692837994911127E-003
   8.5467575766399921        6.1348310640080258E-003
   8.5627272735999913        4.8938517869814022E-003
   8.5786969705599905        3.6019987438848061E-003
   8.5946666675199896        2.3149247101918050E-003
   8.6106363644799888        1.0882824613759395E-003
   8.6266060614399880       -2.2275336459580936E-005
   8.6425757583999872       -9.7281729853229996E-004
   8.6585454553599863       -1.7633693811115860E-003
   8.6745151523199855       -2.4042601000224084E-003
   8.6904848492799847       -2.9058179710897357E-003
   8.7064545462399838       -3.2783715101385369E-003
   8.7224242431999830       -3.5322492329937808E-003
   8.7383939401599822       -3.6777796554804368E-003
   8.7543636371199813       -3.7252912934234730E-003
   8.7703333340799805       -3.6851126626478584E-003
   8.7863030310399797       -3.5675722789785644E-003
   8.8022727279999788       -3.3829986582405553E-003
   8.8182424249599780       -3.1417203162588028E-003
   8.8342121219199772       -2.8540657688582768E-003
   8.8501818188799763       -2.5303635318639456E-003
   8.8661515158399755       -2.1809421211007743E-003
   8.8821212127999747       -1.8161300523937374E-003
   8.8980909097599739       -1.4462558415678009E-003
   8.9140606067199730       -1.0816480044479355E-003
   8.9300303036799722       -7.3263505685910633E-004
   8.9460000006399714       -4.0954551462628607E-004
   8.9619696975999705       -1.2270789357444168E-004
   8.9779393945599697        1.1787816045156254E-004
   8.9939090915199689        3.0923352395706470E-004
   9.0098787884799680        4.5511030871694323E-004
   9.0258484854399672        5.5953160695372030E-004
   9.0418181823999664        6.2652051088991835E-004
   9.0577878793599655        6.6010011274805964E-004
   9.0737575763199647        6.6429350475066622E-004
   9.0897272732799639        6.4312377912026061E-004
   9.1056969702399631        6.0061402807936475E-004
   9.1216666671999622        5.4078734385050128E-004
   9.1376363641599614        4.6766681865619236E-004
   9.1536060611199606        3.8527554471896023E-004
   9.1695757580799597        2.9763661426132691E-004
   9.1855454550399589        2.0877311950581498E-004
   9.2015151519999581        1.2270815267494706E-004
   9.2174848489599572        4.3464805991244729E-005
   9.2334545459199564       -2.4981696132146739E-005
   9.2494242428799556       -8.0667105340228299E-005
   9.2653939398399547       -1.2432982416725138E-004
   9.2813636367999539       -1.5689825855693136E-004
   9.2973333337599531       -1.7930081445298359E-004
   9.3133030307199522       -1.9246589779912352E-004
   9.3292727276799514       -1.9732191453906652E-004
   9.3452424246399506       -1.9479727061652794E-004
   9.3612121215999498       -1.8582037197522309E-004
   9.3771818185599489       -1.7131962455886756E-004
   9.3931515155199481       -1.5222343431117662E-004
   9.4091212124799473       -1.2946020717586554E-004
   9.4250909094399464       -1.0395834909664998E-004
   9.4410606063999456       -7.6646266017245149E-005
   9.4570303033599448       -4.8452363881366428E-005
   9.4730000003199439       -2.0305048632729313E-005
   9.4889696972799431        6.8699331207074834E-006
   9.5049393942399423        3.2444300292461690E-005
   9.5209090911999414        5.6354857620230613E-005
   9.5368787881599406        7.8601605104014247E-005
   9.5528484851199398        9.9184542743812598E-005
   9.5688181820799389        1.1810367053962567E-004
   9.5847878790399381        1.3535898849145343E-004
   9.6007575759999373        1.5095049659929593E-004
   9.6167272729599365        1.6487819486315312E-004
   9.6326969699199356        1.7714208328302507E-004
   9.6486666668799348        1.8774216185891171E-004
   9.6646363638399340        1.9667843059081302E-004
   9.6806060607999331        2.0395088947872911E-004
   9.6965757577599323        2.0955953852265987E-004
   9.7125454547199315        2.1350437772260536E-004
   9.7285151516799306        2.1578540707856557E-004
   9.7444848486399298        2.1640262659054047E-004
   9.7604545455999290        2.1535603625853013E-004
   9.7764242425599281        2.1264563608253448E-004
   9.7923939395199273        2.0827142606255351E-004
   9.8083636364799265        2.0223340619858731E-004
   9.8243333334399257        1.9453157649063581E-004
   9.8403030303999248        1.8516593693869901E-004
   9.8562727273599240        1.7413648754277696E-004
   9.8722424243199232        1.6144322830286952E-004
   9.8882121212799223        1.4708615921897686E-004
   9.9041818182399215        1.3106528029109896E-004
   9.9201515151999207        1.1338059151923574E-004
   9.9361212121599198        9.4032092903387237E-005
   9.9520909091199190        7.3019784443553463E-005
   9.9680606060799182        5.0343666139734291E-005
   9.9840303030399173        2.6003737991929938E-005
