   2.0151515199999999       -11.560000000000000     
   2.0311212169599999       -12.351341482436137     
   2.0470909139200000       -13.036476176487287     
   2.0630606108800000       -13.618042378204255     
   2.0790303078400001       -14.098678383637848     
   2.0950000048000001       -14.481022488838871     
   2.1109697017600002       -14.772249233097293     
   2.1269393987200003       -15.041434752781893     
   2.1429090956800003       -15.402425394722776     
   2.1588787926400004       -15.970064320528294     
   2.1748484896000004       -16.859194691806788     
   2.1908181865600005       -18.183245291527513     
   2.2067878835200005       -19.879852939794478     
   2.2227575804800006       -21.542709100373123     
   2.2387272774400007       -22.725632541741255     
   2.2546969744000007       -22.982442032376674     
   2.2706666713600008       -21.866956340757184     
   2.2866363683200008       -19.055597058437264     
   2.3026060652800009       -14.949700479487493     
   2.3185757622400009       -10.216070316813212     
   2.3345454592000010       -5.5219089259740457     
   2.3505151561600011       -1.5344186625296210     
   2.3664848531200011        1.1008911202191514     
   2.3824545500800012        2.2502749693422581     
   2.3984242470400012        2.2989793039212891     
   2.4143939440000013        1.6553892287614163     
   2.4303636409600013       0.72788984866781425     
   2.4463333379200014       -7.5282871279664917E-002
   2.4623030348800015      -0.47133679473481854     
   2.4782727318400015      -0.53087226600927107     
   2.4942424288000016      -0.38626989553750990     
   2.5102121257600016      -0.16991029375402264     
   2.5261818227200017       -1.4174071093295987E-002
   2.5421515196800017       -3.4185186546236430E-002
   2.5581212166400018      -0.19076064263863485     
   2.5740909136000019      -0.36348921317244259     
   2.5900606105600019      -0.43123349757683194     
   2.6060303075200020      -0.27285609528097510     
   2.6220000044800020       0.22892579515570641     
   2.6379697014400021        1.0059255889383845     
   2.6539393984000021        1.7261160395912947     
   2.6699090953600022        2.0373281007940833     
   2.6858787923200023        1.5873927262263965     
   2.7018484892800023        2.4140869567880894E-002
   2.7178181862400024       -2.7400327674552973     
   2.7337878832000024       -5.6997836159165223     
   2.7497575801600025       -7.5675734359089395     
   2.7657272771200025       -7.0558636478086232     
   2.7816969740800026       -2.8771156719916497     
   2.7976666710400027        6.1299536453062045     
   2.8136363680000027        19.330742110639434     
   2.8296060649600028        34.754373411400536     
   2.8455757619200028        50.398163539134963     
   2.8615454588800029        64.259428485388199     
   2.8775151558400029        74.342672589586527     
   2.8934848528000030        79.650367494917305     
   2.9094545497600031        81.196264039783273     
   2.9254242467200031        80.235732821835882     
   2.9413939436800032        78.024144438726566     
   2.9573636406400032        75.816869488106775     
   2.9733333376000033        74.699894204064350     
   2.9893030345600033        74.723804969854484     
   3.0052727315200034        75.548073623579242     
   3.0212424284800035        76.831445176785522     
   3.0372121254400035        78.232664641020236     
   3.0531818224000036        79.418655456074646     
   3.0691515193600036        80.259495662475260     
   3.0851212163200037        80.837148840014862     
   3.1010909132800037        81.243504153735842     
   3.1170606102400038        81.570450768680530     
   3.1330303072000039        81.909853679951382     
   3.1490000041600039        82.327263644894060     
   3.1649697011200040        82.811743292821049     
   3.1809393980800040        83.338535343940492     
   3.1969090950400041        83.882882518460548     
   3.2128787920000041        84.420027536589387     
   3.2288484889600042        84.927291285012672     
   3.2448181859200043        85.401264326680831     
   3.2607878828800043        85.848983384588422     
   3.2767575798400044        86.277588451470876     
   3.2927272768000044        86.694219520063626     
   3.3086969737600045        87.105949474787025     
   3.3246666707200045        87.516384165958073     
   3.3406363676800046        87.924054694931456     
   3.3566060646400047        88.327088809647634     
   3.3725757616000047        88.723614258047064     
   3.3885454585600048        89.111758788070205     
   3.4045151555200048        89.490057273408354     
   3.4204848524800049        89.858781647886545     
   3.4364545494400049        90.218667034640461     
   3.4524242464000050        90.570448561127762     
   3.4683939433600051        90.914861354806121     
   3.4843636403200051        91.252603018513142     
   3.5003333372800052        91.583814431188003     
   3.5163030342400052        91.908210323905521     
   3.5322727312000053        92.225494604571765     
   3.5482424281600053        92.535371181092842     
   3.5642121251200054        92.837546132518113     
   3.5801818220800055        93.132064184543765     
   3.5961515190400055        93.419673175041410     
   3.6121212160000056        93.701208445494700     
   3.6280909129600056        93.977505337387271     
   3.6440606099200057        94.249399192202759     
   3.6600303068800057        94.517605009893828     
   3.6760000038400058        94.782077162295025     
   3.6919697008000059        95.042473690395141     
   3.7079393977600059        95.298451965424576     
   3.7239090947200060        95.549669358613755     
   3.7398787916800060        95.795791919954496     
   3.7558484886400061        96.036712959909124     
   3.7718181856000061        96.272569561745840     
   3.7877878825600062        96.503510795055220     
   3.8037575795200063        96.729685729427857     
   3.8197272764800063        96.951243431944334     
   3.8356969734400064        97.168329325944640     
   3.8516666704000064        97.381077905131136     
   3.8676363673600065        97.589621622504652     
   3.8836060643200065        97.794092931066032     
   3.8995757612800066        97.994624283816123     
   3.9155454582400067        98.191345693193625     
   3.9315151552000067        98.384363696649785     
   3.9474848521600068        98.573771727822333     
   3.9634545491200068        98.759663077728433     
   3.9794242460800069        98.942131037385195     
   3.9953939430400069        99.121267452883387     
   4.0113636400000070        99.297083825821090     
   4.0273333369600071        99.469470644590544     
   4.0433030339200071        99.638308388738167     
   4.0592727308800072        99.803477537810380     
   4.0752424278400072        99.964858571353574     
   4.0912121248000073        100.12240814682008     
   4.1071818217600073        100.27641861516305     
   4.1231515187200074        100.42727476783618     
   4.1391212156800075        100.57536139911453     
   4.1550909126400075        100.72106330327320     
   4.1710606096000076        100.86474299819108     
   4.1870303065600076        101.00641805552968     
   4.2030000035200077        101.14583443242195     
   4.2189697004800077        101.28273073907063     
   4.2349393974400078        101.41684558567849     
   4.2509090944000079        101.54791847105955     
   4.2668787913600079        101.67584561129176     
   4.2828484883200080        101.80085847609247     
   4.2988181852800080        101.92323174574480     
   4.3147878822400081        102.04324010053183     
   4.3307575792000081        102.16115822073665     
   4.3467272761600082        102.27722737081611     
   4.3626969731200083        102.39147038636047     
   4.3786666700800083        102.50382235051575     
   4.3946363670400084        102.61421810877778     
   4.4106060640000084        102.72259250664243     
   4.4265757609600085        102.82888123136384     
   4.4425454579200085        102.93304323483575     
   4.4585151548800086        103.03506313453849     
   4.4744848518400087        103.13492687135253     
   4.4904545488000087        103.23262038615839     
   4.5064242457600088        103.32812963420648     
   4.5223939427200088        103.42146943003836     
   4.5383636396800089        103.51274393043295     
   4.5543333366400089        103.60207452841638     
   4.5703030336000090        103.68958261701475     
   4.5862727305600091        103.77538958925419     
   4.6022424275200091        103.85960451782546     
   4.6182121244800092        103.94221349780341     
   4.6341818214400092        104.02313194675105     
   4.6501515184000093        104.10227443874061     
   4.6661212153600093        104.17955554784425     
   4.6820909123200094        104.25489173542142     
   4.6980606092800095        104.32831270006483     
   4.7140303062400095        104.40002365807882     
   4.7300000032000096        104.47024492406548     
   4.7459697001600096        104.53919681262693     
   4.7619393971200097        104.60709963836527     
   4.7779090940800097        104.67413807874067     
   4.7938787910400098        104.74033460764531     
   4.8098484880000099        104.80566557515135     
   4.8258181849600099        104.87010732809571     
   4.8417878819200100        104.93363621331535     
   4.8577575788800100        104.99622524817187     
   4.8737272758400101        105.05779360240805     
   4.8896969728000101        105.11821683149621     
   4.9056666697600102        105.17736923664805     
   4.9216363667200103        105.23512511907524     
   4.9376060636800103        105.29135860938749     
   4.9535757606400104        105.34590957642143     
   4.9695454576000104        105.39854236187153     
   4.9855151545600105        105.44901122849612     
   5.0014848515200105        105.49707043905347     
   5.0174545484800106        105.54247425630194     
   5.0334242454400107        105.58503201711282     
   5.0493939424000107        105.62492544416251     
   5.0653636393600108        105.66249050999323     
   5.0813333363200108        105.69806368126831     
   5.0973030332800109        105.73198142465111     
   5.1132727302400109        105.76457593418402     
   5.1292424272000110        105.79605460565723     
   5.1452121241600111        105.82648323415647     
   5.1611818211200111        105.85591996483964     
   5.1771515180800112        105.88442294286460     
   5.1931212150400112        105.91205032369392     
   5.2090909120000113        105.93889026396796     
   5.2250606089600113        105.96512678898202     
   5.2410303059200114        105.99096303264294     
   5.2570000028800115        106.01660212885760     
   5.2729696998400115        106.04224721153285     
   5.2889393968000116        106.06808425069221     
   5.3049090937600116        106.09412135499056     
   5.3208787907200117        106.12026139964496     
   5.3368484876800117        106.14640588788751     
   5.3528181846400118        106.17245632295035     
   5.3687878816000119        106.19831468838900     
   5.3847575785600119        106.22391415073858     
   5.4007272755200120        106.24923762054013     
   5.4166969724800120        106.27427245658474     
   5.4326666694400121        106.29900601766353     
   5.4486363664000121        106.32342566256759     
   5.4646060633600122        106.34751875008803     
   5.4805757603200123        106.37127263901597     
   5.4965454572800123        106.39467468814252     
   5.5125151542400124        106.41771225625875     
   5.5284848512000124        106.44037270215581     
   5.5444545481600125        106.46264385159130     
   5.5604242451200125        106.48452142396380     
   5.5763939420800126        106.50600771497361     
   5.5923636390400127        106.52710522106322     
   5.6083333360000127        106.54781643867518     
   5.6243030329600128        106.56814386425198     
   5.6402727299200128        106.58808999423614     
   5.6562424268800129        106.60765732507018     
   5.6722121238400129        106.62684835319659     
   5.6881818208000130        106.64566557505793     
   5.7041515177600131        106.66411148709668     
   5.7201212147200131        106.68218858575536     
   5.7360909116800132        106.69989936747648     
   5.7520606086400132        106.71724632870257     
   5.7680303056000133        106.73423196587613     
   5.7840000025600133        106.75085877543968     
   5.7999696995200134        106.76712930151643     
   5.8159393964800135        106.78304756208672     
   5.8319090934400135        106.79861929511569     
   5.8478787904000136        106.81385033584301     
   5.8638484873600136        106.82874651950837     
   5.8798181843200137        106.84331368135143     
   5.8957878812800137        106.85755765661187     
   5.9117575782400138        106.87148428052939     
   5.9277272752000139        106.88509938834363     
   5.9436969721600139        106.89840881529429     
   5.9596666691200140        106.91141839662104     
   5.9756363660800140        106.92413396756358     
   5.9916060630400141        106.93656136336155     
   6.0075757600000141        106.94870641925463     
   6.0235454569600142        106.96057497048253     
   6.0395151539200143        106.97217285228490     
   6.0554848508800143        106.98350589374493     
   6.0714545478400144        106.99457949019960     
   6.0874242448000144        107.00539832480487     
   6.1033939417600145        107.01596701454410     
   6.1193636387200145        107.02629017640066     
   6.1353333356800146        107.03637242735790     
   6.1513030326400147        107.04621838439921     
   6.1672727296000147        107.05583266450795     
   6.1832424265600148        107.06521988466746     
   6.1992121235200148        107.07438466186112     
   6.2151818204800149        107.08333161307230     
   6.2311515174400149        107.09206535528436     
   6.2471212144000150        107.10059050548068     
   6.2630909113600151        107.10891168064460     
   6.2790606083200151        107.11703349775951     
   6.2950303052800152        107.12496057380875     
   6.3110000022400152        107.13269752577570     
   6.3269696992000153        107.14024897064371     
   6.3429393961600153        107.14761952539617     
   6.3589090931200154        107.15481380701642     
   6.3748787900800155        107.16183643248785     
   6.3908484870400155        107.16869201879381     
   6.4068181840000156        107.17538506237848     
   6.4227878809600156        107.18191918705304     
   6.4387575779200157        107.18829763253190     
   6.4547272748800157        107.19452363686321     
   6.4706969718400158        107.20060043809509     
   6.4866666688000159        107.20653127427566     
   6.5026363657600159        107.21231938345308     
   6.5186060627200160        107.21796800367544     
   6.5345757596800160        107.22348037299088     
   6.5505454566400161        107.22885972944754     
   6.5665151536000161        107.23410931109353     
   6.5824848505600162        107.23923235597701     
   6.5984545475200163        107.24423210214607     
   6.6144242444800163        107.24911178764886     
   6.6303939414400164        107.25387465053350     
   6.6463636384000164        107.25852392884813     
   6.6623333353600165        107.26306274465166     
   6.6783030323200165        107.26749292291881     
   6.6942727292800166        107.27181547552365     
   6.7102424262400167        107.27603140181584     
   6.7262121232000167        107.28014170114504     
   6.7421818201600168        107.28414737286089     
   6.7581515171200168        107.28804941631300     
   6.7741212140800169        107.29184883085105     
   6.7900909110400169        107.29554661582469     
   6.8060606080000170        107.29914377058356     
   6.8220303049600171        107.30264129447728     
   6.8380000019200171        107.30604018685553     
   6.8539696988800172        107.30934144706792     
   6.8699393958400172        107.31254607446414     
   6.8859090928000173        107.31565506839380     
   6.9018787897600173        107.31866942820655     
   6.9178484867200174        107.32159026905477     
   6.9338181836800175        107.32442084960726     
   6.9497878806400175        107.32716631769797     
   6.9657575776000176        107.32983188583870     
   6.9817272745600176        107.33242276654121     
   6.9976969715200177        107.33494417231735     
   7.0136666684800177        107.33740131567889     
   7.0296363654400178        107.33979940913763     
   7.0456060624000179        107.34214366520538     
   7.0615757593600179        107.34443929639394     
   7.0775454563200180        107.34669151521511     
   7.0935151532800180        107.34890553418070     
   7.1094848502400181        107.35108656580249     
   7.1254545472000181        107.35323982259229     
   7.1414242441600182        107.35537051706189     
   7.1573939411200183        107.35748386172311     
   7.1733636380800183        107.35958506908773     
   7.1893333350400184        107.36167935166758     
   7.2053030320000184        107.36377192197442     
   7.2212727289600185        107.36586799252008     
   7.2372424259200185        107.36797277581636     
   7.2532121228800186        107.37009148417772     
   7.2691818198400187        107.37222651691935     
   7.2851515168000187        107.37437038090448     
   7.3011212137600188        107.37651340956666     
   7.3170909107200188        107.37864593633941     
   7.3330606076800189        107.38075829465630     
   7.3490303046400189        107.38284081795088     
   7.3650000016000190        107.38488383965668     
   7.3809696985600191        107.38687769320725     
   7.3969393955200191        107.38881271203614     
   7.4129090924800192        107.39067922957690     
   7.4288787894400192        107.39246757926308     
   7.4448484864000193        107.39416809452821     
   7.4608181833600193        107.39577110880585     
   7.4767878803200194        107.39726695552953     
   7.4927575772800195        107.39864596813281     
   7.5087272742400195        107.39989848004923     
   7.5246969712000196        107.40101767054898     
   7.5406666681600196        107.40201146999101     
   7.5566363651200197        107.40289257362461     
   7.5726060620800197        107.40367367907169     
   7.5885757590400198        107.40436748395412     
   7.6045454560000199        107.40498668589380     
   7.6205151529600199        107.40554398251264     
   7.6364848499200200        107.40605207143250     
   7.6524545468800200        107.40652365027528     
   7.6684242438400201        107.40697141666287     
   7.6843939408000201        107.40740806821717     
   7.7003636377600202        107.40784630256005     
   7.7163333347200203        107.40829881731341     
   7.7323030316800203        107.40877831009915     
   7.7482727286400204        107.40929747853916     
   7.7642424256000204        107.40986902025531     
   7.7802121225600205        107.41050417506769     
   7.7961818195200205        107.41120287229035     
   7.8121515164800206        107.41195975404173     
   7.8281212134400207        107.41276943246109     
   7.8440909104000207        107.41362651968768     
   7.8600606073600208        107.41452562786074     
   7.8760303043200208        107.41546136911951     
   7.8920000012800209        107.41642835560326     
   7.9079696982400209        107.41742119945120     
   7.9239393952000210        107.41843451280259     
   7.9399090921600211        107.41946290779669     
   7.9558787891200211        107.42050099657271     
   7.9718484860800212        107.42154339126992     
   7.9878181830400212        107.42258470402757     
   8.0037878800000204        107.42361954698490     
   8.0197575769600196        107.42464253228114     
   8.0357272739200187        107.42564827205555     
   8.0516969708800179        107.42663137844737     
   8.0676666678400171        107.42758646359584     
   8.0836363648000162        107.42850813964023     
   8.0996060617600154        107.42939101871976     
   8.1155757587200146        107.43022974764550     
   8.1315454556800137        107.43102215881690     
   8.1475151526400129        107.43177179148509     
   8.1634848496000121        107.43248277820911     
   8.1794545465600113        107.43315925154802     
   8.1954242435200104        107.43380534406090     
   8.2113939404800096        107.43442518830676     
   8.2273636374400088        107.43502291684470     
   8.2433333344000079        107.43560266223376     
   8.2593030313600071        107.43616855703300     
   8.2752727283200063        107.43672473380146     
   8.2912424252800054        107.43727532509821     
   8.3072121222400046        107.43782446348230     
   8.3231818192000038        107.43837628151280     
   8.3391515161600029        107.43893491174876     
   8.3551212131200021        107.43950448674921     
   8.3710909100800013        107.44008913514179     
   8.3870606070400004        107.44069124610014     
   8.4030303039999996        107.44130874393183     
   8.4190000009599988        107.44193884654290     
   8.4349696979199980        107.44257877183942     
   8.4509393948799971        107.44322573772746     
   8.4669090918399963        107.44387696211309     
   8.4828787887999955        107.44452966290238     
   8.4988484857599946        107.44518105800138     
   8.5148181827199938        107.44582836531616     
   8.5307878796799930        107.44646880275279     
   8.5467575766399921        107.44709958821734     
   8.5627272735999913        107.44771793961586     
   8.5786969705599905        107.44832107485441     
   8.5946666675199896        107.44890621183907     
   8.6106363644799888        107.44947056847592     
   8.6266060614399880        107.45001136268030     
   8.6425757583999872        107.45052681127336     
   8.6585454553599863        107.45101887718874     
   8.6745151523199855        107.45149040136018     
   8.6904848492799847        107.45194422472137     
   8.7064545462399838        107.45238318820607     
   8.7224242431999830        107.45281013274797     
   8.7383939401599822        107.45322789928082     
   8.7543636371199813        107.45363932873830     
   8.7703333340799805        107.45404726205419     
   8.7863030310399797        107.45445454016216     
   8.8022727279999788        107.45486400399597     
   8.8182424249599780        107.45527849448929     
   8.8342121219199772        107.45570085257590     
   8.8501818188799763        107.45613391918950     
   8.8661515158399755        107.45658053526380     
   8.8821212127999747        107.45704354173252     
   8.8980909097599739        107.45752577952939     
   8.9140606067199730        107.45803008958815     
   8.9300303036799722        107.45855931284248     
   8.9460000006399714        107.45911629022615     
   8.9619696975999705        107.45970386267284     
   8.9779393945599697        107.46032465747138     
   8.9939090915199689        107.46097674114485     
   9.0098787884799680        107.46165380738121     
   9.0258484854399672        107.46234937383043     
   9.0418181823999664        107.46305695814254     
   9.0577878793599655        107.46377007796751     
   9.0737575763199647        107.46448225095536     
   9.0897272732799639        107.46518699475605     
   9.1056969702399631        107.46587782701960     
   9.1216666671999622        107.46654826539600     
   9.1376363641599614        107.46719182753525     
   9.1536060611199606        107.46780203108734     
   9.1695757580799597        107.46837239370227     
   9.1855454550399589        107.46889643303004     
   9.2015151519999581        107.46936766672063     
   9.2174848489599572        107.46977961242405     
   9.2334545459199564        107.47012590036510     
   9.2494242428799556        107.47040489015298     
   9.2653939398399547        107.47062129745204     
   9.2813636367999539        107.47078028477391     
   9.2973333337599531        107.47088701463024     
   9.3133030307199522        107.47094664953266     
   9.3292727276799514        107.47096435199279     
   9.3452424246399506        107.47094528452229     
   9.3612121215999498        107.47089460963278     
   9.3771818185599489        107.47081748983591     
   9.3931515155199481        107.47071908764329     
   9.4091212124799473        107.47060456556657     
   9.4250909094399464        107.47047908611738     
   9.4410606063999456        107.47034781180737     
   9.4570303033599448        107.47021590514817     
   9.4730000003199439        107.47008852865139     
   9.4889696972799431        107.46997083857451     
   9.5049393942399423        107.46986729159985     
   9.5209090911999414        107.46978101544913     
   9.5368787881599406        107.46971498922233     
   9.5528484851199398        107.46967219201942     
   9.5688181820799389        107.46965560294041     
   9.5847878790399381        107.46966820108527     
   9.6007575759999373        107.46971296555401     
   9.6167272729599365        107.46979287544660     
   9.6326969699199356        107.46991090986305     
   9.6486666668799348        107.47007004790335     
   9.6646363638399340        107.47027326866746     
   9.6806060607999331        107.47052355125540     
   9.6965757577599323        107.47082387476715     
   9.7125454547199315        107.47117721830269     
   9.7285151516799306        107.47158656096202     
   9.7444848486399298        107.47205488184514     
   9.7604545455999290        107.47258516005201     
   9.7764242425599281        107.47318037468264     
   9.7923939395199273        107.47384350483702     
   9.8083636364799265        107.47457752961513     
   9.8243333334399257        107.47538542811697     
   9.8403030303999248        107.47627017944252     
   9.8562727273599240        107.47723476269178     
   9.8722424243199232        107.47828215696472     
   9.8882121212799223        107.47941534136135     
   9.9041818182399215        107.48063729498165     
   9.9201515151999207        107.48195099692562     
   9.9361212121599198        107.48335942629323     
   9.9520909091199190        107.48486556218448     
   9.9680606060799182        107.48647238369936     
   9.9840303030399173        107.48818286993787     
