   2.0151515199999999        100.33000000000000     
   2.0311212169599999        99.831465337227954     
   2.0470909139200000        99.335650560456401     
   2.0630606108800000        98.842426968669443     
   2.0790303078400001        98.351665860851227     
   2.0950000048000001        97.863238535985843     
   2.1109697017600002        97.377012644125671     
   2.1269393987200003        96.892806041982610     
   2.1429090956800003        96.410400573331330     
   2.1588787926400004        95.929577280113620     
   2.1748484896000004        95.450117204271251     
   2.1908181865600005        94.971802525465193     
   2.2067878835200005        94.494556829547335     
   2.2227575804800006        94.018580370323662     
   2.2387272774400007        93.544105475000237     
   2.2546969744000007        93.071364470783138     
   2.2706666713600008        92.600589684878443     
   2.2866363683200008        92.131952157197063     
   2.3026060652800009        91.665260553764654     
   2.3185757622400009        91.200190837463097     
   2.3345454592000010        90.736418771898869     
   2.3505151561600011        90.273620120678430     
   2.3664848531200011        89.811475297423868     
   2.3824545500800012        89.349774415194190     
   2.3984242470400012        88.888418835841222     
   2.4143939440000013        88.427314881122697     
   2.4303636409600013        87.966368872796352     
   2.4463333379200014        87.505487351227700     
   2.4623030348800015        87.044760731295341     
   2.4782727318400015        86.584797427615129     
   2.4942424288000016        86.126296411799373     
   2.5102121257600016        85.669956655460354     
   2.5261818227200017        85.216477130210393     
   2.5421515196800017        84.766377854374937     
   2.5581212166400018        84.318578666943750     
   2.5740909136000019        83.871157061648461     
   2.5900606105600019        83.422183001716192     
   2.6060303075200020        82.969726450374111     
   2.6220000044800020        82.511955423855881     
   2.6379697014400021        82.051755894874020     
   2.6539393984000021        81.598725395306772     
   2.6699090953600022        81.162973822641661     
   2.6858787923200023        80.754611074366153     
   2.7018484892800023        80.383747047967759     
   2.7178181862400024        80.052896168534375     
   2.7337878832000024        79.733194901732929     
   2.7497575801600025        79.387678095926034     
   2.7657272771200025        78.979380589723206     
   2.7816969740800026        78.471337221733961     
   2.7976666710400027        77.833983515391267     
   2.8136363680000027        77.143023986278166     
   2.8296060649600028        76.552491218069022     
   2.8455757619200028        76.218282258720194     
   2.8615454588800029        76.296294156188026     
   2.8775151558400029        76.940821490867208     
   2.8934848528000030        78.083686272487341     
   2.9094545497600031        79.208344666327591     
   2.9254242467200031        79.744389581064453     
   2.9413939436800032        79.121413925374455     
   2.9573636406400032        76.769010607934078     
   2.9733333376000033        72.264481065326621     
   2.9893030345600033        66.088028185862342     
   3.0052727315200034        59.060919124304974     
   3.0212424284800035        52.005054851186372     
   3.0372121254400035        45.742336337038424     
   3.0531818224000036        41.071012308152497     
   3.0691515193600036        38.201802678242089     
   3.0851212163200037        36.732648428931341     
   3.1010909132800037        36.232785470461735     
   3.1170606102400038        36.271449713074745     
   3.1330303072000039        36.417982008170426     
   3.1490000041600039        36.355974487942269     
   3.1649697011200040        36.101115797281018     
   3.1809393980800040        35.729097927182849     
   3.1969090950400041        35.315612868643946     
   3.2128787920000041        34.936352612660492     
   3.2288484889600042        34.660279564755157     
   3.2448181859200043        34.493956445500977     
   3.2607878828800043        34.410118884308154     
   3.2767575798400044        34.381168099193161     
   3.2927272768000044        34.379505308172490     
   3.3086969737600045        34.377777153223136     
   3.3246666707200045        34.361309677372603     
   3.3406363676800046        34.333987950011235     
   3.3566060646400047        34.301172157171280     
   3.3725757616000047        34.268222484884966     
   3.3885454585600048        34.240499119184548     
   3.4045151555200048        34.222160538944415     
   3.4204848524800049        34.212237967904336     
   3.4364545494400049        34.208395440652069     
   3.4524242464000050        34.208296979018243     
   3.4683939433600051        34.209606604833496     
   3.4843636403200051        34.210077811841856     
   3.5003333372800052        34.208791519684347     
   3.5163030342400052        34.205844734634375     
   3.5322727312000053        34.201360269212351     
   3.5482424281600053        34.195460935938684     
   3.5642121251200054        34.188269147156987     
   3.5801818220800055        34.179844897156542     
   3.5961515190400055        34.170118585280569     
   3.6121212160000056        34.159004482541285     
   3.6280909129600056        34.146416859950918     
   3.6440606099200057        34.132269988521692     
   3.6600303068800057        34.116469939946526     
   3.6760000038400058        34.098870961475342     
   3.6919697008000059        34.079307110227475     
   3.7079393977600059        34.057612397689127     
   3.7239090947200060        34.033620835346490     
   3.7398787916800060        34.007168967364770     
   3.7558484886400061        33.978159658181447     
   3.7718181856000061        33.946566911217538     
   3.7877878825600062        33.912368227801821     
   3.8037575795200063        33.875541109263061     
   3.8197272764800063        33.836063040675064     
   3.8356969734400064        33.793887909778306     
   3.8516666704000064        33.748898822573040     
   3.8676363673600065        33.700965669213865     
   3.8836060643200065        33.649958339855395     
   3.8995757612800066        33.595746724652237     
   3.9155454582400067        33.538218596942102     
   3.9315151552000067        33.477433742686664     
   3.9474848521600068        33.413547965847258     
   3.9634545491200068        33.346718115435834     
   3.9794242460800069        33.277101040464323     
   3.9953939430400069        33.204851769999877     
   4.0113636400000070        33.130024135882145     
   4.0273333369600071        33.052519548789057     
   4.0433030339200071        32.972226812841242     
   4.0592727308800072        32.889034732159331     
   4.0752424278400072        32.802832110863960     
   4.0912121248000073        32.713509722271823     
   4.1071818217600073        32.620967017364215     
   4.1231515187200074        32.525105836705983     
   4.1391212156800075        32.425828020934880     
   4.1550909126400075        32.323035410688696     
   4.1710606096000076        32.216637289697559     
   4.1870303065600076        32.106658196714903     
   4.2030000035200077        31.993213423594884     
   4.2189697004800077        31.876420716981912     
   4.2349393974400078        31.756397823520384     
   4.2509090944000079        31.633262316651098     
   4.2668787913600079        31.507101223279175     
   4.2828484883200080        31.377936224367634     
   4.2988181852800080        31.245780578494784     
   4.3147878822400081        31.110647544238933     
   4.3307575792000081        30.972550380178379     
   4.3467272761600082        30.831484248982022     
   4.3626969731200083        30.687326025985382     
   4.3786666700800083        30.539905065320411     
   4.3946363670400084        30.389050592422702     
   4.4106060640000084        30.234591832727840     
   4.4265757609600085        30.076365499547840     
   4.4425454579200085        29.914415257228342     
   4.4585151548800086        29.749013078816137     
   4.4744848518400087        29.580442709689130     
   4.4904545488000087        29.408987895225220     
   4.5064242457600088        29.234932330328121     
   4.5223939427200088        29.058458341926745     
   4.5383636396800089        28.879434443224795     
   4.5543333366400089        28.697668605278153     
   4.5703030336000090        28.512968799142698     
   4.5862727305600091        28.325142995874309     
   4.6022424275200091        28.134016460880027     
   4.6182121244800092        27.939587086204856     
   4.6341818214400092        27.741951975617571     
   4.6501515184000093        27.541209416915276     
   4.6661212153600093        27.337457697895083     
   4.6820909123200094        27.130795641364696     
   4.6980606092800095        26.921354170767543     
   4.7140303062400095        26.709313965532424     
   4.7300000032000096        26.494859985172898     
   4.7459697001600096        26.278177189202523     
   4.7619393971200097        26.059450537134868     
   4.7779090940800097        25.838828339851762     
   4.7938787910400098        25.616292100839598     
   4.8098484880000099        25.391775890631312     
   4.8258181849600099        25.165213776432829     
   4.8417878819200100        24.936539825450058     
   4.8577575788800100        24.705692825853809     
   4.8737272758400101        24.472687918000496     
   4.8896969728000101        24.237602084254402     
   4.9056666697600102        24.000514085434371     
   4.9216363667200103        23.761502682359250     
   4.9376060636800103        23.520646718608063     
   4.9535757606400104        23.278041658379237     
   4.9695454576000104        23.033819604602169     
   4.9855151545600105        22.788117549566802     
   5.0014848515200105        22.541072485563081     
   5.0174545484800106        22.292821404880954     
   5.0334242454400107        22.043502099596289     
   5.0493939424000107        21.793257769569287     
   5.0653636393600108        21.542233854675743     
   5.0813333363200108        21.290575801967073     
   5.0973030332800109        21.038429058494685     
   5.1132727302400109        20.785937658198613     
   5.1292424272000110        20.533204359690718     
   5.1452121241600111        20.280285089071700     
   5.1611818211200111        20.027233242332432     
   5.1771515180800112        19.774102215463795     
   5.1931212150400112        19.520945402585802     
   5.2090909120000113        19.267810750953050     
   5.2250606089600113        19.014728802381491     
   5.2410303059200114        18.761726629422103     
   5.2570000028800115        18.508831304625858     
   5.2729696998400115        18.256069900543729     
   5.2889393968000116        18.003480717978313     
   5.3049090937600116        17.751218410899892     
   5.3208787907200117        17.499506474781210     
   5.3368484876800117        17.248569302618687     
   5.3528181846400118        16.998631287408742     
   5.3687878816000119        16.749915630012122     
   5.3847575785600119        16.502568136883760     
   5.4007272755200120        16.256611152646975     
   5.4166969724800120        16.012055981617959     
   5.4326666694400121        15.768913928112916     
   5.4486363664000121        15.527196296448036     
   5.4646060633600122        15.286914390939520     
   5.4805757603200123        15.048079515903563     
   5.4965454572800123        14.810702975656360     
   5.5125151542400124        14.574796074514111     
   5.5284848512000124        14.340370116793013     
   5.5444545481600125        14.107437997138305     
   5.5604242451200125        13.876039493250465     
   5.5763939420800126        13.646236779475869     
   5.5923636390400127        13.418092713820624     
   5.6083333360000127        13.191670154290840     
   5.6243030329600128        12.967031958892624     
   5.6402727299200128        12.744240985632084     
   5.6562424268800129        12.523360092515325     
   5.6722121238400129        12.304452137548459     
   5.6881818208000130        12.087579978737594     
   5.7041515177600131        11.872806474088833     
   5.7201212147200131        11.660194481608286     
   5.7360909116800132        11.449806859302063     
   5.7520606086400132        11.241706465176270     
   5.7680303056000133        11.035956157237015     
   5.7840000025600133        10.832618793490406     
   5.7999696995200134        10.631756349500550     
   5.8159393964800135        10.433403523678832     
   5.8319090934400135        10.237563182119432     
   5.8478787904000136        10.044236390625089     
   5.8638484873600136        9.8534242149985438     
   5.8798181843200137        9.6651277210425341     
   5.8957878812800137        9.4793479745598024     
   5.9117575782400138        9.2960860413530888     
   5.9277272752000139        9.1153429872251319     
   5.9436969721600139        8.9371198779786738     
   5.9596666691200140        8.7614177794164512     
   5.9756363660800140        8.5882377573412079     
   5.9916060630400141        8.4175808775556824     
   6.0075757600000141        8.2494482058626133     
   6.0235454569600142        8.0838408080647426     
   6.0395151539200143        7.9207597499648106     
   6.0554848508800143        7.7602059942069914     
   6.0714545478400144        7.6021732355570961     
   6.0874242448000144        7.4466432354315568     
   6.1033939417600145        7.2935966464547333     
   6.1193636387200145        7.1430141212509852     
   6.1353333356800146        6.9948763124446707     
   6.1513030326400147        6.8491638726601494     
   6.1672727296000147        6.7058574545217819     
   6.1832424265600148        6.5649377106539255     
   6.1992121235200148        6.4263852936809416     
   6.2151818204800149        6.2901808562271881     
   6.2311515174400149        6.1563050509170250     
   6.2471212144000150        6.0247385303748109     
   6.2630909113600151        5.8954619472249066     
   6.2790606083200151        5.7684559540916709     
   6.2950303052800152        5.6437012035994618     
   6.3110000022400152        5.5211783483726400     
   6.3269696992000153        5.4008680410355652     
   6.3429393961600153        5.2827509342125953     
   6.3589090931200154        5.1668076805280903     
   6.3748787900800155        5.0530189326064097     
   6.3908484870400155        4.9413653430719133     
   6.4068181840000156        4.8318270592547208     
   6.4227878809600156        4.7243805704502000     
   6.4387575779200157        4.6190007558393571     
   6.4547272748800157        4.5156624876180667     
   6.4706969718400158        4.4143406379821997     
   6.4866666688000159        4.3150100791276289     
   6.5026363657600159        4.2176456832502254     
   6.5186060627200160        4.1222223225458619     
   6.5345757596800160        4.0287148692104111     
   6.5505454566400161        3.9370981954397446     
   6.5665151536000161        3.8473471734297346     
   6.5824848505600162        3.7594366753762536     
   6.5984545475200163        3.6733415734751733     
   6.6144242444800163        3.5890367399223662     
   6.6303939414400164        3.5064970469137040     
   6.6463636384000164        3.4256973666450596     
   6.6623333353600165        3.3466122741267736     
   6.6783030323200165        3.2692130210026189     
   6.6942727292800166        3.1934687756040914     
   6.7102424262400167        3.1193486741727803     
   6.7262121232000167        3.0468218529502753     
   6.7421818201600168        2.9758574481781661     
   6.7581515171200168        2.9064245960980419     
   6.7741212140800169        2.8384924329514920     
   6.7900909110400169        2.7720300949801064     
   6.8060606080000170        2.7070067184254736     
   6.8220303049600171        2.6433914395291844     
   6.8380000019200171        2.5811533945328273     
   6.8539696988800172        2.5202617196779924     
   6.8699393958400172        2.4606855512062689     
   6.8859090928000173        2.4023940253592464     
   6.9018787897600173        2.3453562783785142     
   6.9178484867200174        2.2895418302823591     
   6.9338181836800175        2.2349273048227882     
   6.9497878806400175        2.1814955865508381     
   6.9657575776000176        2.1292297743636643     
   6.9817272745600176        2.0781129671584235     
   6.9976969715200177        2.0281282638322713     
   7.0136666684800177        1.9792587632823637     
   7.0296363654400178        1.9314875644058564     
   7.0456060624000179        1.8847977660999056     
   7.0615757593600179        1.8391724672616672     
   7.0775454563200180        1.7945947667882969     
   7.0935151532800180        1.7510477635769510     
   7.1094848502400181        1.7085145565247855     
   7.1254545472000181        1.6669782445289556     
   7.1414242441600182        1.6264219264866182     
   7.1573939411200183        1.5868287012949285     
   7.1733636380800183        1.5481816678510429     
   7.1893333350400184        1.5104639250521172     
   7.2053030320000184        1.4736585717953072     
   7.2212727289600185        1.4377487069777692     
   7.2372424259200185        1.4027174294966587     
   7.2532121228800186        1.3685478381863934     
   7.2691818198400187        1.3352221374659898     
   7.2851515168000187        1.3027193863710547     
   7.3011212137600188        1.2710179528780206     
   7.3170909107200188        1.2400962049633195     
   7.3330606076800189        1.2099325106033842     
   7.3490303046400189        1.1805052377746470     
   7.3650000016000190        1.1517927544535402     
   7.3809696985600191        1.1237734286164964     
   7.3969393955200191        1.0964256282399480     
   7.4129090924800192        1.0697277213003273     
   7.4288787894400192        1.0436580757740668     
   7.4448484864000193        1.0181950596375988     
   7.4608181833600193       0.99331704086735573     
   7.4767878803200194       0.96900238743976996     
   7.4927575772800195       0.94522946733127422     
   7.5087272742400195       0.92197664851830041     
   7.5246969712000196       0.89922426589786641     
   7.5406666681600196       0.87696284968873217     
   7.5566363651200197       0.85518622339810979     
   7.5726060620800197       0.83388821217303954     
   7.5885757590400198       0.81306264116056193     
   7.6045454560000199       0.79270333550771721     
   7.6205151529600199       0.77280412036154578     
   7.6364848499200200       0.75335882086908790     
   7.6524545468800200       0.73436126217738396     
   7.6684242438400201       0.71580526943347422     
   7.6843939408000201       0.69768466778439908     
   7.7003636377600202       0.67999328237719892     
   7.7163333347200203       0.66272493835891400     
   7.7323030316800203       0.64587346087658482     
   7.7482727286400204       0.62943267507725142     
   7.7642424256000204       0.61339640610795443     
   7.7802121225600205       0.59775834059350019     
   7.7961818195200205       0.58251109041962990     
   7.8121515164800206       0.56764676507585110     
   7.8281212134400207       0.55315747120300673     
   7.8440909104000207       0.53903531544193939     
   7.8600606073600208       0.52527240443349177     
   7.8760303043200208       0.51186084481850691     
   7.8920000012800209       0.49879274323782730     
   7.9079696982400209       0.48606020633229574     
   7.9239393952000210       0.47365534074275512     
   7.9399090921600211       0.46157025311004807     
   7.9558787891200211       0.44979705007501736     
   7.9718484860800212       0.43832783827850574     
   7.9878181830400212       0.42715472436135604     
   8.0037878800000204       0.41626981496441162     
   8.0197575769600196       0.40566521672851441     
   8.0357272739200187       0.39533303629450744     
   8.0516969708800179       0.38526538030323321     
   8.0676666678400171       0.37545435539553462     
   8.0836363648000162       0.36589206821225451     
   8.0996060617600154       0.35657062539423540     
   8.1155757587200146       0.34748214259797622     
   8.1315454556800137       0.33861956382312336     
   8.1475151526400129       0.32997731701229754     
   8.1634848496000121       0.32154998438497651     
   8.1794545465600113       0.31333214816063776     
   8.1954242435200104       0.30531839055875903     
   8.2113939404800096       0.29750329379881790     
   8.2273636374400088       0.28988144010029204     
   8.2433333344000079       0.28244741168265902     
   8.2593030313600071       0.27519579076539658     
   8.2752727283200063       0.26812115956798221     
   8.2912424252800054       0.26121810030989373     
   8.3072121222400046       0.25448119521060864     
   8.3231818192000038       0.24790502648960455     
   8.3391515161600029       0.24148417636635922     
   8.3551212131200021       0.23521322706035019     
   8.3710909100800013       0.22908676372660849     
   8.3870606070400004       0.22310067033932135     
   8.4030303039999996       0.21725416470843617     
   8.4190000009599988       0.21154699210126088     
   8.4349696979199980       0.20597889778510345     
   8.4509393948799971       0.20054962702727178     
   8.4669090918399963       0.19525892509507381     
   8.4828787887999955       0.19010653725581750     
   8.4988484857599946       0.18509220877681076     
   8.5148181827199938       0.18021568492536155     
   8.5307878796799930       0.17547671096877782     
   8.5467575766399921       0.17087503217436750     
   8.5627272735999913       0.16641039380943851     
   8.5786969705599905       0.16208254114129883     
   8.5946666675199896       0.15789121943725637     
   8.6106363644799888       0.15383617396461904     
   8.6266060614399880       0.14991714998260333     
   8.6425757583999872       0.14613302558096086     
   8.6585454553599863       0.14247942677632341     
   8.6745151523199855       0.13895121737641300     
   8.6904848492799847       0.13554326118895166     
   8.7064545462399838       0.13225042202166140     
   8.7224242431999830       0.12906756368226430     
   8.7383939401599822       0.12598954997848236     
   8.7543636371199813       0.12301124471803759     
   8.7703333340799805       0.12012751170865209     
   8.7863030310399797       0.11733321475804784     
   8.8022727279999788       0.11462321767394687     
   8.8182424249599780       0.11199238426407127     
   8.8342121219199772       0.10943557833614301     
   8.8501818188799763       0.10694766369788414     
   8.8661515158399755       0.10452350415701672     
   8.8821212127999747       0.10215796352126275     
   8.8980909097599739        9.9845905598344289E-002
   8.9140606067199730        9.7582194195983352E-002
   8.9300303036799722        9.5361693121901986E-002
   8.9460000006399714        9.3179266183822204E-002
   8.9619696975999705        9.1029777189466060E-002
   8.9779393945599697        8.8908238147068983E-002
   8.9939090915199689        8.6812824762010091E-002
   9.0098787884799680        8.4744746073761493E-002
   9.0258484854399672        8.2705333235225845E-002
   9.0418181823999664        8.0695917399305747E-002
   9.0577878793599655        7.8717829718903870E-002
   9.0737575763199647        7.6772401346922828E-002
   9.0897272732799639        7.4860963436265276E-002
   9.1056969702399631        7.2984847139833831E-002
   9.1216666671999622        7.1145383610531132E-002
   9.1376363641599614        6.9343904001259810E-002
   9.1536060611199606        6.7581739464922519E-002
   9.1695757580799597        6.5860221154421875E-002
   9.1855454550399589        6.4180680222660533E-002
   9.2015151519999581        6.2544447822541108E-002
   9.2174848489599572        6.0952855106966256E-002
   9.2334545459199564        5.9407203211987836E-002
   9.2494242428799556        5.7907532234788485E-002
   9.2653939398399547        5.6452187499603360E-002
   9.2813636367999539        5.5039395183707290E-002
   9.2973333337599531        5.3667381464375080E-002
   9.3133030307199522        5.2334372518881567E-002
   9.3292727276799514        5.1038594524501574E-002
   9.3452424246399506        4.9778273658509925E-002
   9.3612121215999498        4.8551636098181437E-002
   9.3771818185599489        4.7356908020790942E-002
   9.3931515155199481        4.6192315603613254E-002
   9.4091212124799473        4.5056085023923199E-002
   9.4250909094399464        4.3946442458995608E-002
   9.4410606063999456        4.2861614086105303E-002
   9.4570303033599448        4.1799826082527095E-002
   9.4730000003199439        4.0759304625535828E-002
   9.4889696972799431        3.9738277560017285E-002
   9.5049393942399423        3.8735159264945210E-002
   9.5209090911999414        3.7748718472188712E-002
   9.5368787881599406        3.6777763541976372E-002
   9.5528484851199398        3.5821102834536767E-002
   9.5688181820799389        3.4877544710098490E-002
   9.5847878790399381        3.3945897528890115E-002
   9.6007575759999373        3.3024969651140226E-002
   9.6167272729599365        3.2113569437077411E-002
   9.6326969699199356        3.1210505246930254E-002
   9.6486666668799348        3.0314585440927327E-002
   9.6646363638399340        2.9424618379297218E-002
   9.6806060607999331        2.8539412422268508E-002
   9.6965757577599323        2.7657775930069784E-002
   9.7125454547199315        2.6778517262929624E-002
   9.7285151516799306        2.5900444781076611E-002
   9.7444848486399298        2.5022366844739331E-002
   9.7604545455999290        2.4143091814146360E-002
   9.7764242425599281        2.3261428049526290E-002
   9.7923939395199273        2.2376183911107694E-002
   9.8083636364799265        2.1486167759119157E-002
   9.8243333334399257        2.0590187953789269E-002
   9.8403030303999248        1.9687052855346603E-002
   9.8562727273599240        1.8775570824019743E-002
   9.8722424243199232        1.7854550220037277E-002
   9.8882121212799223        1.6922799403627783E-002
   9.9041818182399215        1.5979126735019843E-002
   9.9201515151999207        1.5022340574442041E-002
   9.9361212121599198        1.4051249282122959E-002
   9.9520909091199190        1.3064661218291182E-002
   9.9680606060799182        1.2061384743175290E-002
   9.9840303030399173        1.1040228217003865E-002
