   2.0151515199999999       -19.300000000000001     
   2.0311212169599999       -19.648340945165177     
   2.0470909139200000       -19.985065766365778     
   2.0630606108800000       -20.311976226065642     
   2.0790303078400001       -20.630874086728618     
   2.0950000048000001       -20.943561110818546     
   2.1109697017600002       -21.251960568003565     
   2.1269393987200003       -21.559653815846580     
   2.1429090956800003       -21.871421420776095     
   2.1588787926400004       -22.192070649767860     
   2.1748484896000004       -22.526408769797616     
   2.1908181865600005       -22.879205162484180     
   2.2067878835200005       -23.250520469456148     
   2.2227575804800006       -23.631202458059104     
   2.2387272774400007       -24.011030870959008     
   2.2546969744000007       -24.379785450821831     
   2.2706666713600008       -24.727245940313537     
   2.2866363683200008       -25.045058687150757     
   2.3026060652800009       -25.335906729813537     
   2.3185757622400009       -25.606514798582729     
   2.3345454592000010       -25.863613692999035     
   2.3505151561600011       -26.113934212603159     
   2.3664848531200011       -26.364014861450173     
   2.3824545500800012       -26.615857662817945     
   2.3984242470400012       -26.866864087563179     
   2.4143939440000013       -27.114230495938028     
   2.4303636409600013       -27.355153248194636     
   2.4463333379200014       -27.586830714399515     
   2.4623030348800015       -27.808151751898937     
   2.4782727318400015       -28.022767552697989     
   2.4942424288000016       -28.235161862743038     
   2.5102121257600016       -28.449818427980446     
   2.5261818227200017       -28.671220994356574     
   2.5421515196800017       -28.902623256772696     
   2.5581212166400018       -29.136279937723064     
   2.5740909136000019       -29.358655826008267     
   2.5900606105600019       -29.556163948848781     
   2.6060303075200020       -29.715217333465088     
   2.6220000044800020       -29.822796061077103     
   2.6379697014400021       -29.893164802996822     
   2.6539393984000021       -29.979402098688336     
   2.6699090953600022       -30.137549568281663     
   2.6858787923200023       -30.423648831906814     
   2.7018484892800023       -30.893741509693808     
   2.7178181862400024       -31.562656964948292     
   2.7337878832000024       -32.274970960640232     
   2.7497575801600025       -32.831300712400711     
   2.7657272771200025       -33.032263382941622     
   2.7816969740800026       -32.678476134974829     
   2.7976666710400027       -31.608689874606526     
   2.8136363680000027       -30.204078382284827     
   2.8296060649600028       -29.249418959000391     
   2.8455757619200028       -29.539095989979153     
   2.8615454588800029       -31.867493860447041     
   2.8775151558400029       -37.021674403748683     
   2.8934848528000030       -44.772100440667508     
   2.9094545497600031       -52.840405700958264     
   2.9254242467200031       -58.702093196724157     
   2.9413939436800032       -59.832665940068395     
   2.9573636406400032       -53.707626943094205     
   2.9733333376000033       -38.456754277970205     
   2.9893030345600033       -16.209228826801414     
   3.0052727315200034        9.3950240467099704     
   3.0212424284800035        34.713271491334289     
   3.0372121254400035        56.102780655841961     
   3.0531818224000036        70.031910231501925     
   3.0691515193600036        75.728566011665961     
   3.0851212163200037        75.298797448454039     
   3.1010909132800037        70.983478014278049     
   3.1170606102400038        65.023481181549869     
   3.1330303072000039        59.659089929860599     
   3.1490000041600039        56.487707343152167     
   3.1649697011200040        55.238064487463390     
   3.1809393980800040        55.301259934781555     
   3.1969090950400041        56.068392257093954     
   3.2128787920000041        56.930560026387880     
   3.2288484889600042        57.329056766917788     
   3.2448181859200043        57.170605741494128     
   3.2607878828800043        56.614241329702175     
   3.2767575798400044        55.821492234739168     
   3.2927272768000044        54.953887159802363     
   3.3086969737600045        54.171423156661930     
   3.3246666707200045        53.554967176375811     
   3.3406363676800046        53.069562274270318     
   3.3566060646400047        52.671045540187251     
   3.3725757616000047        52.315254063968410     
   3.3885454585600048        51.958024935455597     
   3.4045151555200048        51.563909782038451     
   3.4204848524800049        51.134642049569592     
   3.4364545494400049        50.681869763441533     
   3.4524242464000050        50.217241041558950     
   3.4683939433600051        49.752404001826534     
   3.4843636403200051        49.298480447029924     
   3.5003333372800052        48.858783647729560     
   3.5163030342400052        48.430649783613823     
   3.5322727312000053        48.011263230106955     
   3.5482424281600053        47.597808362633195     
   3.5642121251200054        47.187475701377338     
   3.5801818220800055        46.778414202838121     
   3.5961515190400055        46.370762768632645     
   3.6121212160000056        45.964907952732311     
   3.6280909129600056        45.561236309108551     
   3.6440606099200057        45.160134391732768     
   3.6600303068800057        44.761960616788677     
   3.6760000038400058        44.366895553358162     
   3.6919697008000059        43.975050483599780     
   3.7079393977600059        43.586536533071815     
   3.7239090947200060        43.201464827332529     
   3.7398787916800060        42.819943491690928     
   3.7558484886400061        42.442002087473753     
   3.7718181856000061        42.067585903708391     
   3.7877878825600062        41.696636085748587     
   3.8037575795200063        41.329093778948092     
   3.8197272764800063        40.964900156322940     
   3.8356969734400064        40.604036548178343     
   3.8516666704000064        40.246604739227401     
   3.8676363673600065        39.892729004543803     
   3.8836060643200065        39.542533619201222     
   3.8995757612800066        39.196142858273348     
   3.9155454582400067        38.853670002879035     
   3.9315151552000067        38.515122586798434     
   3.9474848521600068        38.180449115307347     
   3.9634545491200068        37.849597451221015     
   3.9794242460800069        37.522515457354707     
   3.9953939430400069        37.199151922653058     
   4.0113636400000070        36.879507133076721     
   4.0273333369600071        36.563658938322035     
   4.0433030339200071        36.251691603281643     
   4.0592727308800072        35.943689392848228     
   4.0752424278400072        35.639736571914433     
   4.0912121248000073        35.339919957749501     
   4.1071818217600073        35.044337615191296     
   4.1231515187200074        34.753090706340160     
   4.1391212156800075        34.466280393390946     
   4.1550909126400075        34.184007838538506     
   4.1710606096000076        33.906353862328153     
   4.1870303065600076        33.633084298311516     
   4.2030000035200077        33.363716955741069     
   4.2189697004800077        33.097762935033728     
   4.2349393974400078        32.834733336606412     
   4.2509090944000079        32.574142505261754     
   4.2668787913600079        32.316076972154342     
   4.2828484883200080        32.061847304337341     
   4.2988181852800080        31.812921833843721     
   4.3147878822400081        31.570768892706468     
   4.3307575792000081        31.336856812958555     
   4.3467272761600082        31.112018062745527     
   4.3626969731200083        30.892928665686796     
   4.3786666700800083        30.674594819556507     
   4.3946363670400084        30.452018199925906     
   4.4106060640000084        30.220200482366238     
   4.4265757609600085        29.974518149841725     
   4.4425454579200085        29.720706667342998     
   4.4585151548800086        29.475929544894232     
   4.4744848518400087        29.257939559285472     
   4.4904545488000087        29.084489487306769     
   4.5064242457600088        28.973323219183506     
   4.5223939427200088        28.924337640300468     
   4.5383636396800089        28.882179098737073     
   4.5543333366400089        28.780834796945943     
   4.5703030336000090        28.554291937379688     
   4.5862727305600091        28.136537722490925     
   4.6022424275200091        27.480140928855754     
   4.6182121244800092        26.723145615691802     
   4.6341818214400092        26.110191919862327     
   4.6501515184000093        25.887192134104232     
   4.6661212153600093        26.300058551154422     
   4.6820909123200094        27.587521063641010     
   4.6980606092800095        29.557365557666074     
   4.7140303062400095        31.349414709217381     
   4.7300000032000096        32.046031993412768     
   4.7459697001600096        30.729580885370069     
   4.7619393971200097        26.482424860207125     
   4.7779090940800097        18.733983602214387     
   4.7938787910400098        8.4933140043278677     
   4.8098484880000099       -2.7813451683003443     
   4.8258181849600099       -13.631723644155777     
   4.8417878819200100       -22.599551151723951     
   4.8577575788800100       -28.304474535451313     
   4.8737272758400101       -30.626294492365137     
   4.8896969728000101       -30.465482494974580     
   4.9056666697600102       -28.751862500485849     
   4.9216363667200103       -26.415258466105172     
   4.9376060636800103       -24.383835286753790     
   4.9535757606400104       -23.252570538330705     
   4.9695454576000104       -22.881958908620163     
   4.9855151545600105       -23.034479909533815     
   5.0014848515200105       -23.472613052983299     
   5.0174545484800106       -23.958837850880261     
   5.0334242454400107       -24.279836007906347     
   5.0493939424000107       -24.385933317521523     
   5.0653636393600108       -24.295240323283252     
   5.0813333363200108       -24.026084709152546     
   5.0973030332800109       -23.596794159090425     
   5.1132727302400109       -23.027906214251441     
   5.1292424272000110       -22.404505755457517     
   5.1452121241600111       -21.884915458127647     
   5.1611818211200111       -21.631414643585153     
   5.1771515180800112       -21.806282633153348     
   5.1931212150400112       -22.571739668137322     
   5.2090909120000113       -23.917999293294734     
   5.2250606089600113       -25.285628279821967     
   5.2410303059200114       -26.005637395039713     
   5.2570000028800115       -25.409037406268677     
   5.2729696998400115       -22.826839080829554     
   5.2889393968000116       -17.680949682451224     
   5.3049090937600116       -10.335194740286221     
   5.3208787907200117       -1.7106950413467139     
   5.3368484876800117        7.2641628695402964     
   5.3528181846400118        15.660992447547802     
   5.3687878816000119        22.557970859823232     
   5.3847575785600119        27.459396733516435     
   5.4007272755200120        30.549330176936035     
   5.4166969724800120        32.072617497850857     
   5.4326666694400121        32.274105004029714     
   5.4486363664000121        31.398639003241421     
   5.4646060633600122        29.691065803254808     
   5.4805757603200123        27.396231711838677     
   5.4965454572800123        24.758983036761862     
   5.5125151542400124        22.024166085793176     
   5.5284848512000124        19.436627166701445     
   5.5444545481600125        17.232267493888767     
   5.5604242451200125        15.495779675037355     
   5.5763939420800126        14.185882331914620     
   5.5923636390400127        13.257448718469824     
   5.6083333360000127        12.665352088652231     
   5.6243030329600128        12.364465696411095     
   5.6402727299200128        12.309662795695687     
   5.6562424268800129        12.455816640455257     
   5.6722121238400129        12.757800484639077     
   5.6881818208000130        13.170487582196401     
   5.7041515177600131        13.648751187076492     
   5.7201212147200131        14.147464553228616     
   5.7360909116800132        14.621500934602029     
   5.7520606086400132        15.025733585145991     
   5.7680303056000133        15.315035758809771     
   5.7840000025600133        15.444280709542616     
   5.7999696995200134        15.369311932927316     
   5.8159393964800135        15.075964050543206     
   5.8319090934400135        14.585071196046091     
   5.8478787904000136        13.919446916702473     
   5.8638484873600136        13.101904759778861     
   5.8798181843200137        12.155258272541767     
   5.8957878812800137        11.102321002257693     
   5.9117575782400138        9.9659064961931492     
   5.9277272752000139        8.7688283016146436     
   5.9436969721600139        7.5338999657886818     
   5.9596666691200140        6.2839350359817736     
   5.9756363660800140        5.0417470594604250     
   5.9916060630400141        3.8301495834911439     
   6.0075757600000141        2.6719561553404390     
   6.0235454569600142        1.5899803222748137     
   6.0395151539200143       0.60703563156078033     
   6.0554848508800143      -0.25422177534369250     
   6.0714545478400144      -0.98222554173996712     
   6.0874242448000144       -1.5836179640450052     
   6.1033939417600145       -2.0667332031804220     
   6.1193636387200145       -2.4399054200678330     
   6.1353333356800146       -2.7114687756288527     
   6.1513030326400147       -2.8897574307850968     
   6.1672727296000147       -2.9831055464581806     
   6.1832424265600148       -2.9998472835697183     
   6.1992121235200148       -2.9483168030413274     
   6.2151818204800149       -2.8368482657946199     
   6.2311515174400149       -2.6737758327512142     
   6.2471212144000150       -2.4674336648327215     
   6.2630909113600151       -2.2261559229607610     
   6.2790606083200151       -1.9582767680569455     
   6.2950303052800152       -1.6721303610428928     
   6.3110000022400152       -1.3760508628402133     
   6.3269696992000153       -1.0783724343705292     
   6.3429393961600153      -0.78742923655544628     
   6.3589090931200154      -0.51155543031658968     
   6.3748787900800155      -0.25908517657556607     
   6.3908484870400155       -3.8352636253997360E-002
   6.4068181840000156       0.14332283855437361     
   6.4227878809600156       0.28596851812518781     
   6.4387575779200157       0.39284534954836109     
   6.4547272748800157       0.46722830852756231     
   6.4706969718400158       0.51239237076646049     
   6.4866666688000159       0.53161251196872461     
   6.5026363657600159       0.52816370783802358     
   6.5186060627200160       0.50532093407802636     
   6.5345757596800160       0.46635916639240205     
   6.5505454566400161       0.41455338048481949     
   6.5665151536000161       0.35317855205894766     
   6.5824848505600162       0.28550965681845553     
   6.5984545475200163       0.21482167046701209     
   6.6144242444800163       0.14438956870828668     
   6.6303939414400164        7.7488327245947480E-002
   6.6463636384000164        1.7392921783664295E-002
   6.6623333353600165       -3.2836327993026812E-002
   6.6783030323200165       -7.2539557873830277E-002
   6.6942727292800166      -0.10256167245939715     
   6.7102424262400167      -0.12377075477207568     
   6.7262121232000167      -0.13703488783421405     
   6.7421818201600168      -0.14322215466816052     
   6.7581515171200168      -0.14320063829626326     
   6.7741212140800169      -0.13783842174087052     
   6.7900909110400169      -0.12800358802433051     
   6.8060606080000170      -0.11456422016899141     
   6.8220303049600171       -9.8388401197201533E-002
   6.8380000019200171       -8.0344214131308947E-002
   6.8539696988800172       -6.1299741993662123E-002
   6.8699393958400172       -4.2123067806609002E-002
   6.8859090928000173       -2.3682274592497905E-002
   6.9018787897600173       -6.8454453736771391E-003
   6.9178484867200174        7.5489936315030134E-003
   6.9338181836800175        1.9211565737225073E-002
   6.9497878806400175        2.8336605002266632E-002
   6.9657575776000176        3.5135009338536187E-002
   6.9817272745600176        3.9817676657942204E-002
   6.9976969715200177        4.2595504872393178E-002
   7.0136666684800177        4.3679391893797596E-002
   7.0296363654400178        4.3280235634063934E-002
   7.0456060624000179        4.1608934005100698E-002
   7.0615757593600179        3.8876384918816329E-002
   7.0775454563200180        3.5293486287119355E-002
   7.0935151532800180        3.1071136021918230E-002
   7.1094848502400181        2.6420232035121463E-002
   7.1254545472000181        2.1551672238637506E-002
   7.1414242441600182        1.6676354544374876E-002
   7.1573939411200183        1.2005176864242051E-002
   7.1733636380800183        7.7490371101475199E-003
   7.1893333350400184        4.1188331939997387E-003
   7.2053030320000184        1.3254630277072198E-003
   7.2212727289600185       -4.2017547682158456E-004
   7.2372424259200185       -9.0718440767812087E-004
   7.2532121228800186        7.5326702969526831E-005
   7.2691818198400187        2.6321235944011421E-003
   7.2851515168000187        6.4947640310410917E-003
   7.3011212137600188        1.1312809797364713E-002
   7.3170909107200188        1.6735822677847338E-002
   7.3330606076800189        2.2413364456964301E-002
   7.3490303046400189        2.7994996919190940E-002
   7.3650000016000190        3.3130281849002588E-002
   7.3809696985600191        3.7468781030874580E-002
   7.3969393955200191        4.0660056249282255E-002
   7.4129090924800192        4.2353669288700942E-002
   7.4288787894400192        4.2199181933605966E-002
   7.4448484864000193        3.9846155968472692E-002
   7.4608181833600193        3.4944153177776438E-002
   7.4767878803200194        2.7142735345992514E-002
   7.4927575772800195        1.6091464257596298E-002
   7.5087272742400195        1.4399016970631088E-003
   7.5246969712000196       -1.6973948298181250E-002
   7.5406666681600196       -3.8335311498143336E-002
   7.5566363651200197       -6.1513897784568776E-002
   7.5726060620800197       -8.5379259934278792E-002
   7.5885757590400198      -0.10880095072409461     
   7.6045454560000199      -0.13064852293083745     
   7.6205151529600199      -0.14979152933132855     
   7.6364848499200200      -0.16509952270238915     
   7.6524545468800200      -0.17544205582084044     
   7.6684242438400201      -0.17968868146350364     
   7.6843939408000201      -0.17670895240720000     
   7.7003636377600202      -0.16537242142875078     
   7.7163333347200203      -0.14454864130497710     
   7.7323030316800203      -0.11310716481270032     
   7.7482727286400204       -6.9917544728741496E-002
   7.7642424256000204       -1.3849333829922093E-002
   7.7802121225600205        5.6022356134120363E-002
   7.7961818195200205       0.13902756288174450     
   7.8121515164800206       0.23375079721589317     
   7.8281212134400207       0.33877234268580719     
   7.8440909104000207       0.45267248284072714     
   7.8600606073600208       0.57403150122989377     
   7.8760303043200208       0.70142968140254802     
   7.8920000012800209       0.83344730690793023     
   7.9079696982400209       0.96866466129528139     
   7.9239393952000210        1.1056620281138421     
   7.9399090921600211        1.2430196909128530     
   7.9558787891200211        1.3793179332415546     
   7.9718484860800212        1.5131370386491880     
   7.9878181830400212        1.6430572906849945     
   8.0037878800000204        1.7676589728982064     
   8.0197575769600196        1.8855223688380736     
   8.0357272739200187        1.9952277620538359     
   8.0516969708800179        2.0953554360947351     
   8.0676666678400171        2.1844856745100114     
   8.0836363648000162        2.2611987608489064     
   8.0996060617600154        2.3240749786606609     
   8.1155757587200146        2.3717045511779427     
   8.1315454556800137        2.4035909428497964     
   8.1475151526400129        2.4208736525280967     
   8.1634848496000121        2.4248622679763301     
   8.1794545465600113        2.4168663769579819     
   8.1954242435200104        2.3981955672365372     
   8.2113939404800096        2.3701594265754826     
   8.2273636374400088        2.3340675427383029     
   8.2433333344000079        2.2912295034884838     
   8.2593030313600071        2.2429548965895107     
   8.2752727283200063        2.1905533098048697     
   8.2912424252800054        2.1353343308980461     
   8.3072121222400046        2.0786075476325259     
   8.3231818192000038        2.0216825477717935     
   8.3391515161600029        1.9658689190793357     
   8.3551212131200021        1.9124762493186376     
   8.3710909100800013        1.8628131832253132     
   8.3870606070400004        1.8177711281361533     
   8.4030303039999996        1.7771705178392931     
   8.4190000009599988        1.7406623437982378     
   8.4349696979199980        1.7078975974764916     
   8.4509393948799971        1.6785272703375593     
   8.4669090918399963        1.6522023538449451     
   8.4828787887999955        1.6285738394621538     
   8.4988484857599946        1.6072927186526900     
   8.5148181827199938        1.5880099828800578     
   8.5307878796799930        1.5703766236077623     
   8.5467575766399921        1.5540436322993079     
   8.5627272735999913        1.5386620004181988     
   8.5786969705599905        1.5238827194279401     
   8.5946666675199896        1.5093567807920358     
   8.6106363644799888        1.4947351759739909     
   8.6266060614399880        1.4796688971185428     
   8.6425757583999872        1.4638819444764573     
   8.6585454553599863        1.4473721144926557     
   8.6745151523199855        1.4302013749547491     
   8.6904848492799847        1.4124316936503489     
   8.7064545462399838        1.3941250383670660     
   8.7224242431999830        1.3753433768925121     
   8.7383939401599822        1.3561486770142979     
   8.7543636371199813        1.3366029065200349     
   8.7703333340799805        1.3167680331973344     
   8.7863030310399797        1.2967060248338074     
   8.8022727279999788        1.2764788492170651     
   8.8182424249599780        1.2561484741347189     
   8.8342121219199772        1.2357768673743799     
   8.8501818188799763        1.2154259967236594     
   8.8661515158399755        1.1951578299701686     
   8.8821212127999747        1.1750343349015187     
   8.8980909097599739        1.1551174793053207     
   8.9140606067199730        1.1354692309691863     
   8.9300303036799722        1.1161515576807264     
   8.9460000006399714        1.0972264272275520     
   8.9619696975999705        1.0787558073972749     
   8.9779393945599697        1.0607995475851941     
   8.9939090915199689        1.0433722749970811     
   9.0098787884799680        1.0264452580710917     
   9.0258484854399672        1.0099880197443276     
   9.0418181823999664       0.99397008295389089     
   9.0577878793599655       0.97836097063688354     
   9.0737575763199647       0.96313020573040742     
   9.0897272732799639       0.94824731117156436     
   9.1056969702399631       0.93368180989745642     
   9.1216666671999622       0.91940322484518544     
   9.1376363641599614       0.90538107895185338     
   9.1536060611199606       0.89158489515456218     
   9.1695757580799597       0.87798419639041358     
   9.1855454550399589       0.86454850559650975     
   9.2015151519999581       0.85124734570995242     
   9.2174848489599572       0.83805023966784364     
   9.2334545459199564       0.82492706594219933     
   9.2494242428799556       0.81186263939358927     
   9.2653939398399547       0.79886184863912735     
   9.2813636367999539       0.78593099353339024     
   9.2973333337599531       0.77307637393095463     
   9.3133030307199522       0.76030428968639741     
   9.3292727276799514       0.74762104065429513     
   9.3452424246399506       0.73503292668922471     
   9.3612121215999498       0.72254624764576270     
   9.3771818185599489       0.71016730337848588     
   9.3931515155199481       0.69790239374197105     
   9.4091212124799473       0.68575781859079488     
   9.4250909094399464       0.67373987777953426     
   9.4410606063999456       0.66185487116276565     
   9.4570303033599448       0.65010909859506594     
   9.4730000003199439       0.63850885993101181     
   9.4889696972799431       0.62706043527314359     
   9.5049393942399423       0.61576789531897591     
   9.5209090911999414       0.60463111362931299     
   9.5368787881599406       0.59364949438642645     
   9.5528484851199398       0.58282244177258746     
   9.5688181820799389       0.57214935997006733     
   9.5847878790399381       0.56162965316113755     
   9.6007575759999373       0.55126272552806932     
   9.6167272729599365       0.54104798125313402     
   9.6326969699199356       0.53098482451860307     
   9.6486666668799348       0.52107265950674753     
   9.6646363638399340       0.51131089039983901     
   9.6806060607999331       0.50169892138014882     
   9.6965757577599323       0.49223615662994813     
   9.7125454547199315       0.48292200033150845     
   9.7285151516799306       0.47375585666710096     
   9.7444848486399298       0.46473712981899717     
   9.7604545455999290       0.45586522396946827     
   9.7764242425599281       0.44713954330078565     
   9.7923939395199273       0.43855949199522060     
   9.8083636364799265       0.43012447423504452     
   9.8243333334399257       0.42183389420252870     
   9.8403030303999248       0.41368715607994455     
   9.8562727273599240       0.40568366404956324     
   9.8722424243199232       0.39782282229365629     
   9.8882121212799223       0.39010403499449497     
   9.9041818182399215       0.38252670633435060     
   9.9201515151999207       0.37509024049549444     
   9.9361212121599198       0.36779404166019797     
   9.9520909091199190       0.36063751401073241     
   9.9680606060799182       0.35362006172936922     
   9.9840303030399173       0.34674108899837958     
