   2.0151515199999999        0.0000000000000000     
   2.0311212169599999       0.21713746186112842     
   2.0470909139200000       0.33504256190010134     
   2.0630606108800000       0.35371530011691887     
   2.0790303078400001       0.27315567651158085     
   2.0950000048000001        9.3363691084087444E-002
   2.1109697017600002      -0.18118350126445007     
   2.1269393987200003      -0.48491346829961834     
   2.1429090956800003      -0.70806673652338592     
   2.1588787926400004      -0.73990000200037631     
   2.1748484896000004      -0.46966996079521317     
   2.1908181865600005       0.21197073584558007     
   2.2067878835200005        1.2408673102191436     
   2.2227575804800006        2.2133998023874399     
   2.2387272774400007        2.6865949321172686     
   2.2546969744000007        2.2174794191754299     
   2.2706666713600008       0.36307998332872288     
   2.2866363683200008       -3.1937819921105803     
   2.3026060652800009       -8.0264980003874573     
   2.3185757622400009       -13.436080940220435     
   2.3345454592000010       -18.723134689415520     
   2.3505151561600011       -23.188263125778729     
   2.3664848531200011       -26.155049740667899     
   2.3824545500800012       -27.489194626916451     
   2.3984242470400012       -27.606171141248563     
   2.4143939440000013       -26.945963680846699     
   2.4303636409600013       -25.948556642893326     
   2.4463333379200014       -25.053782320761968     
   2.4623030348800015       -24.573536040547644     
   2.4782727318400015       -24.459297134264155     
   2.4942424288000016       -24.599536813356845     
   2.5102121257600016       -24.882726289271066     
   2.5261818227200017       -25.197336773452157     
   2.5421515196800017       -25.439611892441935     
   2.5581212166400018       -25.575295298429669     
   2.5740909136000019       -25.606715928603638     
   2.5900606105600019       -25.536529789901213     
   2.6060303075200020       -25.367392889259747     
   2.6220000044800020       -25.102720493638831     
   2.6379697014400021       -24.782460719603378     
   2.6539393984000021       -24.498531722594304     
   2.6699090953600022       -24.346819090950419     
   2.6858787923200023       -24.423208413010535     
   2.7018484892800023       -24.823585277113459     
   2.7178181862400024       -25.563809316962441     
   2.7337878832000024       -26.329141748535907     
   2.7497575801600025       -26.719485086633252     
   2.7657272771200025       -26.334741743295339     
   2.7816969740800026       -24.774814130563030     
   2.7976666710400027       -21.680051366279788     
   2.8136363680000027       -17.266125535988806     
   2.8296060649600028       -12.176792396104076     
   2.8455757619200028       -7.0659974949429802     
   2.8615454588800029       -2.5876863808228983     
   2.8775151558400029       0.60656737438115338     
   2.8934848528000030        2.1944946473261560     
   2.9094545497600031        2.5174985449398393     
   2.9254242467200031        1.9967106995975670     
   2.9413939436800032        1.0532627436747064     
   2.9573636406400032       0.10828630954662062     
   2.9733333376000033      -0.47373567047903870     
   2.9893030345600033      -0.67459812803668229     
   3.0052727315200034      -0.60689986646628868     
   3.0212424284800035      -0.38348276809493043     
   3.0372121254400035      -0.11718871524968073     
   3.0531818224000036        8.1841938392970714E-002
   3.0691515193600036       0.17057561786568001     
   3.0851212163200037       0.17596956280119372     
   3.1010909132800037       0.12825966884344825     
   3.1170606102400038        5.7681831636380833E-002
   3.1330303072000039       -5.5359969841050159E-003
   3.1490000041600039       -3.9814428380342520E-002
   3.1649697011200040       -4.8713027789240401E-002
   3.1809393980800040       -4.0333477851510709E-002
   3.1969090950400041       -2.2777461207865442E-002
   3.2128787920000041       -4.1466604990167766E-003
   3.2288484889600042        8.1265155171878160E-003
   3.2448181859200043        1.2815460743415058E-002
   3.2607878828800043        1.2057756778237059E-002
   3.2767575798400044        8.0242432586044628E-003
   3.2927272768000044        2.8857598214679149E-003
   3.3086969737600045       -1.2073500766738362E-003
   3.3246666707200045       -3.1636424095077779E-003
   3.3406363676800046       -3.4415998674602213E-003
   3.3566060646400047       -2.6228970934269653E-003
   3.3725757616000047       -1.2892087303038016E-003
   3.3885454585600048       -2.2209420986526872E-005
   3.4045151555200048        7.1158742820199715E-004
   3.4204848524800049        9.3702026624013844E-004
   3.4364545494400049        8.0994714396659992E-004
   3.4524242464000050        4.8622733475388476E-004
   3.4683939433600051        1.2172011197449488E-004
   3.4843636403200051       -1.3490642254733768E-004
   3.5003333372800052       -2.4167404295362291E-004
   3.5163030342400052       -2.3827097047172092E-004
   3.5322727312000053       -1.6645956493074697E-004
   3.5482424281600053       -6.8002186159816299E-005
   3.5642121251200054        1.5440418317044196E-005
   3.5801818220800055        5.8056600779688308E-005
   3.5961515190400055        6.6941270078357907E-005
   3.6121212160000056        5.3284616954497778E-005
   3.6280909129600056        2.8276832149552772E-005
   3.6440606099200057        3.1081064049676948E-006
   3.6600303068800057       -1.2480877358572939E-005
   3.6760000038400058       -1.7911164483807019E-005
   3.6919697008000059       -1.6173090772769498E-005
   3.7079393977600059       -1.0265059234298983E-005
   3.7239090947200060       -3.1854728772341119E-006
   3.7398787916800060        2.1343696642178847E-006
   3.7558484886400061        4.5203527218626013E-006
   3.7718181856000061        4.6832173345314995E-006
   3.7877878825600062        3.4263830500055375E-006
   3.8037575795200063        1.5532694160656870E-006
   3.8197272764800063       -1.3285789636970090E-007
   3.8356969734400064       -1.0521160604090704E-006
   3.8516666704000064       -1.2946736581751743E-006
   3.8676363673600065       -1.0758063398270287E-006
   3.8836060643200065       -6.1078975552364735E-007
   3.8995757612800066       -1.1489955542404777E-007
   3.9155454582400067        2.1359930051213225E-007
   3.9315151552000067        3.4006224590261041E-007
   3.9474848521600068        3.2117814403257039E-007
   3.9634545491200068        2.1462992239071202E-007
   3.9794242460800069        7.8100508465735078E-008
   3.9953939430400069       -3.1223762376429064E-008
   4.0113636400000070       -8.3769340692566976E-008
   4.0273333369600071       -9.1552481548953870E-008
   4.0433030339200071       -7.0029278992111242E-008
   4.0592727308800072       -3.4655827068560829E-008
   4.0752424278400072       -8.8821982482384135E-010
   4.0912121248000073        1.8777702813241149E-008
   4.1071818217600073        2.4891065301060188E-008
   4.1231515187200074        2.1593206519998075E-008
   4.1391212156800075        1.3025574990886659E-008
   4.1550909126400075        3.3296192345578301E-009
   4.1710606096000076       -3.5342389928800674E-009
   4.1870303065600076       -6.4087466876246518E-009
   4.2030000035200077       -6.3438974279490904E-009
   4.2189697004800077       -4.4493888388746661E-009
   4.2349393974400078       -1.8349185454226646E-009
   4.2509090944000079        3.9214819380164774E-010
   4.2668787913600079        1.5357869249235735E-009
   4.2828484883200080        1.7799241223199045E-009
   4.2988181852800080        1.4219024114796357E-009
   4.3147878822400081        7.5906441789175992E-010
   4.3307575792000081        8.8752767045274689E-011
   4.3467272761600082       -3.2876169049968108E-010
   4.3626969731200083       -4.7553477034517871E-010
   4.3786666700800083       -4.3097552536444814E-010
   4.3946363670400084       -2.7475665933384426E-010
   4.4106060640000084       -8.6550876029720951E-011
   4.4265757609600085        5.5633365286897104E-011
   4.4425454579200085        1.1978424081194463E-010
   4.4585151548800086        1.2463348629719560E-010
   4.4744848518400087        9.1529338666811952E-011
   4.4904545488000087        4.1820034844955597E-011
   4.5064242457600088       -3.1490598988899707E-012
   4.5223939427200088       -2.7799762196962524E-011
   4.5383636396800089       -3.4407859230289279E-011
   4.5543333366400089       -2.8693594675302682E-011
   4.5703030336000090       -1.6377212208435235E-011
   4.5862727305600091       -3.1789555061193697E-012
   4.6022424275200091        5.6129962311936940E-012
   4.6182121244800092        9.0231921149530611E-012
   4.6341818214400092        8.5547860359212930E-012
   4.6501515184000093        5.7405124444659262E-012
   4.6661212153600093        2.1131057909544808E-012
   4.6820909123200094       -8.0669595244306135E-013
   4.6980606092800095       -2.2179435054085060E-012
   4.7140303062400095       -2.4353600599921207E-012
   4.7300000032000096       -1.8696406338240652E-012
   4.7459697001600096       -9.3148024453449612E-013
   4.7619393971200097       -3.1573909753571889E-014
   4.7779090940800097        4.9544954748003406E-013
   4.7938787910400098        6.6117897181684111E-013
   4.8098484880000099        5.7565283881992893E-013
   4.8258181849600099        3.4891652947296453E-013
   4.8417878819200100        9.1015424759613808E-014
   4.8577575788800100       -9.2557648044203467E-014
   4.8737272758400101       -1.6993833241832693E-013
   4.8896969728000101       -1.6889818708414354E-013
   4.9056666697600102       -1.1892378243141763E-013
   4.9216363667200103       -4.9501688849913188E-014
   4.9376060636800103        9.9346593563334870E-015
   4.9535757606400104        4.0623078810773583E-014
   4.9695454576000104        4.7325244199698052E-014
   4.9855151545600105        3.7942038926907568E-014
   5.0014848515200105        2.0374346396202732E-014
   5.0174545484800106        2.5230500113842172E-015
   5.0334242454400107       -8.6586146684060936E-015
   5.0493939424000107       -1.2624970667485468E-014
   5.0653636393600108       -1.1484483671585316E-014
   5.0813333363200108       -7.3541215975107094E-015
   5.0973030332800109       -2.3508523620666916E-015
   5.1132727302400109        1.4495585657022804E-015
   5.1292424272000110        3.1748209451545919E-015
   5.1452121241600111        3.3181519606587006E-015
   5.1611818211200111        2.4465398514081078E-015
   5.1771515180800112        1.1269728565963142E-015
   5.1931212150400112       -7.3611812442594551E-017
   5.2090909120000113       -7.3684043155205679E-016
   5.2250606089600113       -9.1907335981289299E-016
   5.2410303059200114       -7.7129530700681007E-016
   5.2570000028800115       -4.4449098291551648E-016
   5.2729696998400115       -8.9645097320718400E-017
   5.2889393968000116        1.5295184823243291E-016
   5.3049090937600116        2.5382847582070165E-016
   5.3208787907200117        2.4908063807760763E-016
   5.3368484876800117        1.7565902286287464E-016
   5.3528181846400118        7.0514318036226497E-017
   5.3687878816000119       -2.9628675735965081E-017
   5.3847575785600119       -1.0270993604119323E-016
   5.4007272755200120       -1.5006312588860181E-016
   5.4166969724800120       -1.7511383798262357E-016
   5.4326666694400121       -1.8128766502769127E-016
   5.4486363664000121       -1.7201019972823771E-016
   5.4646060633600122       -1.5070703478869565E-016
   5.4805757603200123       -1.2080376291349784E-016
   5.4965454572800123       -8.5725976807077214E-017
   5.5125151542400124       -4.8899269173866291E-017
   5.5284848512000124       -1.3749232718297922E-017
   5.5444545481600125        1.6420128993121235E-017
   5.5604242451200125        4.0360165354933751E-017
   5.5763939420800126        5.8534568799434402E-017
   5.5923636390400127        7.1459301191874334E-017
   5.6083333360000127        7.9650324397504649E-017
   5.6243030329600128        8.3623600281576464E-017
   5.6402727299200128        8.3895090709340905E-017
   5.6562424268800129        8.0980757546049051E-017
   5.6722121238400129        7.5396562656952128E-017
   5.6881818208000130        6.7658467907301129E-017
   5.7041515177600131        5.8282435162347279E-017
   5.7201212147200131        4.7784426287341570E-017
   5.7360909116800132        3.6680403147535223E-017
   5.7520606086400132        2.5486327608179369E-017
   5.7680303056000133        1.4718161534525036E-017
   5.7840000025600133        4.8918667918234775E-018
   5.7999696995200134       -3.4858720464756007E-018
   5.8159393964800135       -1.0195140648180298E-017
   5.8319090934400135       -1.5350684290851775E-017
   5.8478787904000136       -1.9086175081232555E-017
   5.8638484873600136       -2.1535285126065158E-017
   5.8798181843200137       -2.2831686532092088E-017
   5.8957878812800137       -2.3109051406055875E-017
   5.9117575782400138       -2.2501051854699029E-017
   5.9277272752000139       -2.1141359984764081E-017
   5.9436969721600139       -1.9163647902993528E-017
   5.9596666691200140       -1.6701587716129901E-017
   5.9756363660800140       -1.3888851530915710E-017
   5.9916060630400141       -1.0859111454093482E-017
   6.0075757600000141       -7.7460395924057445E-018
   6.0235454569600142       -4.6833080525949723E-018
   6.0395151539200143       -1.8045889414037270E-018
   6.0554848508800143        7.5724658416752818E-019
   6.0714545478400144        2.9257570524290887E-018
   6.0874242448000144        4.7171545992722544E-018
   6.1033939417600145        6.1562603087020896E-018
   6.1193636387200145        7.2678952647236598E-018
   6.1353333356800146        8.0768805513420321E-018
   6.1513030326400147        8.6080372525622725E-018
   6.1672727296000147        8.8861864523894443E-018
   6.1832424265600148        8.9361492348286155E-018
   6.1992121235200148        8.7827466838848497E-018
   6.2151818204800149        8.4507998835632134E-018
   6.2311515174400149        7.9651299178687746E-018
   6.2471212144000150        7.3505578708065937E-018
   6.2630909113600151        6.6319048263817381E-018
   6.2790606083200151        5.8339918685992780E-018
   6.2950303052800152        4.9816400814642746E-018
   6.3110000022400152        4.0996705489817999E-018
   6.3269696992000153        3.2129043551569054E-018
   6.3429393961600153        2.3461625839946710E-018
   6.3589090931200154        1.5242663195001554E-018
   6.3748787900800155        7.7203664567843146E-019
   6.3908484870400155        1.1429464653454933E-019
   6.4068181840000156       -4.2715961699720964E-019
   6.4227878809600156       -8.5239652407036524E-019
   6.4387575779200157       -1.1711129095719237E-018
   6.4547272748800157       -1.3930473707037655E-018
   6.4706969718400158       -1.5279385046677715E-018
   6.4866666688000159       -1.5855249086658226E-018
   6.5026363657600159       -1.5755451798997990E-018
   6.5186060627200160       -1.5077379155715827E-018
   6.5345757596800160       -1.3918417128830521E-018
   6.5505454566400161       -1.2375951690360904E-018
   6.5665151536000161       -1.0547368812325764E-018
   6.5824848505600162       -8.5300544667439209E-019
   6.5984545475200163       -6.4213946256341678E-019
   6.6144242444800163       -4.3187752610153376E-019
   6.6303939414400164       -2.3195823449061973E-019
   6.6463636384000164       -5.2120184932559612E-020
   6.6623333353600165        9.8533311702472008E-020
   6.6783030323200165        2.1800322499521340E-019
   6.6942727292800166        3.0874397086481639E-019
   6.7102424262400167        3.7327856304857528E-019
   6.7262121232000167        4.1413001528378418E-019
   6.7421818201600168        4.3382134130773727E-019
   6.7581515171200168        4.3487555485772902E-019
   6.7741212140800169        4.1981566967105355E-019
   6.7900909110400169        3.9116469948500498E-019
   6.8060606080000170        3.5144565803687782E-019
   6.8220303049600171        3.0318155906396591E-019
   6.8380000019200171        2.4889541630356405E-019
   6.8539696988800172        1.9111024349296617E-019
   6.8699393958400172        1.3234905436946590E-019
   6.8859090928000173        7.5134862670358776E-020
   6.9018787897600173        2.1990682132938400E-020
   6.9178484867200174       -2.4642697771856937E-020
   6.9338181836800175       -6.3846464539370422E-020
   6.9497878806400175       -9.6043183634461714E-020
   6.9657575776000176       -1.2170134423891471E-019
   6.9817272745600176       -1.4128943553451326E-019
   6.9976969715200177       -1.5527594670304127E-019
   7.0136666684800177       -1.6412936692628257E-019
   7.0296363654400178       -1.6831818538602111E-019
   7.0456060624000179       -1.6831089126404075E-019
   7.0615757593600179       -1.6457597374212528E-019
   7.0775454563200180       -1.5758192200205872E-019
   7.0935151532800180       -1.4779722522562484E-019
   7.1094848502400181       -1.3569037259460761E-019
   7.1254545472000181       -1.2172985329079089E-019
   7.1414242441600182       -1.0638415649595850E-019
   7.1573939411200183       -9.0121771391894303E-020
   7.1733636380800183       -7.3411187160382268E-020
   7.1893333350400184       -5.6720892983206077E-020
   7.2053030320000184       -4.0519378042149918E-020
   7.2212727289600185       -2.5275131518997576E-020
   7.2372424259200185       -1.1456642595532561E-020
   7.2532121228800186        4.6760819686452777E-022
   7.2691818198400187        1.0152462777960901E-020
   7.2851515168000187        1.7686450134379853E-020
   7.3011212137600188        2.3253382843755588E-020
   7.3170909107200188        2.7037073483722313E-020
   7.3330606076800189        2.9221334631914242E-020
   7.3490303046400189        2.9989978865965577E-020
   7.3650000016000190        2.9526818763510520E-020
   7.3809696985600191        2.8015666902183283E-020
   7.3969393955200191        2.5640335859618062E-020
   7.4129090924800192        2.2584638213449089E-020
   7.4288787894400192        1.9032386541310549E-020
   7.4448484864000193        1.5167393420836644E-020
   7.4608181833600193        1.1173471429661596E-020
   7.4767878803200194        7.2344331454196137E-021
   7.4927575772800195        3.5340911457448846E-021
   7.5087272742400195        2.5625800827163648E-022
   7.5246969712000196       -2.4447035455046802E-021
   7.5406666681600196       -4.5670809625161142E-021
   7.5566363651200197       -6.1584706815650889E-021
   7.5726060620800197       -7.2664936938956990E-021
   7.5885757590400198       -7.9387709907520452E-021
   7.6045454560000199       -8.2229235633782260E-021
   7.6205151529600199       -8.1665724030183337E-021
   7.6364848499200200       -7.8173385009164654E-021
   7.6524545468800200       -7.2228428483167299E-021
   7.6684242438400201       -6.4307064364632084E-021
   7.6843939408000201       -5.4885502566000168E-021
   7.7003636377600202       -4.4439952999712322E-021
   7.7163333347200203       -3.3446625578209645E-021
   7.7323030316800203       -2.2381730213933167E-021
   7.7482727286400204       -1.1721476819323653E-021
   7.7642424256000204       -1.9420753068222947E-022
   7.7802121225600205        6.5257775321519700E-022
   7.7961818195200205        1.3604503158720594E-021
   7.8121515164800206        1.9381591268495215E-021
   7.8281212134400207        2.3945467519681078E-021
   7.8440909104000207        2.7384557570483434E-021
   7.8600606073600208        2.9787287079107535E-021
   7.8760303043200208        3.1242081703758639E-021
   7.8920000012800209        3.1837367102641981E-021
   7.9079696982400209        3.1661568933962813E-021
   7.9239393952000210        3.0803112855926396E-021
   7.9399090921600211        2.9350424526737970E-021
   7.9558787891200211        2.7391929604602805E-021
   7.9718484860800212        2.5016053747726109E-021
   7.9878181830400212        2.2311222614313165E-021
   8.0037878800000204        1.9365861862569380E-021
   8.0197575769600196        1.6268397150699863E-021
   8.0357272739200187        1.3107254136909824E-021
   8.0516969708800179        9.9708584794045132E-022
   8.0676666678400171        6.9476358363891631E-022
   8.0836363648000162        4.1260118660690305E-022
   8.0996060617600154        1.5944122266493125E-022
   8.1155757587200146       -5.5918580505174859E-023
   8.1315454556800137       -2.2880014718303961E-022
   8.1475151526400129       -3.6190559016339955E-022
   8.1634848496000121       -4.5870429720161370E-022
   8.1794545465600113       -5.2266565605304081E-022
   8.1954242435200104       -5.5725905447303993E-022
   8.2113939404800096       -5.6595388021696981E-022
   8.2273636374400088       -5.5221952104018986E-022
   8.2433333344000079       -5.1952536469805847E-022
   8.2593030313600071       -4.7134079894593469E-022
   8.2752727283200063       -4.1113521153917768E-022
   8.2912424252800054       -3.4237799023314583E-022
   8.3072121222400046       -2.6853852278319927E-022
   8.3231818192000038       -1.9308619694469513E-022
   8.3391515161600029       -1.1949040047299450E-022
   8.3551212131200021       -5.1220521123454032E-023
   8.3710909100800013        8.2565369640284549E-024
   8.3870606070400004        5.6572731398220088E-023
   8.4030303039999996        9.4180600756321890E-023
   8.4190000009599988        1.2197893721041058E-022
   8.4349696979199980        1.4086653293256290E-022
   8.4509393948799971        1.5174218009485552E-022
   8.4669090918399963        1.5550467086936517E-022
   8.4828787887999955        1.5305279742816858E-022
   8.4988484857599946        1.4528535194334250E-022
   8.5148181827199938        1.3310112658696355E-022
   8.5307878796799930        1.1739891353110853E-022
   8.5467575766399921        9.9077504947854121E-023
   8.5627272735999913        7.9035693009276979E-023
   8.5786969705599905        5.8172269887453972E-023
   8.5946666675199896        3.7386027754461655E-023
   8.6106363644799888        1.7575758782376824E-023
   8.6266060614399880       -3.5974662305490967E-025
   8.6425757583999872       -1.5710996717442116E-023
   8.6585454553599863       -2.8478410694464244E-023
   8.6745151523199855       -3.8828794056518257E-023
   8.6904848492799847       -4.6928952306001113E-023
   8.7064545462399838       -5.2945690945309781E-023
   8.7224242431999830       -5.7045815476841214E-023
   8.7383939401599822       -5.9396131402992378E-023
   8.7543636371199813       -6.0163444226160218E-023
   8.7703333340799805       -5.9514559448741723E-023
   8.7863030310399797       -5.7616282573133870E-023
   8.8022727279999788       -5.4635419101733556E-023
   8.8182424249599780       -5.0738774536937823E-023
   8.8342121219199772       -4.6093154381143562E-023
   8.8501818188799763       -4.0865364136747751E-023
   8.8661515158399755       -3.5222209306147380E-023
   8.8821212127999747       -2.9330495391739373E-023
   8.8980909097599739       -2.3357027895920809E-023
   8.9140606067199730       -1.7468612321088437E-023
   8.9300303036799722       -1.1832054169639376E-023
   8.9460000006399714       -6.6141589439705910E-024
   8.9619696975999705       -1.9817321464789892E-024
   8.9779393945599697        1.9037319697200299E-024
   8.9939090915199689        4.9941205683146994E-024
   9.0098787884799680        7.3500302442335270E-024
   9.0258484854399672        9.0364339258952179E-024
   9.0418181823999664        1.0118304541718468E-023
   9.0577878793599655        1.0660615020121988E-023
   9.0737575763199647        1.0728338289524473E-023
   9.0897272732799639        1.0386447278344625E-023
   9.1056969702399631        9.6999149150011501E-024
   9.1216666671999622        8.7337141279127486E-024
   9.1376363641599614        7.5528178454981209E-024
   9.1536060611199606        6.2221989961759791E-024
   9.1695757580799597        4.8068305083650129E-024
   9.1855454550399589        3.3716853104839219E-024
   9.2015151519999581        1.9817363309514246E-024
   9.2174848489599572        7.0195649818620095E-025
   9.2334545459199564       -4.0345432438387333E-025
   9.2494242428799556       -1.3027735311840825E-024
   9.2653939398399547       -2.0079263211282069E-024
   9.2813636367999539       -2.5339064476745504E-024
   9.2973333337599531       -2.8957076642814157E-024
   9.3133030307199522       -3.1083237244071068E-024
   9.3292727276799514       -3.1867483815099284E-024
   9.3452424246399506       -3.1459753890481813E-024
   9.3612121215999498       -3.0009985004801712E-024
   9.3771818185599489       -2.7668114692642015E-024
   9.3931515155199481       -2.4584080488585753E-024
   9.4091212124799473       -2.0907819927215948E-024
   9.4250909094399464       -1.6789270543115669E-024
   9.4410606063999456       -1.2378369870867901E-024
   9.4570303033599448       -7.8250554450557040E-025
   9.4730000003199439       -3.2792648002621405E-025
   9.4889696972799431        1.1094940115818517E-025
   9.5049393942399423        5.2397536121490699E-025
   9.5209090911999414        9.1013079683015492E-025
   9.5368787881599406        1.2694157080039291E-024
   9.5528484851199398        1.6018300947362293E-024
   9.5688181820799389        1.9073739570270561E-024
   9.5847878790399381        2.1860472948764085E-024
   9.6007575759999373        2.4378501082842872E-024
   9.6167272729599365        2.6627823972506924E-024
   9.6326969699199356        2.8608441617756236E-024
   9.6486666668799348        3.0320354018590805E-024
   9.6646363638399340        3.1763561175010645E-024
   9.6806060607999331        3.2938063087015746E-024
   9.6965757577599323        3.3843859754606099E-024
   9.7125454547199315        3.4480951177781721E-024
   9.7285151516799306        3.4849337356542610E-024
   9.7444848486399298        3.4949018290888749E-024
   9.7604545455999290        3.4779993980820154E-024
   9.7764242425599281        3.4342264426336826E-024
   9.7923939395199273        3.3635829627438756E-024
   9.8083636364799265        3.2660689584125951E-024
   9.8243333334399257        3.1416844296398402E-024
   9.8403030303999248        2.9904293764256111E-024
   9.8562727273599240        2.8123037987699097E-024
   9.8722424243199232        2.6073076966727331E-024
   9.8882121212799223        2.3754410701340837E-024
   9.9041818182399215        2.1167039191539595E-024
   9.9201515151999207        1.8310962437323616E-024
   9.9361212121599198        1.5186180438692909E-024
   9.9520909091199190        1.1792693195647452E-024
   9.9680606060799182        8.1305007081872700E-025
   9.9840303030399173        4.1996029763123355E-025
