   2.0151515199999999        9.8699999999999992     
   2.0311212169599999        10.131575331512964     
   2.0470909139200000        10.381269847923898     
   2.0630606108800000        10.622365328343543     
   2.0790303078400001        10.858143551882637     
   2.0950000048000001        11.091886297651925     
   2.1109697017600002        11.327013133696861     
   2.1269393987200003        11.568823896529279     
   2.1429090956800003        11.823978323195677     
   2.1588787926400004        12.099166429111490     
   2.1748484896000004        12.401078229692157     
   2.1908181865600005        12.736360778431610     
   2.2067878835200005        13.106321426780259     
   2.2227575804800006        13.501820144566697     
   2.2387272774400007        13.912505763698087     
   2.2546969744000007        14.328027116081596     
   2.2706666713600008        14.738033033624392     
   2.2866363683200008        15.132543216669861     
   2.3026060652800009        15.503770202360521     
   2.3185757622400009        15.844729555730266     
   2.3345454592000010        16.148438047690423     
   2.3505151561600011        16.407912449152320     
   2.3664848531200011        16.617425129142568     
   2.3824545500800012        16.800869519789682     
   2.3984242470400012        17.012178473703155     
   2.4143939440000013        17.306624118242848     
   2.4303636409600013        17.739478580768619     
   2.4463333379200014        18.365941612746049     
   2.4623030348800015        19.180336433468799     
   2.4782727318400015        20.005488716793216     
   2.4942424288000016        20.634242842189270     
   2.5102121257600016        20.859443189126932     
   2.5261818227200017        20.473934137076171     
   2.5421515196800017        19.342295213822233     
   2.5581212166400018        17.970553243243280     
   2.5740909136000019        17.202397257551567     
   2.5900606105600019        17.884534964193335     
   2.6060303075200020        20.863674070614810     
   2.6220000044800020        26.968412328788691     
   2.6379697014400021        36.155961851628604     
   2.6539393984000021        47.143939537683295     
   2.6699090953600022        58.555330629649106     
   2.6858787923200023        69.013120370222424     
   2.7018484892800023        77.140294002099608     
   2.7178181862400024        81.922938299255151     
   2.7337878832000024        83.847163275132033     
   2.7497575801600025        83.786376729837130     
   2.7657272771200025        82.613986929723310     
   2.7816969740800026        81.203402141143414     
   2.7976666710400027        80.384082817560127     
   2.8136363680000027        80.360365916364174     
   2.8296060649600028        80.871449375699427     
   2.8455757619200028        81.645459303283189     
   2.8615454588800029        82.410521806832776     
   2.8775151558400029        82.894386196167616     
   2.8934848528000030        82.772490458892918     
   2.9094545497600031        81.614845607554372     
   2.9254242467200031        78.978797461127002     
   2.9413939436800032        74.421691838585772     
   2.9573636406400032        67.500874558905693     
   2.9733333376000033        57.963527918429051     
   2.9893030345600033        46.717252189593921     
   3.0052727315200034        35.107986851226315     
   3.0212424284800035        24.482485968516542     
   3.0372121254400035        16.187503606654950     
   3.0531818224000036        11.523419427365226     
   3.0691515193600036        10.638659056817733     
   3.0851212163200037        12.480186765398017     
   3.1010909132800037        15.938685459731756     
   3.1170606102400038        19.904838046444631     
   3.1330303072000039        23.269631740418955     
   3.1490000041600039        25.255359495362317     
   3.1649697011200040        26.047327368523767     
   3.1809393980800040        26.004839054425197     
   3.1969090950400041        25.487198247588505     
   3.2128787920000041        24.853708642535576     
   3.2288484889600042        24.434673394044822     
   3.2448181859200043        24.291489860173307     
   3.2607878828800043        24.339780610094849     
   3.2767575798400044        24.493727097337676     
   3.2927272768000044        24.667510775429999     
   3.3086969737600045        24.776146142790672     
   3.3246666707200045        24.777685509789453     
   3.3406363676800046        24.693176267038073     
   3.3566060646400047        24.548672807638876     
   3.3725757616000047        24.370229524694203     
   3.3885454585600048        24.183900811306405     
   3.4045151555200048        24.010789367323849     
   3.4204848524800049        23.850870786464210     
   3.4364545494400049        23.698487092522004     
   3.4524242464000050        23.547980256725353     
   3.4683939433600051        23.393692250302365     
   3.4843636403200051        23.230257140187085     
   3.5003333372800052        23.056642592425483     
   3.5163030342400052        22.875133454186457     
   3.5322727312000053        22.688098821356252     
   3.5482424281600053        22.497907789821102     
   3.5642121251200054        22.306923509227687     
   3.5801818220800055        22.116581657455654     
   3.5961515190400055        21.926392257139405     
   3.6121212160000056        21.735625679552758     
   3.6280909129600056        21.543552295969526     
   3.6440606099200057        21.349442477663523     
   3.6600303068800057        21.152697263021647     
   3.6760000038400058        20.953543582203043     
   3.6919697008000059        20.752530122085521     
   3.7079393977600059        20.550206296772078     
   3.7239090947200060        20.347121520365725     
   3.7398787916800060        20.143816857070441     
   3.7558484886400061        19.940614722150890     
   3.7718181856000061        19.737602995295369     
   3.7877878825600062        19.534858024064846     
   3.8037575795200063        19.332456156020303     
   3.8197272764800063        19.130473714708494     
   3.8356969734400064        18.928952162263105     
   3.8516666704000064        18.727828391735802     
   3.8676363673600065        18.527019771808792     
   3.8836060643200065        18.326443671164284     
   3.8995757612800066        18.126017458484487     
   3.9155454582400067        17.925679492883528     
   3.9315151552000067        17.725570033733032     
   3.9474848521600068        17.525942041777387     
   3.9634545491200068        17.327049704391818     
   3.9794242460800069        17.129147208951537     
   3.9953939430400069        16.932485917448016     
   4.0113636400000070        16.737160087656015     
   4.0273333369600071        16.543027350242848     
   4.0433030339200071        16.349925764753600     
   4.0592727308800072        16.157693390733353     
   4.0752424278400072        15.966168287727191     
   4.0912121248000073        15.775214106418849     
   4.1071818217600073        15.584807270071240     
   4.1231515187200074        15.394955256327643     
   4.1391212156800075        15.205665543779162     
   4.1550909126400075        15.016945611016901     
   4.1710606096000076        14.828807230569263     
   4.1870303065600076        14.641328665855591     
   4.2030000035200077        14.454640535970071     
   4.2189697004800077        14.268874876181096     
   4.2349393974400078        14.084163721757054     
   4.2509090944000079        13.900638641220343     
   4.2668787913600079        13.718348886837276     
   4.2828484883200080        13.537167617802135     
   4.2988181852800080        13.356945296818044     
   4.3147878822400081        13.177532386588121     
   4.3307575792000081        12.998779349815491     
   4.3467272761600082        12.820559222592021     
   4.3626969731200083        12.642892596233203     
   4.3786666700800083        12.465859341451724     
   4.3946363670400084        12.289539489500047     
   4.4106060640000084        12.114013071630632     
   4.4265757609600085        11.939355990262797     
   4.4425454579200085        11.765530034516164     
   4.4585151548800086        11.592371103541208     
   4.4744848518400087        11.419708605196600     
   4.4904545488000087        11.247371947341021     
   4.5064242457600088        11.075190578871789     
   4.5223939427200088        10.903076367143536     
   4.5383636396800089        10.731196329553763     
   4.5543333366400089        10.559766708025123     
   4.5703030336000090        10.389003744480277     
   4.5862727305600091        10.219123680841879     
   4.6022424275200091        10.050311513178706     
   4.6182121244800092        9.8824403515189960     
   4.6341818214400092        9.7152040592112190     
   4.6501515184000093        9.5482943604095922     
   4.6661212153600093        9.3814029792683336     
   4.6820909123200094        9.2142250531917504     
   4.6980606092800095        9.0466605145896430     
   4.7140303062400095        8.8789267281303239     
   4.7300000032000096        8.7112683644828319     
   4.7459697001600096        8.5439300943162131     
   4.7619393971200097        8.3771565882995045     
   4.7779090940800097        8.2111152476206684     
   4.7938787910400098        8.0456217790037954     
   4.8098484880000099        7.8803918821733614     
   4.8258181849600099        7.7151412498391805     
   4.8417878819200100        7.5495855747110712     
   4.8577575788800100        7.3834411558328403     
   4.8737272758400101        7.2164340984905504     
   4.8896969728000101        7.0482984506074775     
   4.9056666697600102        6.8787684885215281     
   4.9216363667200103        6.7075784885706105     
   4.9376060636800103        6.5344655681622790     
   4.9535757606400104        6.3597374130234563     
   4.9695454576000104        6.1849594778390857     
   4.9855151545600105        6.0118650638806361     
   5.0014848515200105        5.8421874724195728     
   5.0174545484800106        5.6776600047273620     
   5.0334242454400107        5.5192943272652624     
   5.0493939424000107        5.3632227440305842     
   5.0653636393600108        5.2035564266490173     
   5.0813333363200108        5.0344000722885305     
   5.0973030332800109        4.8498583781170899     
   5.1132727302400109        4.6444915732665208     
   5.1292424272000110        4.4261654418549146     
   5.1452121241600111        4.2178427419129383     
   5.1611818211200111        4.0433018401378966     
   5.1771515180800112        3.9263211032270946     
   5.1931212150400112        3.8906710590586955     
   5.2090909120000113        3.9373001473380280     
   5.2250606089600113        3.9942289079739686     
   5.2410303059200114        3.9749418376253289     
   5.2570000028800115        3.7929234329509196     
   5.2729696998400115        3.3616581906095524     
   5.2889393968000116        2.6065123051968904     
   5.3049090937600116        1.5759765003411643     
   5.3208787907200117       0.39138934504622114     
   5.3368484876800117      -0.82496083516927099     
   5.3528181846400118       -1.9507857147866412     
   5.3687878816000119       -2.8646701990425902     
   5.3847575785600119       -3.5018900360757037     
   5.4007272755200120       -3.8881558733579911     
   5.4166969724800120       -4.0572653035347495     
   5.4326666694400121       -4.0430159192512738     
   5.4486363664000121       -3.8792053131528608     
   5.4646060633600122       -3.5996310778848071     
   5.4805757603200123       -3.2380908060924076     
   5.4965454572800123       -2.8283820904209604     
   5.5125151542400124       -2.4043025235157582     
   5.5284848512000124       -1.9996496980221032     
   5.5444545481600125       -1.6470178209472404     
   5.5604242451200125       -1.3586589677839116     
   5.5763939420800126       -1.1298779023309213     
   5.5923636390400127      -0.95546207009696393     
   5.6083333360000127      -0.83019891659073464     
   5.6243030329600128      -0.74887588732092802     
   5.6402727299200128      -0.70628042779623867     
   5.6562424268800129      -0.69719998352536194     
   5.6722121238400129      -0.71642200001699230     
   5.6881818208000130      -0.75873392277982465     
   5.7041515177600131      -0.81892319732255392     
   5.7201212147200131      -0.89177726915387501     
   5.7360909116800132      -0.97208358378248161     
   5.7520606086400132       -1.0546295867170707     
   5.7680303056000133       -1.1342027234663361     
   5.7840000025600133       -1.2055904395389712     
   5.7999696995200134       -1.2636727621229127     
   5.8159393964800135       -1.3061915094395802     
   5.8319090934400135       -1.3342281972545269     
   5.8478787904000136       -1.3490532194742395     
   5.8638484873600136       -1.3519369700052037     
   5.8798181843200137       -1.3441498427539060     
   5.8957878812800137       -1.3269622316268324     
   5.9117575782400138       -1.3016445305304691     
   5.9277272752000139       -1.2694671333713021     
   5.9436969721600139       -1.2317004340558180     
   5.9596666691200140       -1.1896148264905027     
   5.9756363660800140       -1.1444807045818419     
   5.9916060630400141       -1.0975684622363227     
   6.0075757600000141       -1.0501484933604304     
   6.0235454569600142       -1.0034911918606517     
   6.0395151539200143      -0.95886695164347269     
   6.0554848508800143      -0.91753873230479643     
   6.0714545478400144      -0.88024572049364114     
   6.0874242448000144      -0.84686710421088474     
   6.1033939417600145      -0.81720216432876691     
   6.1193636387200145      -0.79105018171952757     
   6.1353333356800146      -0.76821043725540650     
   6.1513030326400147      -0.74848221180864360     
   6.1672727296000147      -0.73166478625147857     
   6.1832424265600148      -0.71755744145615141     
   6.1992121235200148      -0.70595945829490181     
   6.2151818204800149      -0.69667011763996978     
   6.2311515174400149      -0.68948870036359500     
   6.2471212144000150      -0.68421448733801726     
   6.2630909113600151      -0.68064675943547659     
   6.2790606083200151      -0.67858479752821266     
   6.2950303052800152      -0.67782788248846537     
   6.3110000022400152      -0.67817529518847453     
   6.3269696992000153      -0.67942631650047991     
   6.3429393961600153      -0.68138022729672154     
   6.3589090931200154      -0.68383630844943910     
   6.3748787900800155      -0.68659384083087249     
   6.3908484870400155      -0.68945210531326140     
   6.4068181840000156      -0.69220950319902486     
   6.4227878809600156      -0.69465806821952392     
   6.4387575779200157      -0.69658703136686628     
   6.4547272748800157      -0.69778561147407614     
   6.4706969718400158      -0.69804302737417778     
   6.4866666688000159      -0.69714849790019551     
   6.5026363657600159      -0.69489124188515350     
   6.5186060627200160      -0.69106047816207605     
   6.5345757596800160      -0.68544542556398724     
   6.5505454566400161      -0.67783530292391159     
   6.5665151536000161      -0.66801932907487316     
   6.5824848505600162      -0.65578672284989614     
   6.5984545475200163      -0.64092670308200506     
   6.6144242444800163      -0.62322848860422386     
   6.6303939414400164      -0.60248129824957686     
   6.6463636384000164      -0.57847435085108834     
   6.6623333353600165      -0.55103172618769425     
   6.6783030323200165      -0.52036734704955256     
   6.6942727292800166      -0.48693951634988691     
   6.7102424262400167      -0.45121030126491296     
   6.7262121232000167      -0.41364176897084642     
   6.7421818201600168      -0.37469598664390302     
   6.7581515171200168      -0.33483502146029853     
   6.7741212140800169      -0.29452094059624861     
   6.7900909110400169      -0.25421581122796894     
   6.8060606080000170      -0.21438170053167527     
   6.8220303049600171      -0.17548067568358328     
   6.8380000019200171      -0.13797480385990885     
   6.8539696988800172      -0.10232615223686747     
   6.8699393958400172       -6.8996787990674990E-002
   6.8859090928000173       -3.8448778297547004E-002
   6.9018787897600173       -1.1144190333699400E-002
   6.9178484867200174        1.2474127340601361E-002
   6.9338181836800175        3.2319064101043890E-002
   6.9497878806400175        4.8617035112984604E-002
   6.9657575776000176        6.1605189481013019E-002
   6.9817272745600176        7.1520676309718659E-002
   6.9976969715200177        7.8600644703691061E-002
   7.0136666684800177        8.3082243767519770E-002
   7.0296363654400178        8.5202622605794281E-002
   7.0456060624000179        8.5198930323104161E-002
   7.0615757593600179        8.3308316024038903E-002
   7.0775454563200180        7.9767928813188033E-002
   7.0935151532800180        7.4814917795141114E-002
   7.1094848502400181        6.8686432074487672E-002
   7.1254545472000181        6.1619620755817200E-002
   7.1414242441600182        5.3851632943719231E-002
   7.1573939411200183        4.5619617742783398E-002
   7.1733636380800183        3.7160724257599066E-002
   7.1893333350400184        2.8712101592755817E-002
   7.2053030320000184        2.0510898852843299E-002
   7.2212727289600185        1.2794265142450923E-002
   7.2372424259200185        5.7993495661681407E-003
   7.2532121228800186       -2.3670315024756182E-004
   7.2691818198400187       -5.1391740744242626E-003
   7.2851515168000187       -8.9528765568602526E-003
   7.3011212137600188       -1.1770856477574065E-002
   7.3170909107200188       -1.3686159716584241E-002
   7.3330606076800189       -1.4791832153909315E-002
   7.3490303046400189       -1.5180919669567826E-002
   7.3650000016000190       -1.4946468143578308E-002
   7.3809696985600191       -1.4181523455959301E-002
   7.3969393955200191       -1.2979131486729342E-002
   7.4129090924800192       -1.1432338115906960E-002
   7.4288787894400192       -9.6341892235106922E-003
   7.4448484864000193       -7.6777306895590971E-003
   7.4608181833600193       -5.6560083940706820E-003
   7.4767878803200194       -3.6620682170640053E-003
   7.4927575772800195       -1.7889560385575911E-003
   7.5087272742400195       -1.2971773856999016E-004
   7.5246969712000196        1.2375083125627702E-003
   7.5406666681600196        2.3118552209135533E-003
   7.5566363651200197        3.1174162916909453E-003
   7.5726060620800197        3.6782972585432711E-003
   7.5885757590400198        4.0186038551188533E-003
   7.6045454560000199        4.1624418150660166E-003
   7.6205151529600199        4.1339168720330869E-003
   7.6364848499200200        3.9571347596683865E-003
   7.6524545468800200        3.6562012116202391E-003
   7.6684242438400201        3.2552219615369703E-003
   7.6843939408000201        2.7783027430669052E-003
   7.7003636377600202        2.2495492898583643E-003
   7.7163333347200203        1.6930673355596748E-003
   7.7323030316800203        1.1329626138191612E-003
   7.7482727286400204        5.9334085828514427E-004
   7.7642424256000204        9.8307802605954888E-005
   7.7802121225600205       -3.3033469259792362E-004
   7.7961818195200205       -6.8865960366281027E-004
   7.8121515164800206       -9.8109565675397431E-004
   7.8281212134400207       -1.2121189564393514E-003
   7.8440909104000207       -1.3862056072868783E-003
   7.8600606073600208       -1.5078317138644906E-003
   7.8760303043200208       -1.5814733807401244E-003
   7.8920000012800209       -1.6116067124817160E-003
   7.9079696982400209       -1.6027078136572020E-003
   7.9239393952000210       -1.5592527888345176E-003
   7.9399090921600211       -1.4857177425815992E-003
   7.9558787891200211       -1.3865787794663832E-003
   7.9718484860800212       -1.2663120040568056E-003
   7.9878181830400212       -1.1293935209208026E-003
   8.0037878800000204       -9.8029943462631824E-004
   8.0197575769600196       -8.2350584974128101E-004
   8.0357272739200187       -6.6348887083362673E-004
   8.0516969708800179       -5.0472460247129043E-004
   8.0676666678400171       -3.5168914922220878E-004
   8.0836363648000162       -2.0885861565431504E-004
   8.0996060617600154       -8.0709106335544458E-005
   8.1155757587200146        2.8305971220563233E-005
   8.1315454556800137        1.1581857627491824E-004
   8.1475151526400129        1.8319651763653270E-004
   8.1634848496000121        2.3219599850421769E-004
   8.1794545465600113        2.6457322207678436E-004
   8.1954242435200104        2.8208439155304378E-004
   8.2113939404800096        2.8648571013180704E-004
   8.2273636374400088        2.7953338101188523E-004
   8.2433333344000079        2.6298360739208964E-004
   8.2593030313600071        2.3859259247123105E-004
   8.2752727283200063        2.0811653944812069E-004
   8.2912424252800054        1.7331165152156982E-004
   8.3072121222400046        1.3593413189038941E-004
   8.3231818192000038        9.7740183753390551E-005
   8.3391515161600029        6.0486010309384324E-005
   8.3551212131200021        2.5927814757182051E-005
   8.3710909100800013       -4.1794569099206272E-006
   8.3870606070400004       -2.8637102236142749E-005
   8.4030303039999996       -4.7674196134093482E-005
   8.4190000009599988       -6.1745706972537423E-005
   8.4349696979199980       -7.1306603120239174E-005
   8.4509393948799971       -7.6811852945963323E-005
   8.4669090918399963       -7.8716424818474462E-005
   8.4828787887999955       -7.7475287106537193E-005
   8.4988484857599946       -7.3543408178916038E-005
   8.5148181827199938       -6.7375756404375724E-005
   8.5307878796799930       -5.9427300151680751E-005
   8.5467575766399921       -5.0153007789595709E-005
   8.5627272735999913       -4.0007847686885223E-005
   8.5786969705599905       -2.9446788212313942E-005
   8.5946666675199896       -1.8924797734646370E-005
   8.6106363644799888       -8.8968446226470904E-006
   8.6266060614399880        1.8210364903566747E-007
   8.6425757583999872        7.9529025399549387E-006
   8.6585454553599863        1.4415764245844642E-005
   8.6745151523199855        1.9655125669566479E-005
   8.6904848492799847        2.3755423713982166E-005
   8.7064545462399838        2.6801095281953402E-005
   8.7224242431999830        2.8876577276341895E-005
   8.7383939401599822        3.0066306600009354E-005
   8.7543636371199813        3.0454720155817484E-005
   8.7703333340799805        3.0126254846628005E-005
   8.7863030310399797        2.9165347575302601E-005
   8.8022727279999788        2.7656435244702988E-005
   8.8182424249599780        2.5683954757690898E-005
   8.8342121219199772        2.3332343017127990E-005
   8.8501818188799763        2.0686036925876024E-005
   8.8661515158399755        1.7829473386796649E-005
   8.8821212127999747        1.4847089302751617E-005
   8.8980909097599739        1.1823321576602632E-005
   8.9140606067199730        8.8426071112113583E-006
   8.9300303036799722        5.9893828094395648E-006
   8.9460000006399714        3.3480855741489085E-006
   8.9619696975999705        1.0031523082011316E-006
   8.9779393945599697       -9.6366863857666165E-007
   8.9939090915199689       -2.5280225606881527E-006
   9.0098787884799680       -3.7205834390644107E-006
   9.0258484854399672       -4.5742405535355131E-006
   9.0418181823999664       -5.1218831839315411E-006
   9.0577878793599655       -5.3964006100825730E-006
   9.0737575763199647       -5.4306821118186874E-006
   9.0897272732799639       -5.2576169689699628E-006
   9.1056969702399631       -4.9100944613664806E-006
   9.1216666671999622       -4.4210038688383159E-006
   9.1376363641599614       -3.8232344712155507E-006
   9.1536060611199606       -3.1496755483282667E-006
   9.1695757580799597       -2.4332163800065353E-006
   9.1855454550399589       -1.7067462460804403E-006
   9.2015151519999581       -1.0031544263800578E-006
   9.2174848489599572       -3.5533020073546953E-007
   9.2334545459199564        2.0422847632487459E-007
   9.2494242428799556        6.5946362993237171E-007
   9.2653939398399547        1.0164117927422468E-006
   9.2813636367999539        1.2826627989392153E-006
   9.2973333337599531        1.4658064827079931E-006
   9.3133030307199522        1.5734326782332964E-006
   9.3292727276799514        1.6131312196998408E-006
   9.3452424246399506        1.5924919412923421E-006
   9.3612121215999498        1.5191046771955159E-006
   9.3771818185599489        1.4005592615940783E-006
   9.3931515155199481        1.2444455286727450E-006
   9.4091212124799473        1.0583533126162321E-006
   9.4250909094399464        8.4987244760925471E-007
   9.4410606063999456        6.2659276783652961E-007
   9.4570303033599448        3.9610410748277085E-007
   9.4730000003199439        1.6599630073269756E-007
   9.4889696972799431       -5.6162558629893711E-008
   9.5049393942399423       -2.6523619449640395E-007
   9.5209090911999414       -4.6070797772912974E-007
   9.5368787881599406       -6.4257790832807101E-007
   9.5528484851199398       -8.1084598629322797E-007
   9.5688181820799389       -9.6551221162460045E-007
   9.5847878790399381       -1.1065765843221888E-006
   9.6007575759999373       -1.2340391043859924E-006
   9.6167272729599365       -1.3478997718160118E-006
   9.6326969699199356       -1.4481585866122467E-006
   9.6486666668799348       -1.5348155487746972E-006
   9.6646363638399340       -1.6078706583033629E-006
   9.6806060607999331       -1.6673239151982446E-006
   9.6965757577599323       -1.7131753194593418E-006
   9.7125454547199315       -1.7454248710866542E-006
   9.7285151516799306       -1.7640725700801829E-006
   9.7444848486399298       -1.7691184164399267E-006
   9.7604545455999290       -1.7605624101658860E-006
   9.7764242425599281       -1.7384045512580613E-006
   9.7923939395199273       -1.7026448397164519E-006
   9.8083636364799265       -1.6532832755410583E-006
   9.8243333334399257       -1.5903198587318797E-006
   9.8403030303999248       -1.5137545892889172E-006
   9.8562727273599240       -1.4235874672121703E-006
   9.8722424243199232       -1.3198184925016390E-006
   9.8882121212799223       -1.2024476651573232E-006
   9.9041818182399215       -1.0714749851792229E-006
   9.9201515151999207       -9.2690045256733761E-007
   9.9361212121599198       -7.6872406732166860E-007
   9.9520909091199190       -5.9694582944221522E-007
   9.9680606060799182       -4.1156573892897737E-007
   9.9840303030399173       -2.1258379578195513E-007
