   2.0151515199999999        0.0000000000000000     
   2.0311212169599999       -1.0386052407448687E-026
   2.0470909139200000       -1.6025652951796178E-026
   2.0630606108800000       -1.6918801633042478E-026
   2.0790303078400001       -1.3065498451187590E-026
   2.0950000048000001       -4.4657434062315064E-027
   2.1109697017600002        8.6663136032285788E-027
   2.1269393987200003        2.3194232131434620E-026
   2.1429090956800003        3.3868030741772028E-026
   2.1588787926400004        3.5390669722215206E-026
   2.1748484896000004        2.2465109360738579E-026
   2.1908181865600005       -1.0138919155026615E-026
   2.2067878835200005       -5.9352784195609358E-026
   2.2227575804800006       -1.0587065976176393E-025
   2.2387272774400007       -1.2850438392064106E-025
   2.2546969744000007       -1.0606579473939150E-025
   2.2706666713600008       -1.7366730285166017E-026
   2.2866363683200008        1.4769834993911390E-025
   2.3026060652800009        3.3370668113053547E-025
   2.3185757622400009        4.6123870271390053E-025
   2.3345454592000010        4.5083881900882493E-025
   2.3505151561600011        2.2305143433492505E-025
   2.3664848531200011       -2.9399387279961613E-025
   2.3824545500800012       -9.9322418163098855E-025
   2.3984242470400012       -1.5860958969028033E-024
   2.4143939440000013       -1.7759747515551696E-024
   2.4303636409600013       -1.2662264785281974E-024
   2.4463333379200014        2.3939605346335826E-025
   2.4623030348800015        2.7115138307788156E-024
   2.4782727318400015        5.2034143026550430E-024
   2.4942424288000016        6.6080161692786873E-024
   2.5102121257600016        5.8182381308363948E-024
   2.5261818227200017        1.7269988875148119E-024
   2.5421515196800017       -6.4161862391259714E-024
   2.5581212166400018       -1.6173156696452401E-023
   2.5740909136000019       -2.3427227449965586E-023
   2.5900606105600019       -2.4046707580119483E-023
   2.6060303075200020       -1.3899906167368061E-023
   2.6220000044800020        1.0985641657860483E-023
   2.6379697014400021        4.6921018410315407E-023
   2.6539393984000021        7.9318558132470329E-023
   2.6699090953600022        9.2758575992655157E-023
   2.6858787923200023        7.1821387159199751E-023
   2.7018484892800023        1.0873068004340878E-024
   2.7178181862400024       -1.2309030589988944E-022
   2.7337878832000024       -2.5572199936739078E-022
   2.7497575801600025       -3.3926074929198836E-022
   2.7657272771200025       -3.1615951624624582E-022
   2.7816969740800026       -1.2887126080272724E-022
   2.7976666710400027        2.6970151565679883E-022
   2.8136363680000027        7.7801971180613919E-022
   2.8296060649600028        1.1839473878435455E-021
   2.8455757619200028        1.2727160373782526E-021
   2.8615454588800029        8.2955715401949473E-022
   2.8775151558400029       -3.5805548433602328E-022
   2.8934848528000030       -2.1913489749140206E-021
   2.9094545497600031       -3.9441656789919639E-021
   2.9254242467200031       -4.8149787355052884E-021
   2.9413939436800032       -4.0022612833894313E-021
   2.9573636406400032       -7.0448646157982769E-022
   2.9733333376000033        5.4774913668147473E-021
   2.9893030345600033        1.2483172504713168E-020
   3.0052727315200034        1.7322944637082151E-020
   3.0212424284800035        1.7005468835210039E-020
   3.0372121254400035        8.5394061703851825E-021
   3.0531818224000036       -1.0799310899457326E-020
   3.0691515193600036       -3.7095648829998743E-020
   3.0851212163200037       -5.9510145543964718E-020
   3.1010909132800037       -6.6878970411387932E-020
   3.1170606102400038       -4.8038292802301123E-020
   3.1330303072000039        8.1647716307362584E-021
   3.1490000041600039        1.0096569736912947E-019
   3.1649697011200040        1.9495938218118370E-019
   3.1809393980800040        2.4848184897703051E-019
   3.1969090950400041        2.1986912066680152E-019
   3.2128787920000041        6.7457220160628180E-020
   3.2288484889600042       -2.3757274533645251E-019
   3.2448181859200043       -6.0493438103415348E-019
   3.2607878828800043       -8.7977389209239019E-019
   3.2767575798400044       -9.0659917651851440E-019
   3.2927272768000044       -5.2991813231987826E-019
   3.3086969737600045        4.0028234579553867E-019
   3.3246666707200045        1.7509525506169251E-018
   3.3406363676800046        2.9747195605593030E-018
   3.3566060646400047        3.4912790352932243E-018
   3.3725757616000047        2.7203266344892398E-018
   3.3885454585600048        8.1558017817902002E-020
   3.4045151555200048       -4.5765560217248487E-018
   3.4204848524800049       -9.5761143764293697E-018
   3.4364545494400049       -1.2751396000838743E-017
   3.4524242464000050       -1.1936675297685857E-017
   3.4683939433600051       -4.9662266697036005E-018
   3.4843636403200051        9.9527535327267947E-018
   3.5003333372800052        2.9080313124847511E-017
   3.5163030342400052        4.4441416625644702E-017
   3.5322727312000053        4.7953467247595947E-017
   3.5482424281600053        3.1533868203178819E-017
   3.5642121251200054       -1.2826583435305257E-017
   3.5801818220800055       -8.1689396260418535E-017
   3.5961515190400055       -1.4784790238144770E-016
   3.6121212160000056       -1.8113744033789761E-016
   3.6280909129600056       -1.5139334866927302E-016
   3.6440606099200057       -2.8450965915078820E-017
   3.6600303068800057        2.0327196567160754E-016
   3.6760000038400058        4.6718847347011628E-016
   3.6919697008000059        6.5080364859133214E-016
   3.7079393977600059        6.4154142406974505E-016
   3.7239090947200060        3.2682573293984513E-016
   3.7398787916800060       -3.9651675210784213E-016
   3.7558484886400061       -1.3854409255578275E-015
   3.7718181856000061       -2.2327934623865558E-015
   3.7877878825600062       -2.5184348217514815E-015
   3.8037575795200063       -1.8222254628100571E-015
   3.8197272764800063        2.7567384370690048E-016
   3.8356969734400064        3.7591404013104499E-015
   3.8516666704000064        7.3043552850770925E-015
   3.8676363673600065        9.3433361539326357E-015
   3.8836060643200065        8.3081006668028881E-015
   3.8995757612800066        2.6306664826136552E-015
   3.9155454582400067       -8.7945509971812871E-015
   3.9315151552000067       -2.2625480236370476E-014
   3.9474848521600068       -3.3037353746927124E-014
   3.9634545491200068       -3.4178382618516055E-014
   3.9794242460800069       -2.0196777940802093E-014
   3.9953939430400069        1.4571235829898061E-014
   4.0113636400000070        6.5335033923729924E-014
   4.0273333369600071        1.1155779100560649E-013
   4.0433030339200071        1.3140033384210633E-013
   4.0592727308800072        1.0302348919980800E-013
   4.0752424278400072        4.5880838452901425E-015
   4.0912121248000073       -1.7013469166147996E-013
   4.1071818217600073       -3.5858339046387736E-013
   4.1231515187200074       -4.7925367373484079E-013
   4.1391212156800075       -4.5064062448344272E-013
   4.1550909126400075       -1.9123932571875547E-013
   4.1710606096000076        3.6715911392958420E-013
   4.1870303065600076        1.0868768839050510E-012
   4.2030000035200077        1.6681186704686509E-012
   4.2189697004800077        1.8067040263547192E-012
   4.2349393974400078        1.1984525042975905E-012
   4.2509090944000079       -4.5843033988223512E-013
   4.2668787913600079       -3.0449386752380634E-012
   4.2828484883200080       -5.5418797979251787E-012
   4.2988181852800080       -6.8140366587314560E-012
   4.3147878822400081       -5.7261922084447700E-012
   4.3307575792000081       -1.1431293978529966E-012
   4.3467272761600082        7.5421515173518293E-012
   4.3626969731200083        1.7483857995370905E-011
   4.3786666700800083        2.4449059578463745E-011
   4.3946363670400084        2.4201069178144435E-011
   4.4106060640000084        1.2503199705927094E-011
   4.4265757609600085       -1.4550956509445091E-011
   4.4425454579200085       -5.1739495876496998E-011
   4.4585151548800086       -8.3770147664876480E-011
   4.4744848518400087       -9.4831380618247694E-011
   4.4904545488000087       -6.9111663480274859E-011
   4.5064242457600088        9.1925973595106330E-012
   4.5223939427200088        1.3994371680027748E-010
   4.5383636396800089        2.7365319586507530E-010
   4.5543333366400089        3.5131158722853906E-010
   4.5703030336000090        3.1390944356530363E-010
   4.5862727305600091        1.0243731755000396E-010
   4.6022424275200091       -3.2547999331813753E-010
   4.6182121244800092       -8.4618002218709289E-010
   4.6341818214400092       -1.2405753806607700E-009
   4.6501515184000093       -1.2884398450583671E-009
   4.6661212153600093       -7.6954719169908242E-010
   4.6820909123200094        5.2989595248471682E-010
   4.6980606092800095        2.4377119237720992E-009
   4.7140303062400095        4.1834679514207782E-009
   4.7300000032000096        4.9452684597835111E-009
   4.7459697001600096        3.9012178732130558E-009
   4.7619393971200097        2.2942061606216840E-010
   4.7779090940800097       -6.3239036852879410E-009
   4.7938787910400098       -1.3426741264478537E-008
   4.8098484880000099       -1.8011788095714453E-008
   4.8258181849600099       -1.7011688578720789E-008
   4.8417878819200100       -7.3590871132226512E-009
   4.8577575788800100        1.3539790120778120E-008
   4.8737272758400101        4.0619476767765587E-008
   4.8896969728000101        6.2610849201698449E-008
   4.9056666697600102        6.8066378810840649E-008
   4.9216363667200103        4.5538536983456113E-008
   4.9376060636800103       -1.6343216587505830E-008
   4.9535757606400104       -1.1348796119774567E-007
   4.9695454576000104       -2.0772131050743430E-007
   4.9855151545600105       -2.5632051233640386E-007
   5.0014848515200105       -2.1656281450448638E-007
   5.0174545484800106       -4.5725464831513977E-008
   5.0334242454400107        2.7979018852441534E-007
   5.0493939424000107        6.5427443252678930E-007
   5.0653636393600108        9.1845536766334671E-007
   5.0813333363200108        9.1288951431317355E-007
   5.0973030332800109        4.7813339285535592E-007
   5.1132727302400109       -5.3367393610745319E-007
   5.1292424272000110       -1.9320809815550349E-006
   5.1452121241600111       -3.1427744788256218E-006
   5.1611818211200111       -3.5707031669420152E-006
   5.1771515180800112       -2.6208157849270187E-006
   5.1931212150400112        3.0173880243483018E-007
   5.2090909120000113        5.2091617549302937E-006
   5.2250606089600113        1.0251798353835971E-005
   5.2410303059200114        1.3208887381393811E-005
   5.2570000028800115        1.1859667619845762E-005
   5.2729696998400115        3.9833778514337690E-006
   5.2889393968000116       -1.2042756664989581E-005
   5.3049090937600116       -3.1644853956031760E-005
   5.3208787907200117       -4.6582718814588881E-005
   5.3368484876800117       -4.8568356337338990E-005
   5.3528181846400118       -2.9313771620960136E-005
   5.3687878816000119        1.9351974314884477E-005
   5.3847575785600119        9.8000455792440815E-005
   5.4007272755200120        1.9508051720662335E-004
   5.4166969724800120        2.9795695406197904E-004
   5.4326666694400121        3.9399456186305478E-004
   5.4486363664000121        4.7055813611439736E-004
   5.4646060633600122        5.1501247232055400E-004
   5.4805757603200123        5.1472236598607132E-004
   5.4965454572800123        4.5705261261549647E-004
   5.5125151542400124        3.2936800771337602E-004
   5.5284848512000124        1.1903334678425733E-004
   5.5444545481600125       -1.8540686373751838E-004
   5.5604242451200125       -5.7546618515222608E-004
   5.5763939420800126       -1.0260442786071738E-003
   5.5923636390400127       -1.5115336643783364E-003
   5.6083333360000127       -2.0063268627416903E-003
   5.6243030329600128       -2.4848163939732095E-003
   5.6402727299200128       -2.9213947783488709E-003
   5.6562424268800129       -3.2904545361446477E-003
   5.6722121238400129       -3.5663881876365172E-003
   5.6881818208000130       -3.7235882531004537E-003
   5.7041515177600131       -3.7364472528124328E-003
   5.7201212147200131       -3.5793577070484302E-003
   5.7360909116800132       -3.2267121360844216E-003
   5.7520606086400132       -2.6529030601963790E-003
   5.7680303056000133       -1.8323229996602820E-003
   5.7840000025600133       -7.3936447475210607E-004
   5.7999696995200134        6.4992089218775240E-004
   5.8159393964800135        2.3081969973686245E-003
   5.8319090934400135        4.1482789728002571E-003
   5.8478787904000136        6.0795971759223149E-003
   5.8638484873600136        8.0115819641744662E-003
   5.8798181843200137        9.8536636949963750E-003
   5.8957878812800137        1.1515272725827707E-002
   5.9117575782400138        1.2905839414108132E-002
   5.9277272752000139        1.3934794117277311E-002
   5.9436969721600139        1.4511567192774915E-002
   5.9596666691200140        1.4545588998040610E-002
   5.9756363660800140        1.3946289890514055E-002
   5.9916060630400141        1.2623100227634926E-002
   6.0075757600000141        1.0485450366842883E-002
   6.0235454569600142        7.4427706655775900E-003
   6.0395151539200143        3.4044914812787217E-003
   6.0554848508800143       -1.7183396948974047E-003
   6.0714545478400144       -7.9007426966875051E-003
   6.0874242448000144       -1.4930667851559089E-002
   6.1033939417600145       -2.2578683846747990E-002
   6.1193636387200145       -3.0615359369490048E-002
   6.1353333356800146       -3.8811263107021106E-002
   6.1513030326400147       -4.6936963746576986E-002
   6.1672727296000147       -5.4763029975393542E-002
   6.1832424265600148       -6.2060030480706588E-002
   6.1992121235200148       -6.8598533949751989E-002
   6.2151818204800149       -7.4149109069765545E-002
   6.2311515174400149       -7.8482324527983136E-002
   6.2471212144000150       -8.1368749011640568E-002
   6.2630909113600151       -8.2578951207973678E-002
   6.2790606083200151       -8.1883499804218329E-002
   6.2950303052800152       -7.9052963487610331E-002
   6.3110000022400152       -7.3857910945385546E-002
   6.3269696992000153       -6.6068910864779784E-002
   6.3429393961600153       -5.5456531933028873E-002
   6.3589090931200154       -4.1791342837368718E-002
   6.3748787900800155       -2.4843912265035059E-002
   6.3908484870400155       -4.3848089032637854E-003
   6.4068181840000156        1.9687382857927996E-002
   6.4227878809600156        4.6547319814587457E-002
   6.4387575779200157        7.4961738178530885E-002
   6.4547272748800157       0.10369560448555336     
   6.4706969718400158       0.13151388527144997     
   6.4866666688000159       0.15718154707201581     
   6.5026363657600159       0.17946355642304601     
   6.5186060627200160       0.19712487986033561     
   6.5345757596800160       0.20893048391967975     
   6.5505454566400161       0.21364533513687350     
   6.5665151536000161       0.21003440004771196     
   6.5824848505600162       0.19686264518799021     
   6.5984545475200163       0.17289503709350335     
   6.6144242444800163       0.13689654230004644     
   6.6303939414400164        8.7632127343414731E-002
   6.6463636384000164        2.3866758759403039E-002
   6.6623333353600165       -5.5482176225478366E-002
   6.6783030323200165      -0.14979280017405502     
   6.6942727292800166      -0.25737474521722153     
   6.7102424262400167      -0.37652118519564848     
   6.7262121232000167      -0.50552529395000645     
   6.7421818201600168      -0.64268024532096579     
   6.7581515171200168      -0.78627921314919724     
   6.7741212140800169      -0.93461537127537131     
   6.7900909110400169       -1.0859818935401586     
   6.8060606080000170       -1.2386719537842295     
   6.8220303049600171       -1.3909787258482544     
   6.8380000019200171       -1.5411953835729044     
   6.8539696988800172       -1.6876151007988496     
   6.8699393958400172       -1.8285310513667608     
   6.8859090928000173       -1.9622364091173081     
   6.9018787897600173       -2.0870243478911625     
   6.9178484867200174       -2.2012554571261380     
   6.9338181836800175       -2.3045381937153580     
   6.9497878806400175       -2.3975808090629709     
   6.9657575776000176       -2.4811292073845967     
   6.9817272745600176       -2.5559292928958572     
   6.9976969715200177       -2.6227269698123727     
   7.0136666684800177       -2.6822681423497645     
   7.0296363654400178       -2.7352987147236529     
   7.0456060624000179       -2.7825645911496593     
   7.0615757593600179       -2.8248116758434043     
   7.0775454563200180       -2.8627858730205089     
   7.0935151532800180       -2.8972330868965934     
   7.1094848502400181       -2.9288992216872791     
   7.1254545472000181       -2.9585301816081873     
   7.1414242441600182       -2.9868718708749378     
   7.1573939411200183       -3.0146701937031524     
   7.1733636380800183       -3.0426710543084519     
   7.1893333350400184       -3.0716203569064562     
   7.2053030320000184       -3.1022640057127875     
   7.2212727289600185       -3.1353479049430653     
   7.2372424259200185       -3.1716179588129112     
   7.2532121228800186       -3.2118200579444123     
   7.2691818198400187       -3.2565062999237417     
   7.2851515168000187       -3.3055472719345520     
   7.3011212137600188       -3.3586638293298119     
   7.3170909107200188       -3.4155768274624894     
   7.3330606076800189       -3.4760071216855533     
   7.3490303046400189       -3.5396755673519729     
   7.3650000016000190       -3.6063030198147166     
   7.3809696985600191       -3.6756103344267528     
   7.3969393955200191       -3.7473183665410503     
   7.4129090924800192       -3.8211479715105785     
   7.4288787894400192       -3.8968200046883048     
   7.4448484864000193       -3.9740553214271985     
   7.4608181833600193       -4.0525747770802285     
   7.4767878803200194       -4.1320992270003636     
   7.4927575772800195       -4.2123495265405726     
   7.5087272742400195       -4.2930465310538226     
   7.5246969712000196       -4.3739570700559485     
   7.5406666681600196       -4.4550862752015581     
   7.5566363651200197       -4.5365162543998228     
   7.5726060620800197       -4.6183291538887215     
   7.5885757590400198       -4.7006071199062349     
   7.6045454560000199       -4.7834322986903439     
   7.6205151529600199       -4.8668868364790292     
   7.6364848499200200       -4.9510528795102715     
   7.6524545468800200       -5.0360125740220489     
   7.6684242438400201       -5.1218480662523449     
   7.6843939408000201       -5.2086415024391375     
   7.7003636377600202       -5.2964750288204083     
   7.7163333347200203       -5.3854307916341373     
   7.7323030316800203       -5.4755909371183060     
   7.7482727286400204       -5.5670376115108935     
   7.7642424256000204       -5.6598529610498804     
   7.7802121225600205       -5.7541131105705059     
   7.7961818195200205       -5.8498474672326246     
   7.8121515164800206       -5.9470635996076258     
   7.8281212134400207       -6.0457689524387046     
   7.8440909104000207       -6.1459709704690546     
   7.8600606073600208       -6.2476770984418710     
   7.8760303043200208       -6.3508947811003464     
   7.8920000012800209       -6.4556314631876761     
   7.9079696982400209       -6.5618945894470535     
   7.9239393952000210       -6.6696916046216730     
   7.9399090921600211       -6.7790299534547280     
   7.9558787891200211       -6.8899170806894139     
   7.9718484860800212       -7.0023604310689231     
   7.9878181830400212       -7.1163674493364510     
   8.0037878800000204       -7.2319455802351857     
   8.0197575769600196       -7.3491022685083252     
   8.0357272739200187       -7.4678449588990663     
   8.0516969708800179       -7.5881810961506009     
   8.0676666678400171       -7.7101181250061250     
   8.0836363648000162       -7.8336634902088313     
   8.0996060617600154       -7.9588246365019142     
   8.1155757587200146       -8.0856090725118115     
   8.1315454556800137       -8.2140301763488246     
   8.1475151526400129       -8.3441118410642705     
   8.1634848496000121       -8.4758790528862775     
   8.1794545465600113       -8.6093567980429793     
   8.1954242435200104       -8.7445700627625040     
   8.2113939404800096       -8.8815438332729801     
   8.2273636374400088       -9.0203030958025394     
   8.2433333344000079       -9.1608728365793137     
   8.2593030313600071       -9.3032780418314296     
   8.2752727283200063       -9.4475436977870189     
   8.2912424252800054       -9.5936947906742116     
   8.3072121222400046       -9.7417563067211379     
   8.3231818192000038       -9.8917532321559278     
   8.3391515161600029       -10.043710553206710     
   8.3551212131200021       -10.197653256101617     
   8.3710909100800013       -10.353606328280089     
   8.3870606070400004       -10.511595293119660     
   8.4030303039999996       -10.671647049654787     
   8.4190000009599988       -10.833788714567241     
   8.4349696979199980       -10.998047404538788     
   8.4509393948799971       -11.164450236251193     
   8.4669090918399963       -11.333024326386225     
   8.4828787887999955       -11.503796791625650     
   8.4988484857599946       -11.676794748651236     
   8.5148181827199938       -11.852045314144750     
   8.5307878796799930       -12.029575604787958     
   8.5467575766399921       -12.209412737262628     
   8.5627272735999913       -12.391583828250525     
   8.5786969705599905       -12.576115994433419     
   8.5946666675199896       -12.763036352493074     
   8.6106363644799888       -12.952372019111259     
   8.6266060614399880       -13.144150110994293     
   8.6425757583999872       -13.338400376008883     
   8.6585454553599863       -13.535162429442497     
   8.6745151523199855       -13.734478199272312     
   8.6904848492799847       -13.936389613475500     
   8.7064545462399838       -14.140938600029234     
   8.7224242431999830       -14.348167086910689     
   8.7383939401599822       -14.558117002097037     
   8.7543636371199813       -14.770830273565451     
   8.7703333340799805       -14.986348829293107     
   8.7863030310399797       -15.204714597257174     
   8.8022727279999788       -15.425969505434830     
   8.8182424249599780       -15.650155481803246     
   8.8342121219199772       -15.877314454339597     
   8.8501818188799763       -16.107488351021054     
   8.8661515158399755       -16.340719099824792     
   8.8821212127999747       -16.577048628727987     
   8.8980909097599739       -16.816518865707806     
   8.9140606067199730       -17.059171738741430     
   8.9300303036799722       -17.305049175806026     
   8.9460000006399714       -17.554193104878770     
   8.9619696975999705       -17.806645453936838     
   8.9779393945599697       -18.062448718041775     
   8.9939090915199689       -18.321657498037833     
   9.0098787884799680       -18.584338001722060     
   9.0258484854399672       -18.850556904154512     
   9.0418181823999664       -19.120380880395253     
   9.0577878793599655       -19.393876605504342     
   9.0737575763199647       -19.671110754541836     
   9.0897272732799639       -19.952150002567798     
   9.1056969702399631       -20.237061024642284     
   9.1216666671999622       -20.525910495825354     
   9.1376363641599614       -20.818765091177067     
   9.1536060611199606       -21.115691485757484     
   9.1695757580799597       -21.416756354626663     
   9.1855454550399589       -21.722026372844667     
   9.2015151519999581       -22.031568215471552     
   9.2174848489599572       -22.345448557567376     
   9.2334545459199564       -22.663733706227376     
   9.2494242428799556       -22.986474509964829     
   9.2653939398399547       -23.313701041734763     
   9.2813636367999539       -23.645441913916233     
   9.2973333337599531       -23.981725738888311     
   9.3133030307199522       -24.322581129030059     
   9.3292727276799514       -24.668036696720542     
   9.3452424246399506       -25.018121054338824     
   9.3612121215999498       -25.372862814263968     
   9.3771818185599489       -25.732290588875042     
   9.3931515155199481       -26.096432990551111     
   9.4091212124799473       -26.465318631671234     
   9.4250909094399464       -26.838976124614483     
   9.4410606063999456       -27.217434081759919     
   9.4570303033599448       -27.600721115486607     
   9.4730000003199439       -27.988865838173609     
   9.4889696972799431       -28.381896882642586     
   9.5049393942399423       -28.779845168363565     
   9.5209090911999414       -29.182745958680041     
   9.5368787881599406       -29.590635002724049     
   9.5528484851199398       -30.003548049627636     
   9.5688181820799389       -30.421520848522835     
   9.5847878790399381       -30.844589148541690     
   9.6007575759999373       -31.272788698816239     
   9.6167272729599365       -31.706155248478524     
   9.6326969699199356       -32.144724546660584     
   9.6486666668799348       -32.588532342494453     
   9.6646363638399340       -33.037614385112178     
   9.6806060607999331       -33.492006423645797     
   9.6965757577599323       -33.951744207227343     
   9.7125454547199315       -34.416863484988866     
   9.7285151516799306       -34.887400006062407     
   9.7444848486399298       -35.363389519579997     
   9.7604545455999290       -35.844867774673673     
   9.7764242425599281       -36.331870520475491     
   9.7923939395199273       -36.824433506117472     
   9.8083636364799265       -37.322592480731672     
   9.8243333334399257       -37.826383193450120     
   9.8403030303999248       -38.335841393404856     
   9.8562727273599240       -38.851002829727932     
   9.8722424243199232       -39.371903251551366     
   9.8882121212799223       -39.898578408007218     
   9.9041818182399215       -40.431064048227519     
   9.9201515151999207       -40.969395921344315     
   9.9361212121599198       -41.513609776489631     
   9.9520909091199190       -42.063741362795525     
   9.9680606060799182       -42.619826429394024     
   9.9840303030399173       -43.181900725417179     
