   2.0151515199999999        4.4199999999999999     
   2.0311212169599999        4.3838883009381817     
   2.0470909139200000        4.3489983211714920     
   2.0630606108800000        4.3145578774785101     
   2.0790303078400001        4.2797947866378161     
   2.0950000048000001        4.2439368654279885     
   2.1109697017600002        4.2061687970640680     
   2.1269393987200003        4.1650866639454005     
   2.1429090956800003        4.1188608440688634     
   2.1588787926400004        4.0656522370653567     
   2.1748484896000004        4.0036217425657812     
   2.1908181865600005        3.9309437090369324     
   2.2067878835200005        3.8474640297460283     
   2.2227575804800006        3.7562990550542699     
   2.2387272774400007        3.6609442709522724     
   2.2546969744000007        3.5648951634306503     
   2.2706666713600008        3.4716472184800193     
   2.2866363683200008        3.3840367553135167     
   2.3026060652800009        3.3010026324136681     
   2.3185757622400009        3.2200564384937778     
   2.3345454592000010        3.1387076189886578     
   2.3505151561600011        3.0544656193331190     
   2.3664848531200011        2.9649115236114056     
   2.3824545500800012        2.8693164574341949     
   2.3984242470400012        2.7686654574851168     
   2.4143939440000013        2.6640199733008973     
   2.4303636409600013        2.5564414544182643     
   2.4463333379200014        2.4469909994755805     
   2.4623030348800015        2.3364345608376471     
   2.4782727318400015        2.2247066233126311     
   2.4942424288000016        2.1115963140971710     
   2.5102121257600016        1.9968927603879041     
   2.5261818227200017        1.8803850893814686     
   2.5421515196800017        1.7618882265730580     
   2.5581212166400018        1.6414477828225886     
   2.5740909136000019        1.5192308033309692     
   2.5900606105600019        1.3954054189131591     
   2.6060303075200020        1.2701397603841174     
   2.6220000044800020        1.1435999739257232     
   2.6379697014400021        1.0158567123450548     
   2.6539393984000021       0.88684478373807996     
   2.6699090953600022       0.75648862571062292     
   2.6858787923200023       0.62471267586850909     
   2.7018484892800023       0.49144137181756287     
   2.7178181862400024       0.35663298383326403     
   2.7337878832000024       0.22038554968410407     
   2.7497575801600025        8.2833194339936911E-002
   2.7657272771200025       -5.5889957185939920E-002
   2.7816969740800026      -0.19564977988022914     
   2.7976666710400027      -0.33630535236978221     
   2.8136363680000027      -0.47761908034254374     
   2.8296060649600028      -0.61928143753017517     
   2.8455757619200028      -0.76098118544844251     
   2.8615454588800029      -0.90240708561311211     
   2.8775151558400029       -1.0432499252340846     
   2.8934848528000030       -1.1834817211650235     
   2.9094545497600031       -1.3236412736897158     
   2.9254242467200031       -1.4643354721351107     
   2.9413939436800032       -1.6061712058281570     
   2.9573636406400032       -1.7497553640958030     
   2.9733333376000033       -1.8955697743928426     
   2.9893030345600033       -2.0433317954766630     
   3.0052727315200034       -2.1924700137751705     
   3.0212424284800035       -2.3424124790770677     
   3.0372121254400035       -2.4925872411710595     
   3.0531818224000036       -2.6424430174187852     
   3.0691515193600036       -2.7919419138676687     
   3.0851212163200037       -2.9415814890636058     
   3.1010909132800037       -3.0918843843374688     
   3.1170606102400038       -3.2433732410201297     
   3.1330303072000039       -3.3965705174810026     
   3.1490000041600039       -3.5517994787405565     
   3.1649697011200040       -3.7088043904760748     
   3.1809393980800040       -3.8672249045051466     
   3.1969090950400041       -4.0267006726453625     
   3.2128787920000041       -4.1868713467143124     
   3.2288484889600042       -4.3474096056049945     
   3.2448181859200043       -4.5082943698219360     
   3.2607878828800043       -4.6696705745365552     
   3.2767575798400044       -4.8316847961254146     
   3.2927272768000044       -4.9944836109650801     
   3.3086969737600045       -5.1582136963291241     
   3.3246666707200045       -5.3230269421591370     
   3.3406363676800046       -5.4890828682557826     
   3.3566060646400047       -5.6565416008595166     
   3.3725757616000047       -5.8255632662107972     
   3.3885454585600048       -5.9963079905500782     
   3.4045151555200048       -6.1689085723715547     
   3.4204848524800049       -6.3433812124389055     
   3.4364545494400049       -6.5197110205815552     
   3.4524242464000050       -6.6978831063388204     
   3.4683939433600051       -6.8778825792500173     
   3.4843636403200051       -7.0596914309899246     
   3.5003333372800052       -7.2432453958775422     
   3.5163030342400052       -7.4284448002433958     
   3.5322727312000053       -7.6151890711371175     
   3.5482424281600053       -7.8033776356083395     
   3.5642121251200054       -7.9929109142513246     
   3.5801818220800055       -8.1838442969628584     
   3.5961515190400055       -8.3765549273155333     
   3.6121212160000056       -8.5714599917226124     
   3.6280909129600056       -8.7689766765973598     
   3.6440606099200057       -8.9695221683530466     
   3.6600303068800057       -9.1734291588478367     
   3.6760000038400058       -9.3804962854543437     
   3.6919697008000059       -9.5903141248468859     
   3.7079393977600059       -9.8024727834470191     
   3.7239090947200060       -10.016562367676308     
   3.7398787916800060       -10.232188165016996     
   3.7558484886400061       -10.449352991449093     
   3.7718181856000061       -10.668486075153124     
   3.7877878825600062       -10.890037611021196     
   3.8037575795200063       -11.114457793945412     
   3.8197272764800063       -11.342196715679542     
   3.8356969734400064       -11.573554742189895     
   3.8516666704000064       -11.808383127178617     
   3.8676363673600065       -12.046449269411008     
   3.8836060643200065       -12.287520567652368     
   3.8995757612800066       -12.531364420667998     
   3.9155454582400067       -12.777768587580603     
   3.9315151552000067       -13.026716667285003     
   3.9474848521600068       -13.278301577066358     
   3.9634545491200068       -13.532617424020600     
   3.9794242460800069       -13.789758315243663     
   3.9953939430400069       -14.049819363811300     
   4.0113636400000070       -14.312951619863400     
   4.0273333369600071       -14.579390384783766     
   4.0433030339200071       -14.849377928267703     
   4.0592727308800072       -15.123156520010520     
   4.0752424278400072       -15.400968429707518     
   4.0912121248000073       -15.682975376030900     
   4.1071818217600073       -15.968984113117923     
   4.1231515187200074       -16.258703647907318     
   4.1391212156800075       -16.551842984354437     
   4.1550909126400075       -16.848111126414629     
   4.1710606096000076       -17.147232264208629     
   4.1870303065600076       -17.449165743052784     
   4.2030000035200077       -17.754056072107527     
   4.2189697004800077       -18.062052769049735     
   4.2349393974400078       -18.373305351556276     
   4.2509090944000079       -18.687963220463359     
   4.2668787913600079       -19.006155170352883     
   4.2828484883200080       -19.327965914372573     
   4.2988181852800080       -19.653474484050374     
   4.3147878822400081       -19.982759910914233     
   4.3307575792000081       -20.315901226492102     
   4.3467272761600082       -20.652961867262725     
   4.3626969731200083       -20.993903329717178     
   4.3786666700800083       -21.338646156587831     
   4.3946363670400084       -21.687110779696585     
   4.4106060640000084       -22.039217630865323     
   4.4265757609600085       -22.394886033621955     
   4.4425454579200085       -22.754004680301790     
   4.4585151548800086       -23.116428470860974     
   4.4744848518400087       -23.482010562811880     
   4.4904545488000087       -23.850604113666868     
   4.5064242457600088       -24.222062326312230     
   4.5223939427200088       -24.596329528683590     
   4.5383636396800089       -24.973632152519571     
   4.5543333366400089       -25.354251054106751     
   4.5703030336000090       -25.738467089731728     
   4.5862727305600091       -26.126561115681088     
   4.6022424275200091       -26.518762080424931     
   4.6182121244800092       -26.914780805343035     
   4.6341818214400092       -27.314030334587052     
   4.6501515184000093       -27.715920158528245     
   4.6661212153600093       -28.119859767537879     
   4.6820909123200094       -28.525265610911813     
   4.6980606092800095       -28.931971673421465     
   4.7140303062400095       -29.340459119825368     
   4.7300000032000096       -29.751264786278789     
   4.7459697001600096       -30.164925508936999     
   4.7619393971200097       -30.581978123955274     
   4.7779090940800097       -31.002766430626615     
   4.7938787910400098       -31.426755614917973     
   4.8098484880000099       -31.853161022404713     
   4.8258181849600099       -32.281197981137986     
   4.8417878819200100       -32.710081819168941     
   4.8577575788800100       -33.139062775651610     
   4.8737272758400101       -33.567955707157452     
   4.8896969728000101       -33.997032786240567     
   4.9056666697600102       -34.426579336963506     
   4.9216363667200103       -34.856880683388852     
   4.9376060636800103       -35.288219042300433     
   4.9535757606400104       -35.720252599735048     
   4.9695454576000104       -36.151263919431834     
   4.9855151545600105       -36.579351991266464     
   5.0014848515200105       -37.002615805114573     
   5.0174545484800106       -37.419154350851827     
   5.0334242454400107       -37.828230949126002     
   5.0493939424000107       -38.236981589398511     
   5.0653636393600108       -38.655803282608012     
   5.0813333363200108       -39.095103485988510     
   5.0973030332800109       -39.565289656774027     
   5.1132727302400109       -40.075975882773299     
   5.1292424272000110       -40.613602860354639     
   5.1452121241600111       -41.138317900424134     
   5.1611818211200111       -41.608847823054262     
   5.1771515180800112       -41.983919448317486     
   5.1931212150400112       -42.222273331382659     
   5.2090909120000113       -42.322638650048582     
   5.2250606089600113       -42.411528080366693     
   5.2410303059200114       -42.640924200338610     
   5.2570000028800115       -43.162809587965903     
   5.2729696998400115       -44.129166821250173     
   5.2889393968000116       -45.651063288884458     
   5.3049090937600116       -47.415581235294646     
   5.3208787907200117       -48.858947900840263     
   5.3368484876800117       -49.414119994361926     
   5.3528181846400118       -48.514054224700232     
   5.3687878816000119       -45.596956733925282     
   5.3847575785600119       -40.441831091028156     
   5.4007272755200120       -33.371330940022240     
   5.4166969724800120       -24.756724656430134     
   5.4326666694400121       -14.969280615774444     
   5.4486363664000121       -4.3802671935777724     
   5.4646060633600122        6.6390472346372675     
   5.4805757603200123        17.717394293348086     
   5.4965454572800123        28.483505607032065     
   5.5125151542400124        38.566112800166586     
   5.5284848512000124        47.593947497229088     
   5.5444545481600125        55.211041133830285     
   5.5604242451200125        61.320054433136718     
   5.5763939420800126        66.039115762217378     
   5.5923636390400127        69.492930658322052     
   5.6083333360000127        71.806204658700523     
   5.6243030329600128        73.103643300602570     
   5.6402727299200128        73.509952121277990     
   5.6562424268800129        73.149836657976550     
   5.6722121238400129        72.148002447948059     
   5.6881818208000130        70.629155028442256     
   5.7041515177600131        68.717999936708978     
   5.7201212147200131        66.539242709997978     
   5.7360909116800132        64.217588885559067     
   5.7520606086400132        61.877744000641968     
   5.7680303056000133        59.644413592496520     
   5.7840000025600133        57.642303198372488     
   5.7999696995200134        55.993834627202673     
   5.8159393964800135        54.750837392833446     
   5.8319090934400135        53.882760111353043     
   5.8478787904000136        53.354392309033543     
   5.8638484873600136        53.130523512147008     
   5.8798181843200137        53.175943246965517     
   5.8957878812800137        53.455441039761133     
   5.9117575782400138        53.933806416805950     
   5.9277272752000139        54.575828904372017     
   5.9436969721600139        55.346298028731418     
   5.9596666691200140        56.210003316156232     
   5.9756363660800140        57.131734292918516     
   5.9916060630400141        58.076280485290354     
   6.0075757600000141        59.008431419543811     
   6.0235454569600142        59.892976621950957     
   6.0395151539200143        60.694705618783885     
   6.0554848508800143        61.378656275934027     
   6.0714545478400144        61.927362846190192     
   6.0874242448000144        62.352087429337729     
   6.1033939417600145        62.666761384899104     
   6.1193636387200145        62.885316072396762     
   6.1353333356800146        63.021682851353169     
   6.1513030326400147        63.089793081290786     
   6.1672727296000147        63.103578121732063     
   6.1832424265600148        63.076969332199461     
   6.1992121235200148        63.023898072215438     
   6.2151818204800149        62.958295701302447     
   6.2311515174400149        62.894093578982954     
   6.2471212144000150        62.845223064779418     
   6.2630909113600151        62.825615518214285     
   6.2790606083200151        62.849202298810027     
   6.2950303052800152        62.929914766089091     
   6.3110000022400152        63.081684279573942     
   6.3269696992000153        63.318442198787032     
   6.3429393961600153        63.654119883250821     
   6.3589090931200154        64.102648692487776     
   6.3748787900800155        64.677959986020340     
   6.3908484870400155        65.393985123370967     
   6.4068181840000156        66.259504988309743     
   6.4227878809600156        67.246014032584640     
   6.4387575779200157        68.308594775404615     
   6.4547272748800157        69.402258536326983     
   6.4706969718400158        70.482016634909115     
   6.4866666688000159        71.502880390708327     
   6.5026363657600159        72.419861123281947     
   6.5186060627200160        73.187970152187347     
   6.5345757596800160        73.762218796981827     
   6.5505454566400161        74.097618377222744     
   6.5665151536000161        74.149180212467428     
   6.5824848505600162        73.871915622273221     
   6.5984545475200163        73.220835926197466     
   6.6144242444800163        72.150952443797493     
   6.6303939414400164        70.617276494630644     
   6.6463636384000164        68.574819398254249     
   6.6623333353600165        65.984355502818573     
   6.6783030323200165        62.871105956802246     
   6.6942727292800166        59.300691547877236     
   6.7102424262400167        55.339355351914762     
   6.7262121232000167        51.053340444786016     
   6.7421818201600168        46.508889902362228     
   6.7581515171200168        41.772246800514580     
   6.7741212140800169        36.909654215114301     
   6.7900909110400169        31.987355222032583     
   6.8060606080000170        27.071592897140654     
   6.8220303049600171        22.228610316309705     
   6.8380000019200171        17.524650555410965     
   6.8539696988800172        13.025956690315610     
   6.8699393958400172        8.7987717968948829     
   6.8859090928000173        4.9093389510199827     
   6.9018787897600173        1.4239012285621016     
   6.9178484867200174       -1.5939519559057782     
   6.9338181836800175       -4.1297506455004376     
   6.9497878806400175       -6.2123157871295103     
   6.9657575776000176       -7.8719504447894204     
   6.9817272745600176       -9.1389576824765921     
   6.9976969715200177       -10.043640564187447     
   7.0136666684800177       -10.616302153918411     
   7.0296363654400178       -10.887245515665908     
   7.0456060624000179       -10.886773713426361     
   7.0615757593600179       -10.645189811196195     
   7.0775454563200180       -10.192796872971831     
   7.0935151532800180       -9.5598979627496927     
   7.1094848502400181       -8.7767961445262088     
   7.1254545472000181       -7.8737944822977974     
   7.1414242441600182       -6.8811960400608907     
   7.1573939411200183       -5.8293038818118967     
   7.1733636380800183       -4.7484210715472699     
   7.1893333350400184       -3.6688506732633956     
   7.2053030320000184       -2.6208957509567212     
   7.2212727289600185       -1.6348593686236705     
   7.2372424259200185      -0.74104459026065950     
   7.2532121228800186        3.0246079665879996E-002
   7.2691818198400187       0.65668694442507725     
   7.2851515168000187        1.1440042825554826     
   7.3011212137600188        1.5040875560126263     
   7.3170909107200188        1.7488262267520391     
   7.3330606076800189        1.8901097567292511     
   7.3490303046400189        1.9398276078997925     
   7.3650000016000190        1.9098692422191941     
   7.3809696985600191        1.8121241216429860     
   7.3969393955200191        1.6584817081266983     
   7.4129090924800192        1.4608314636258619     
   7.4288787894400192        1.2310628500960086     
   7.4448484864000193       0.98106532949266634     
   7.4608181833600193       0.72272836377136551     
   7.4767878803200194       0.46794141488763757     
   7.4927575772800195       0.22859394479701317     
   7.5087272742400195        1.6575415455024518E-002
   7.5246969712000196      -0.15812960228799411     
   7.5406666681600196      -0.29541033617254187     
   7.5566363651200197      -0.39834544412096495     
   7.5726060620800197      -0.47001517216957150     
   7.5885757590400198      -0.51349976635466965     
   7.6045454560000199      -0.53187947271256752     
   7.6205151529600199      -0.52823453727957326     
   7.6364848499200200      -0.50564520609199493     
   7.6524545468800200      -0.46719172518614072     
   7.6684242438400201      -0.41595434059831882     
   7.6843939408000201      -0.35501329836483703     
   7.7003636377600202      -0.28744884452200331     
   7.7163333347200203      -0.21634122510612658     
   7.7323030316800203      -0.14477068615351457     
   7.7482727286400204       -7.5817473700475008E-002
   7.7642424256000204       -1.2561833783315971E-002
   7.7802121225600205        4.2210377928097259E-002
   7.7961818195200205        8.7997363842745285E-002
   7.8121515164800206       0.12536502941762270     
   7.8281212134400207       0.15488533415226727     
   7.8440909104000207       0.17713023754621679     
   7.8600606073600208       0.19267169909900894     
   7.8760303043200208       0.20208167831018156     
   7.8920000012800209       0.20593213467927235     
   7.9079696982400209       0.20479502770581903     
   7.9239393952000210       0.19924231688935942     
   7.9399090921600211       0.18984596172943122     
   7.9558787891200211       0.17717792172557217     
   7.9718484860800212       0.16181015637732024     
   7.9878181830400212       0.14431462518421279     
   8.0037878800000204       0.12526328764578903     
   8.0197575769600196       0.10522810326158542     
   8.0357272739200187        8.4781031531139958E-002
   8.0516969708800179        6.4494031953989797E-002
   8.0676666678400171        4.4939064029673105E-002
   8.0836363648000162        2.6688087257727280E-002
   8.0996060617600154        1.0313061137689834E-002
   8.1155757587200146       -3.6169550750036147E-003
   8.1315454556800137       -1.4799371622795118E-002
   8.1475151526400129       -2.3408967988601714E-002
   8.1634848496000121       -2.9670152938445996E-002
   8.1794545465600113       -3.3807335238350542E-002
   8.1954242435200104       -3.6044923654337931E-002
   8.2113939404800096       -3.6607326952430769E-002
   8.2273636374400088       -3.5718953898651616E-002
   8.2433333344000079       -3.3604213259023061E-002
   8.2593030313600071       -3.0487513799567725E-002
   8.2752727283200063       -2.6593264286308135E-002
   8.2912424252800054       -2.2145873485266913E-002
   8.3072121222400046       -1.7369750162466651E-002
   8.3231818192000038       -1.2489303083929905E-002
   8.3391515161600029       -7.7289410156792865E-003
   8.3551212131200021       -3.3130727237373572E-003
   8.3710909100800013        5.3405367239667322E-004
   8.3870606070400004        3.6592672075907262E-003
   8.4030303039999996        6.0918392204348465E-003
   8.4190000009599988        7.8899058595722493E-003
   8.4349696979199980        9.1116032736461502E-003
   8.4509393948799971        9.8150676112997610E-003
   8.4669090918399963        1.0058435021176300E-002
   8.4828787887999955        9.8998416519189784E-003
   8.4988484857599946        9.3974236521710084E-003
   8.5148181827199938        8.6093171705756092E-003
   8.5307878796799930        7.5936583557759934E-003
   8.5467575766399921        6.4085833564153727E-003
   8.5627272735999913        5.1122283211369650E-003
   8.5786969705599905        3.7627293985839859E-003
   8.5946666675199896        2.4182227373996498E-003
   8.6106363644799888        1.1368444862271650E-003
   8.6266060614399880       -2.3269320541022169E-005
   8.6425757583999872       -1.0162269642245037E-003
   8.6585454553599863       -1.8420555593296440E-003
   8.6745151523199855       -2.5115445072143223E-003
   8.6904848492799847       -3.0354832092364180E-003
   8.7064545462399838       -3.4246610667538111E-003
   8.7224242431999830       -3.6898674811243794E-003
   8.7383939401599822       -3.8418918537060039E-003
   8.7543636371199813       -3.8915235858565625E-003
   8.7703333340799805       -3.8495520789339358E-003
   8.7863030310399797       -3.7267667342960028E-003
   8.8022727279999788       -3.5339569533006428E-003
   8.8182424249599780       -3.2819121373057342E-003
   8.8342121219199772       -2.9814216876691579E-003
   8.8501818188799763       -2.6432750057487921E-003
   8.8661515158399755       -2.2782614929025159E-003
   8.8821212127999747       -1.8971705504882102E-003
   8.8980909097599739       -1.5107915798637510E-003
   8.9140606067199730       -1.1299139823870209E-003
   8.9300303036799722       -7.6532715941590149E-004
   8.9460000006399714       -4.2782051230826626E-004
   8.9619696975999705       -1.2818344242199401E-004
   8.9779393945599697        1.2313819390834263E-004
   8.9939090915199689        3.2303233686474108E-004
   9.0098787884799680        4.7541852731491094E-004
   9.0258484854399672        5.8449937843427268E-004
   9.0418181823999664        6.5447750339824734E-004
   9.0577878793599655        6.8955551538225533E-004
   9.0737575763199647        6.9393602756171781E-004
   9.0897272732799639        6.7182165311205485E-004
   9.1056969702399631        6.2741500520868741E-004
   9.1216666671999622        5.6491869702703611E-004
   9.1376363641599614        4.8853534174252177E-004
   9.1536060611199606        4.0246755253056535E-004
   9.1695757580799597        3.1091794256658757E-004
   9.1855454550399589        2.1808912502600846E-004
   9.2015151519999581        1.2818371308424985E-004
   9.2174848489599572        4.5404319916730877E-005
   9.2334545459199564       -2.6096445098018171E-005
   9.2494242428799556       -8.4266683678792205E-005
   9.2653939398399547       -1.2987774782240592E-004
   9.2813636367999539       -1.6389947138684409E-004
   9.2973333337599531       -1.8730168823009139E-004
   9.3133030307199522       -2.0105423221013262E-004
   9.3292727276799514       -2.0612693718495253E-004
   9.3452424246399506       -2.0348963701253574E-004
   9.3612121215999498       -1.9411216555086715E-004
   9.3771818185599489       -1.7896435665793137E-004
   9.3931515155199481       -1.5901604419171317E-004
   9.4091212124799473       -1.3523706201019734E-004
   9.4250909094399464       -1.0859724397136853E-004
   9.4410606063999456       -8.0066423933211576E-005
   9.4570303033599448       -5.0614435753711123E-005
   9.4730000003199439       -2.1211113290851998E-005
   9.4889696972799431        7.1764875996909886E-006
   9.5049393942399423        3.3892050277415789E-005
   9.5209090911999414        5.8869559541256050E-005
   9.5368787881599406        8.2109015391211752E-005
   9.5528484851199398        1.0361041782728291E-004
   9.5688181820799389        1.2337376684946948E-004
   9.5847878790399381        1.4139906245777155E-004
   9.6007575759999373        1.5768630465218904E-004
   9.6167272729599365        1.7223549343272195E-004
   9.6326969699199356        1.8504662879937034E-004
   9.6486666668799348        1.9611971075213420E-004
   9.6646363638399340        2.0545473929101343E-004
   9.6806060607999331        2.1305171441600819E-004
   9.6965757577599323        2.1891063612711838E-004
   9.7125454547199315        2.2303150442434396E-004
   9.7285151516799306        2.2541431930768504E-004
   9.7444848486399298        2.2605908077714154E-004
   9.7604545455999290        2.2496578883271349E-004
   9.7764242425599281        2.2213444347440092E-004
   9.7923939395199273        2.1756504470220379E-004
   9.8083636364799265        2.1125759251612206E-004
   9.8243333334399257        2.0321208691615584E-004
   9.8403030303999248        1.9342852790230506E-004
   9.8562727273599240        1.8190691547456965E-004
   9.8722424243199232        1.6864724963294977E-004
   9.8882121212799223        1.5364953037744534E-004
   9.9041818182399215        1.3691375770805627E-004
   9.9201515151999207        1.1843993162478273E-004
   9.9361212121599198        9.8228052127624641E-005
   9.9520909091199190        7.6278119216581896E-005
   9.9680606060799182        5.2590132891654708E-005
   9.9840303030399173        2.7164093152842962E-005
