   2.0151515199999999       -4.1600000000000001     
   2.0311212169599999       -4.0324048543332047     
   2.0470909139200000       -3.9044693055921296     
   2.0630606108800000       -3.7761933527275158     
   2.0790303078400001       -3.6475769946901022     
   2.0950000048000001       -3.5186202304306295     
   2.1109697017600002       -3.3893228085163023     
   2.1269393987200003       -3.2596810607793998     
   2.1429090956800003       -3.1296888479052702     
   2.1588787926400004       -2.9993399755588412     
   2.1748484896000004       -2.8686282494050404     
   2.1908181865600005       -2.7375475531771669     
   2.2067878835200005       -2.6061014736625205     
   2.2227575804800006       -2.4743125821361485     
   2.2387272774400007       -2.3422056506956466     
   2.2546969744000007       -2.2098054514386090     
   2.2706666713600008       -2.0771367564626315     
   2.2866363683200008       -1.9442113814879698     
   2.3026060652800009       -1.8109645349579082     
   2.3185757622400009       -1.6773033713446770     
   2.3345454592000010       -1.5431350029928905     
   2.3505151561600011       -1.4083665422471632     
   2.3664848531200011       -1.2729061818455891     
   2.3824545500800012       -1.1366876023022143     
   2.3984242470400012      -0.99967033188733412     
   2.4143939440000013      -0.86181505126522373     
   2.4303636409600013      -0.72308244110015807     
   2.4463333379200014      -0.58343304893314507     
   2.4623030348800015      -0.44271545017795266     
   2.4782727318400015      -0.30046277939956945     
   2.4942424288000016      -0.15615302562183586     
   2.5102121257600016       -9.2641778685921272E-003
   2.5261818227200017       0.14072577483632143     
   2.5421515196800017       0.29426362712205734     
   2.5581212166400018       0.45112359785061912     
   2.5740909136000019       0.61072585743733232     
   2.5900606105600019       0.77248741113052644     
   2.6060303075200020       0.93582526417853096     
   2.6220000044800020        1.1001916317218186     
   2.6379697014400021        1.2667329017226134     
   2.6539393984000021        1.4390055185269224     
   2.6699090953600022        1.6207499120460811     
   2.6858787923200023        1.8157065121914258     
   2.7018484892800023        2.0276157488742927     
   2.7178181862400024        2.2579798054781959     
   2.7337878832000024        2.4990543557517957     
   2.7497575801600025        2.7407076752876995     
   2.7657272771200025        2.9728080368044605     
   2.7816969740800026        3.1852237130206316     
   2.7976666710400027        3.3703345073286135     
   2.8136363680000027        3.5562447957917995     
   2.8296060649600028        3.7976407303940425     
   2.8455757619200028        4.1498411963521677     
   2.8615454588800029        4.6681650788829980     
   2.8775151558400029        5.4077326515569890     
   2.8934848528000030        6.3960906853113420     
   2.9094545497600031        7.6052149799938418     
   2.9254242467200031        9.0004054623622629     
   2.9413939436800032        10.546962059174376     
   2.9573636406400032        12.210184697187962     
   2.9733333376000033        13.947881601209538     
   2.9893030345600033        15.672066290326553     
   3.0052727315200034        17.277453676249479     
   3.0212424284800035        18.658726523873057     
   3.0372121254400035        19.710567598092037     
   3.0531818224000036        20.331827833608855     
   3.0691515193600036        20.524896748307718     
   3.0851212163200037        20.400152202216944     
   3.1010909132800037        20.073030670972233     
   3.1170606102400038        19.658968630209280     
   3.1330303072000039        19.273372302536092     
   3.1490000041600039        18.998710908452267     
   3.1649697011200040        18.821715017100978     
   3.1809393980800040        18.711817095376894     
   3.1969090950400041        18.638449610174689     
   3.2128787920000041        18.571045028389040     
   3.2288484889600042        18.481573192826875     
   3.2448181859200043        18.365531614997334     
   3.2607878828800043        18.231172239299390     
   3.2767575798400044        18.086873099237902     
   3.2927272768000044        17.941012228317721     
   3.3086969737600045        17.801886222815995     
   3.3246666707200045        17.673584366617224     
   3.3406363676800046        17.554037638390970     
   3.3566060646400047        17.440687539701109     
   3.3725757616000047        17.330975572111512     
   3.3885454585600048        17.222343237186053     
   3.4045151555200048        17.112740468342800     
   3.4204848524800049        17.002286496085233     
   3.4364545494400049        16.891678996764526     
   3.4524242464000050        16.781615652129275     
   3.4683939433600051        16.672794143928076     
   3.4843636403200051        16.565878315997388     
   3.5003333372800052        16.461029985122181     
   3.5163030342400052        16.358026688273931     
   3.5322727312000053        16.256636202606931     
   3.5482424281600053        16.156626305275459     
   3.5642121251200054        16.057765662723821     
   3.5801818220800055        15.959961649462148     
   3.5961515190400055        15.863409631424126     
   3.6121212160000056        15.768340815609323     
   3.6280909129600056        15.674986409017301     
   3.6440606099200057        15.583577618647622     
   3.6600303068800057        15.494290717692969     
   3.6760000038400058        15.406954765896076     
   3.6919697008000059        15.321263553144625     
   3.7079393977600059        15.236910563593295     
   3.7239090947200060        15.153589281396762     
   3.7398787916800060        15.071002531283506     
   3.7558484886400061        14.989097728550998     
   3.7718181856000061        14.908084650574745     
   3.7877878825600062        14.828185975088195     
   3.8037575795200063        14.749624379824796     
   3.8197272764800063        14.672622478957150     
   3.8356969734400064        14.597310615451292     
   3.8516666704000064        14.523542358771534     
   3.8676363673600065        14.451119601270777     
   3.8836060643200065        14.379844235301928     
   3.8995757612800066        14.309518153217887     
   3.9155454582400067        14.239967039315832     
   3.9315151552000067        14.171245425002621     
   3.9474848521600068        14.103535584877386     
   3.9634545491200068        14.037021183883795     
   3.9794242460800069        13.971885886965511     
   3.9953939430400069        13.908311090439454     
   4.0113636400000070        13.846352044632983     
   4.0273333369600071        13.785874001404629     
   4.0433030339200071        13.726726498085121     
   4.0592727308800072        13.668759072005187     
   4.0752424278400072        13.611821260495555     
   4.0912121248000073        13.555790176371659     
   4.1071818217600073        13.500664449454252     
   4.1231515187200074        13.446476171912227     
   4.1391212156800075        13.393257436935793     
   4.1550909126400075        13.341040337715159     
   4.1710606096000076        13.289856622680331     
   4.1870303065600076        13.239732701708053     
   4.2030000035200077        13.190690781038231     
   4.2189697004800077        13.142752953206152     
   4.2349393974400078        13.095941310747101     
   4.2509090944000079        13.050277709886137     
   4.2668787913600079        13.005742330704349     
   4.2828484883200080        12.962226198593692     
   4.2988181852800080        12.919608847871599     
   4.3147878822400081        12.877769812855501     
   4.3307575792000081        12.836588627862827     
   4.3467272761600082        12.795963917570155     
   4.3626969731200083        12.755919094396139     
   4.3786666700800083        12.716527703461924     
   4.3946363670400084        12.677863425657465     
   4.4106060640000084        12.639999941872709     
   4.4265757609600085        12.603006848373624     
   4.4425454579200085        12.566840849985818     
   4.4585151548800086        12.531334109522852     
   4.4744848518400087        12.496312368011502     
   4.4904545488000087        12.461601366478538     
   4.5064242457600088        12.427026889608475     
   4.5223939427200088        12.392502400511070     
   4.5383636396800089        12.358212796082730     
   4.5543333366400089        12.324395339267349     
   4.5703030336000090        12.291287293008820     
   4.5862727305600091        12.259125920251035     
   4.6022424275200091        12.228111194946377     
   4.6182121244800092        12.198070884355026     
   4.6341818214400092        12.168618841662484     
   4.6501515184000093        12.139366367126867     
   4.6661212153600093        12.109924761006283     
   4.6820909123200094        12.079908706029453     
   4.6980606092800095        12.049135833161360     
   4.7140303062400095        12.017738343133207     
   4.7300000032000096        11.985875496441031     
   4.7459697001600096        11.953706553580872     
   4.7619393971200097        11.921390775048769     
   4.7779090940800097        11.889084279334414     
   4.7938787910400098        11.856928883987178     
   4.8098484880000099        11.825062339975132     
   4.8258181849600099        11.793622397981100     
   4.8417878819200100        11.762746808687913     
   4.8577575788800100        11.732507862916812     
   4.8737272758400101        11.701919168865166     
   4.8896969728000101        11.669136847041456     
   4.9056666697600102        11.632292358294189     
   4.9216363667200103        11.589517163471875     
   4.9376060636800103        11.538954159576150     
   4.9535757606400104        11.481042951354047     
   4.9695454576000104        11.421286038932141     
   4.9855151545600105        11.365861555033867     
   5.0014848515200105        11.320947632382664     
   5.0174545484800106        11.292722403701969     
   5.0334242454400107        11.284618627132389     
   5.0493939424000107        11.281506101406995     
   5.0653636393600108        11.260565465363737     
   5.0813333363200108        11.198952726529232     
   5.0973030332800109        11.073823892430104     
   5.1132727302400109        10.863975781519619     
   5.1292424272000110        10.596131377127941     
   5.1452121241600111        10.351392458631187     
   5.1611818211200111        10.213798600594972     
   5.1771515180800112        10.267389377584918     
   5.1931212150400112        10.596176150828130     
   5.2090909120000113        11.202029427492846     
   5.2250606089600113        11.824338914189731     
   5.2410303059200114        12.150176449061213     
   5.2570000028800115        11.866613870249710     
   5.2729696998400115        10.660723015897648     
   5.2889393968000116        8.2619305283493691     
   5.3049090937600116        4.8385662561528884     
   5.3208787907200117       0.81864147081565797     
   5.3368484876800117       -3.3664469498687506     
   5.3528181846400118       -7.2853021281067640     
   5.3687878816000119       -10.509567860390577     
   5.3847575785600119       -12.808290963193967     
   5.4007272755200120       -14.265421354203060     
   5.4166969724800120       -14.993068479484876     
   5.4326666694400121       -15.103341785106434     
   5.4486363664000121       -14.708350717134755     
   5.4646060633600122       -13.920204721636857     
   5.4805757603200123       -12.851013244679763     
   5.4965454572800123       -11.612885732330486     
   5.5125151542400124       -10.317931630656048     
   5.5284848512000124       -9.0782603857234712     
   5.5444545481600125       -8.0020040031451369     
   5.5604242451200125       -7.1300595022898916     
   5.5763939420800126       -6.4473095036523844     
   5.5923636390400127       -5.9369267829111223     
   5.6083333360000127       -5.5820841157446157     
   5.6243030329600128       -5.3659542778313751     
   5.6402727299200128       -5.2717100448499101     
   5.6562424268800129       -5.2825241924787303     
   5.6722121238400129       -5.3815694963963443     
   5.6881818208000130       -5.5520187322812635     
   5.7041515177600131       -5.7770446758119967     
   5.7201212147200131       -6.0398201026670524     
   5.7360909116800132       -6.3235177885249438     
   5.7520606086400132       -6.6113105090641771     
   5.7680303056000133       -6.8863710399632669     
   5.7840000025600133       -7.1318721569007151     
   5.7999696995200134       -7.3312869262524458     
   5.8159393964800135       -7.4773706960762638     
   5.8319090934400135       -7.5737111963104846     
   5.8478787904000136       -7.6245087872662118     
   5.8638484873600136       -7.6339638292545509     
   5.8798181843200137       -7.6062766825866053     
   5.8957878812800137       -7.5456477075734814     
   5.9117575782400138       -7.4562772645262836     
   5.9277272752000139       -7.3423657137561165     
   5.9436969721600139       -7.2081134155740836     
   5.9596666691200140       -7.0577207302912912     
   5.9756363660800140       -6.8953880182188438     
   5.9916060630400141       -6.7253156396678460     
   6.0075757600000141       -6.5517039549494021     
   6.0235454569600142       -6.3787533243746157     
   6.0395151539200143       -6.2106641082545950     
   6.0554848508800143       -6.0516133155899956     
   6.0714545478400144       -5.9041327746279846     
   6.0874242448000144       -5.7680530415619522     
   6.1033939417600145       -5.6429536827797140     
   6.1193636387200145       -5.5284142646690881     
   6.1353333356800146       -5.4240143536178911     
   6.1513030326400147       -5.3293335160139410     
   6.1672727296000147       -5.2439513182450552     
   6.1832424265600148       -5.1674473266990510     
   6.1992121235200148       -5.0994011077637449     
   6.2151818204800149       -5.0393922278269550     
   6.2311515174400149       -4.9870002532764968     
   6.2471212144000150       -4.9418047505001903     
   6.2630909113600151       -4.9033852858858511     
   6.2790606083200151       -4.8713214258212965     
   6.2950303052800152       -4.8451927366943437     
   6.3110000022400152       -4.8245787848928119     
   6.3269696992000153       -4.8090591368045157     
   6.3429393961600153       -4.7982133588172733     
   6.3589090931200154       -4.7916210173189029     
   6.3748787900800155       -4.7888616786972209     
   6.3908484870400155       -4.7895149093400446     
   6.4068181840000156       -4.7930415748580568     
   6.4227878809600156       -4.7980432166615490     
   6.4387575779200157       -4.8027431374814498     
   6.4547272748800157       -4.8053629991412521     
   6.4706969718400158       -4.8041244634644471     
   6.4866666688000159       -4.7972491922745268     
   6.5026363657600159       -4.7829588473949824     
   6.5186060627200160       -4.7594750906493051     
   6.5345757596800160       -4.7250195838609876     
   6.5505454566400161       -4.6778139888535213     
   6.5665151536000161       -4.6160799674503972     
   6.5824848505600162       -4.5380391814751073     
   6.5984545475200163       -4.4419132927511429     
   6.6144242444800163       -4.3259239631019959     
   6.6303939414400164       -4.1882928543511584     
   6.6463636384000164       -4.0272416283221206     
   6.6623333353600165       -3.8412552931757094     
   6.6783030323200165       -3.6317638066848588     
   6.6942727292800166       -3.4020432214040248     
   6.7102424262400167       -3.1553980258593741     
   6.7262121232000167       -2.8951327085770724     
   6.7421818201600168       -2.6245517580832858     
   6.7581515171200168       -2.3469596629041805     
   6.7741212140800169       -2.0656609115659226     
   6.7900909110400169       -1.7839599925946783     
   6.8060606080000170       -1.5051613945166133     
   6.8220303049600171       -1.2325696058578948     
   6.8380000019200171      -0.96948911514468739     
   6.8539696988800172      -0.71922441090315870     
   6.8699393958400172      -0.48507998165947352     
   6.8859090928000173      -0.27036031593979848     
   6.9018787897600173       -7.8369902270300162E-002
   6.9178484867200174        8.7723437045445316E-002
   6.9338181836800175       0.22728158111771829     
   6.9497878806400175       0.34189593408980762     
   6.9657575776000176       0.43323423062393118     
   6.9817272745600176       0.50296420538230735     
   6.9976969715200177       0.55275359302715399     
   7.0136666684800177       0.58427012822068924     
   7.0296363654400178       0.59918154562513115     
   7.0456060624000179       0.59915557990269808     
   7.0615757593600179       0.58585996571560783     
   7.0775454563200180       0.56096243772607868     
   7.0935151532800180       0.52613073059632831     
   7.1094848502400181       0.48303257898857543     
   7.1254545472000181       0.43333571756503775     
   7.1414242441600182       0.37870788098793334     
   7.1573939411200183       0.32081680391948064     
   7.1733636380800183       0.26133022102189746     
   7.1893333350400184       0.20191586695740177     
   7.2053030320000184       0.14424147638821169     
   7.2212727289600185        8.9974783976545819E-002
   7.2372424259200185        4.0783524384621170E-002
   7.2532121228800186       -1.6645985191778194E-003
   7.2691818198400187       -3.6140885937244883E-002
   7.2851515168000187       -6.2960484654913870E-002
   7.3011212137600188       -8.2777733382643312E-002
   7.3170909107200188       -9.6246970830891690E-002
   7.3330606076800189      -0.10402253571011748     
   7.3490303046400189      -0.10675876673077922     
   7.3650000016000190      -0.10511000260333538     
   7.3809696985600191       -9.9730582038244434E-002
   7.3969393955200191       -9.1274843745964923E-002
   7.4129090924800192       -8.0397126436955374E-002
   7.4288787894400192       -6.7751768821674149E-002
   7.4448484864000193       -5.3993109610579952E-002
   7.4608181833600193       -3.9775487514131118E-002
   7.4767878803200194       -2.5753241242786131E-002
   7.4927575772800195       -1.2580709507003593E-002
   7.5087272742400195       -9.1223101724200004E-004
   7.5246969712000196        8.7026915459628446E-003
   7.5406666681600196        1.6257961811075857E-002
   7.5566363651200197        2.1923014279202683E-002
   7.5726060620800197        2.5867370853591032E-002
   7.5885757590400198        2.8260553437488616E-002
   7.6045454560000199        2.9272083934143139E-002
   7.6205151529600199        2.9071484246802320E-002
   7.6364848499200200        2.7828276278713867E-002
   7.6524545468800200        2.5711981933125485E-002
   7.6684242438400201        2.2892123113284878E-002
   7.6843939408000201        1.9538221722439783E-002
   7.7003636377600202        1.5819799663837873E-002
   7.7163333347200203        1.1906378840726881E-002
   7.7323030316800203        7.9674811563545181E-003
   7.7482727286400204        4.1726285139684688E-003
   7.7642424256000204        6.9134281681649471E-004
   7.7802121225600205       -2.3230558594444727E-003
   7.7961818195200205       -4.8429509927340152E-003
   7.8121515164800206       -6.8994872932464420E-003
   7.8281212134400207       -8.5241426565132606E-003
   7.8440909104000207       -9.7483949780659777E-003
   7.8600606073600208       -1.0603722153436102E-002
   7.8760303043200208       -1.1121602078155140E-002
   7.8920000012800209       -1.1333512647754602E-002
   7.9079696982400209       -1.1270931757765994E-002
   7.9239393952000210       -1.0965337303720825E-002
   7.9399090921600211       -1.0448207181150601E-002
   7.9558787891200211       -9.7510192855868316E-003
   7.9718484860800212       -8.9052515125610208E-003
   7.9878181830400212       -7.9423817576046787E-003
   8.0037878800000204       -6.8938879162493702E-003
   8.0197575769600196       -5.7912478840265588E-003
   8.0357272739200187       -4.6659395564677330E-003
   8.0516969708800179       -3.5494408291044037E-003
   8.0676666678400171       -2.4732295974680732E-003
   8.0836363648000162       -1.4687837570902355E-003
   8.0996060617600154       -5.6758120350239229E-004
   8.1155757587200146        1.9905978322789505E-004
   8.1315454556800137        8.1448612052216691E-004
   8.1475151526400129        1.2883168291481020E-003
   8.1634848496000121        1.6329022865343857E-003
   8.1794545465600113        1.8605928701097040E-003
   8.1954242435200104        1.9837389573027432E-003
   8.2113939404800096        2.0146909255421880E-003
   8.2273636374400088        1.9657991522567253E-003
   8.2433333344000079        1.8494140148750404E-003
   8.2593030313600071        1.6778858908258198E-003
   8.2752727283200063        1.4635651575377467E-003
   8.2912424252800054        1.2188021924395100E-003
   8.3072121222400046        9.5594737295979604E-004
   8.3231818192000038        6.8735107652728776E-004
   8.3391515161600029        4.2536368057067084E-004
   8.3551212131200021        1.8233556251863418E-004
   8.3710909100800013       -2.9391741410898451E-005
   8.3870606070400004       -2.0138843917358494E-004
   8.4030303039999996       -3.3526548423544857E-004
   8.4190000009599988       -4.3422241015625049E-004
   8.4349696979199980       -5.0145875049575201E-004
   8.4509393948799971       -5.4017403881371454E-004
   8.4669090918399963       -5.5356780866989920E-004
   8.4828787887999955       -5.4483959362406752E-004
   8.4988484857599946       -5.1718892723598040E-004
   8.5148181827199938       -4.7381534306539927E-004
   8.5307878796799930       -4.1791837467208582E-004
   8.5467575766399921       -3.5269755561580072E-004
   8.5627272735999913       -2.8135241945630521E-004
   8.5786969705599905       -2.0708249975336123E-004
   8.5946666675199896       -1.3308733006673015E-004
   8.6106363644799888       -6.2566443956172101E-005
   8.6266060614399880        1.2806313063624794E-006
   8.6425757583999872        5.5928236600690826E-005
   8.6585454553599863        1.0137786417862309E-004
   8.6745151523199855        1.3822331071468836E-004
   8.6904848492799847        1.6705837288341570E-004
   8.7064545462399838        1.8847684735933421E-004
   8.7224242431999830        2.0307253081697295E-004
   8.7383939401599822        2.1143921993086102E-004
   8.7543636371199813        2.1417071137552749E-004
   8.7703333340799805        2.1186080182550136E-004
   8.7863030310399797        2.0510328795531179E-004
   8.8022727279999788        1.9449196643948790E-004
   8.8182424249599780        1.8062063395255873E-004
   8.8342121219199772        1.6408308716905323E-004
   8.8501818188799763        1.4547312276350059E-004
   8.8661515158399755        1.2538453741043007E-004
   8.8821212127999747        1.0441112778437043E-004
   8.8980909097599739        8.3146690559850899E-005
   8.9140606067199730        6.2185022411400510E-005
   8.9300303036799722        4.2119920013548486E-005
   8.9460000006399714        2.3545180040823513E-005
   8.9619696975999705        7.0545991677552004E-006
   8.9779393945599697       -6.7769329942381682E-006
   8.9939090915199689       -1.7778143664621396E-005
   9.0098787884799680       -2.6164745490994706E-005
   9.0258484854399672       -3.2168030057119094E-005
   9.0418181823999664       -3.6019288946755535E-005
   9.0577878793599655       -3.7949813743665040E-005
   9.0737575763199647       -3.8190896031608589E-005
   9.0897272732799639       -3.6973827394347168E-005
   9.1056969702399631       -3.4529899415641791E-005
   9.1216666671999622       -3.1090403679253404E-005
   9.1376363641599614       -2.6886631768943061E-005
   9.1536060611199606       -2.2149875268471705E-005
   9.1695757580799597       -1.7111425761600366E-005
   9.1855454550399589       -1.2002574832089997E-005
   9.2015151519999581       -7.0546140637015788E-006
   9.2174848489599572       -2.4988350401961556E-006
   9.2334545459199564        1.4362226227609338E-006
   9.2494242428799556        4.6376323284626958E-006
   9.2653939398399547        7.1478455749493951E-006
   9.2813636367999539        9.0202373457456252E-006
   9.2973333337599531        1.0308182624375980E-005
   9.3133030307199522        1.1065056394365055E-005
   9.3292727276799514        1.1344233639237440E-005
   9.3452424246399506        1.1199089342517736E-005
   9.3612121215999498        1.0682998487730531E-005
   9.3771818185599489        9.8493360584004221E-006
   9.3931515155199481        8.7514770380520026E-006
   9.4091212124799473        7.4427964102098664E-006
   9.4250909094399464        5.9766691583986120E-006
   9.4410606063999456        4.4064702661428364E-006
   9.4570303033599448        2.7855747169671027E-006
   9.4730000003199439        1.1673574943960536E-006
   9.4889696972799431       -3.9495930591030017E-007
   9.5049393942399423       -1.8652551777587582E-006
   9.5209090911999414       -3.2398969625002546E-006
   9.5368787881599406       -4.5188846601347899E-006
   9.5528484851199398       -5.7022182706623635E-006
   9.5688181820799389       -6.7898977940829756E-006
   9.5847878790399381       -7.7819232303966263E-006
   9.6007575759999373       -8.6782945796033156E-006
   9.6167272729599365       -9.4790118417030436E-006
   9.6326969699199356       -1.0184075016695810E-005
   9.6486666668799348       -1.0793484104581615E-005
   9.6646363638399340       -1.1307239105360457E-005
   9.6806060607999331       -1.1725340019032341E-005
   9.6965757577599323       -1.2047786845597262E-005
   9.7125454547199315       -1.2274579585055222E-005
   9.7285151516799306       -1.2405718237406218E-005
   9.7444848486399298       -1.2441202802650255E-005
   9.7604545455999290       -1.2381033280787330E-005
   9.7764242425599281       -1.2225209671817442E-005
   9.7923939395199273       -1.1973731975740595E-005
   9.8083636364799265       -1.1626600192556784E-005
   9.8243333334399257       -1.1183814322266012E-005
   9.8403030303999248       -1.0645374364868279E-005
   9.8562727273599240       -1.0011280320363584E-005
   9.8722424243199232       -9.2815321887519292E-006
   9.8882121212799223       -8.4561299700333116E-006
   9.9041818182399215       -7.5350736642077325E-006
   9.9201515151999207       -6.5183632712751929E-006
   9.9361212121599198       -5.4059987912356911E-006
   9.9520909091199190       -4.1979802240892287E-006
   9.9680606060799182       -2.8943075698358040E-006
   9.9840303030399173       -1.4949808284754182E-006
