   2.0151515199999999       -6.7100000000000000     
   2.0311212169599999       -7.0137989041097519     
   2.0470909139200000       -7.3281860856167764     
   2.0630606108800000       -7.6518102273611337     
   2.0790303078400001       -7.9833200121828867     
   2.0950000048000001       -8.3213641229220965     
   2.1109697017600002       -8.6645208216978471     
   2.1269393987200003       -9.0104074091317585     
   2.1429090956800003       -9.3559461722994861     
   2.1588787926400004       -9.6980439237062850     
   2.1748484896000004       -10.033607475857407     
   2.1908181865600005       -10.359565598097332     
   2.2067878835200005       -10.675576057338438     
   2.2227575804800006       -10.986636034341375     
   2.2387272774400007       -11.298361694299821     
   2.2546969744000007       -11.616369202407455     
   2.2706666713600008       -11.946274723857959     
   2.2866363683200008       -12.292005734132756     
   2.3026060652800009       -12.647504979408687     
   2.3185757622400009       -13.003058747651639     
   2.3345454592000010       -13.348947836058755     
   2.3505151561600011       -13.675453041827177     
   2.3664848531200011       -13.973566264522400     
   2.3824545500800012       -14.251055160115147     
   2.3984242470400012       -14.532700075809061     
   2.4143939440000013       -14.844039851063593     
   2.4303636409600013       -15.210613325338201     
   2.4463333379200014       -15.657925523565035     
   2.4623030348800015       -16.183039526303467     
   2.4782727318400015       -16.702893553622744     
   2.4942424288000016       -17.120418353800627     
   2.5102121257600016       -17.338544675114878     
   2.5261818227200017       -17.260203265843263     
   2.5421515196800017       -16.816837626851910     
   2.5581212166400018       -16.194848953826117     
   2.5740909136000019       -15.714849902673702     
   2.5900606105600019       -15.698652969856406     
   2.6060303075200020       -16.468070651835973     
   2.6220000044800020       -18.338557143256889     
   2.6379697014400021       -21.319628123318047     
   2.6539393984000021       -24.985584479239712     
   2.6699090953600022       -28.877502464959353     
   2.6858787923200023       -32.536458334414426     
   2.7018484892800023       -35.503528341542406     
   2.7178181862400024       -37.436447992301495     
   2.7337878832000024       -38.474888488470683     
   2.7497575801600025       -38.882954189525826     
   2.7657272771200025       -38.924749604740825     
   2.7816969740800026       -38.864379243389600     
   2.7976666710400027       -38.953360510403662     
   2.8136363680000027       -39.264169030146469     
   2.8296060649600028       -39.736059841383650     
   2.8455757619200028       -40.305116897093498     
   2.8615454588800029       -40.907424150254315     
   2.8775151558400029       -41.479241617799637     
   2.8934848528000030       -41.981272495208131     
   2.9094545497600031       -42.423482169502684     
   2.9254242467200031       -42.821754012086117     
   2.9413939436800032       -43.191971394361268     
   2.9573636406400032       -43.550017687730964     
   2.9733333376000033       -43.909763158528932     
   2.9893030345600033       -44.272772517579568     
   3.0052727315200034       -44.635962144203205     
   3.0212424284800035       -44.996239779507128     
   3.0372121254400035       -45.350513164598624     
   3.0531818224000036       -45.695769551237674     
   3.0691515193600036       -46.030971259549801     
   3.0851212163200037       -46.357140560181982     
   3.1010909132800037       -46.675396220288583     
   3.1170606102400038       -46.986857007023993     
   3.1330303072000039       -47.292641409197941     
   3.1490000041600039       -47.593564876928923     
   3.1649697011200040       -47.889562011631746     
   3.1809393980800040       -48.180408262584386     
   3.1969090950400041       -48.465879079064820     
   3.2128787920000041       -48.745749910351023     
   3.2288484889600042       -49.019821620942004     
   3.2448181859200043       -49.288130736476958     
   3.2607878828800043       -49.550841535337398     
   3.2767575798400044       -49.808119558856248     
   3.2927272768000044       -50.060130348366435     
   3.3086969737600045       -50.307037828768919     
   3.3246666707200045       -50.548922414824439     
   3.3406363676800046       -50.785742286269624     
   3.3566060646400047       -51.017445907303490     
   3.3725757616000047       -51.243981742125065     
   3.3885454585600048       -51.465298254933366     
   3.4045151555200048       -51.681418584125588     
   3.4204848524800049       -51.892684476225220     
   3.4364545494400049       -52.099522635020939     
   3.4524242464000050       -52.302359765094124     
   3.4683939433600051       -52.501622571026175     
   3.4843636403200051       -52.697704144428350     
   3.5003333372800052       -52.890498887151843     
   3.5163030342400052       -53.079519475785382     
   3.5322727312000053       -53.264268891980194     
   3.5482424281600053       -53.444250117387490     
   3.5642121251200054       -53.618968601806770     
   3.5801818220800055       -53.788314767393061     
   3.5961515190400055       -53.952978331829314     
   3.6121212160000056       -54.113748486606823     
   3.6280909129600056       -54.271414423216875     
   3.6440606099200057       -54.426765333150755     
   3.6600303068800057       -54.580474723069429     
   3.6760000038400058       -54.732484904558831     
   3.6919697008000059       -54.882453325090829     
   3.7079393977600059       -55.030036788295675     
   3.7239090947200060       -55.174892097803628     
   3.7398787916800060       -55.316685600766533     
   3.7558484886400061       -55.455333549259279     
   3.7718181856000061       -55.591020257920221     
   3.7877878825600062       -55.723943222038834     
   3.8037575795200063       -55.854299936904582     
   3.8197272764800063       -55.982287858807773     
   3.8356969734400064       -56.108047828976751     
   3.8516666704000064       -56.231550868069299     
   3.8676363673600065       -56.352736289096015     
   3.8836060643200065       -56.471543405067500     
   3.8995757612800066       -56.587911528994347     
   3.9155454582400067       -56.701786575645798     
   3.9315151552000067       -56.813177959998079     
   3.9474848521600068       -56.922130543047054     
   3.9634545491200068       -57.028689571579648     
   3.9794242460800069       -57.132900292382786     
   3.9953939430400069       -57.234809449694595     
   4.0113636400000070       -57.334547052867507     
   4.0273333369600071       -57.432368523439258     
   4.0433030339200071       -57.528539655627348     
   4.0592727308800072       -57.623326243649295     
   4.0752424278400072       -57.716994081722589     
   4.0912121248000073       -57.809718025551405     
   4.1071818217600073       -57.901272191707655     
   4.1231515187200074       -57.991320344534628     
   4.1391212156800075       -58.079526245007514     
   4.1550909126400075       -58.165553654101501     
   4.1710606096000076       -58.249088506791054     
   4.1870303065600076       -58.330160098669168     
   4.2030000035200077       -58.409068091339115     
   4.2189697004800077       -58.486119459563021     
   4.2349393974400078       -58.561621178103010     
   4.2509090944000079       -58.635879514823380     
   4.2668787913600079       -58.709076067671404     
   4.2828484883200080       -58.781125737471349     
   4.2988181852800080       -58.851909050674742     
   4.3147878822400081       -58.921306533733109     
   4.3307575792000081       -58.989198713097970     
   4.3467272761600082       -59.055494669110033     
   4.3626969731200083       -59.120290130005408     
   4.3786666700800083       -59.183755808656180     
   4.3946363670400084       -59.246062621006956     
   4.4106060640000084       -59.307381483002345     
   4.4265757609600085       -59.367877560857188     
   4.4425454579200085       -59.427557108906747     
   4.4585151548800086       -59.486251069654344     
   4.4744848518400087       -59.543781345961278     
   4.4904545488000087       -59.599969840688850     
   4.5064242457600088       -59.654638492076693     
   4.5223939427200088       -59.707680289173105     
   4.5383636396800089       -59.759208179242876     
   4.5543333366400089       -59.809377544733778     
   4.5703030336000090       -59.858343768093590     
   4.5862727305600091       -59.906262231770093     
   4.6022424275200091       -59.953275645981222     
   4.6182121244800092       -59.999400230831860     
   4.6341818214400092       -60.044579510217908     
   4.6501515184000093       -60.088756140452581     
   4.6661212153600093       -60.131872777849104     
   4.6820909123200094       -60.173872889450188     
   4.6980606092800095       -60.214748586068183     
   4.7140303062400095       -60.254567376358338     
   4.7300000032000096       -60.293403254811857     
   4.7459697001600096       -60.331330215919955     
   4.7619393971200097       -60.368422254173822     
   4.7779090940800097       -60.404707697123442     
   4.7938787910400098       -60.440007017805087     
   4.8098484880000099       -60.474081584240857     
   4.8258181849600099       -60.506692760307125     
   4.8417878819200100       -60.537601909880280     
   4.8577575788800100       -60.566606912938589     
   4.8737272758400101       -60.594096224533857     
   4.8896969728000101       -60.620936640292754     
   4.9056666697600102       -60.648008711976395     
   4.9216363667200103       -60.676192991345900     
   4.9376060636800103       -60.706364111994603     
   4.9535757606400104       -60.738208169585405     
   4.9695454576000104       -60.768791229780277     
   4.9855151545600105       -60.794829720822129     
   5.0014848515200105       -60.813040070953868     
   5.0174545484800106       -60.820138708418405     
   5.0334242454400107       -60.814421395334691     
   5.0493939424000107       -60.804862622624334     
   5.0653636393600108       -60.804860230494889     
   5.0813333363200108       -60.827826228828464     
   5.0973030332800109       -60.887172627507191     
   5.1132727302400109       -60.995338305991929     
   5.1292424272000110       -61.136338144209041     
   5.1452121241600111       -61.261936102832983     
   5.1611818211200111       -61.322153798052419     
   5.1771515180800112       -61.267012846056012     
   5.1931212150400112       -61.046551587837705     
   5.2090909120000113       -60.659501282830000     
   5.2250606089600113       -60.260191234333739     
   5.2410303059200114       -60.033964663527648     
   5.2570000028800115       -60.166164791590461     
   5.2729696998400115       -60.842134839700918     
   5.2889393968000116       -62.197350425127738     
   5.3049090937600116       -63.850532297440125     
   5.3208787907200117       -65.114658077725451     
   5.3368484876800117       -65.298719249572571     
   5.3528181846400118       -63.711707296570353     
   5.3687878816000119       -59.669054760134237     
   5.3847575785600119       -52.904352835765131     
   5.4007272755200120       -43.818251698013846     
   5.4166969724800120       -32.871051827128312     
   5.4326666694400121       -20.523053703356453     
   5.4486363664000121       -7.2345578069462064     
   5.4646060633600122        6.5341353818544974     
   5.4805757603200123        20.322725382797756     
   5.4965454572800123        33.670911715635626     
   5.5125151542400124        46.118393900120168     
   5.5284848512000124        57.204871456003488     
   5.5444545481600125        66.489130476638138     
   5.5604242451200125        73.852598092521731     
   5.5763939420800126        79.445498153799718     
   5.5923636390400127        83.426259555872377     
   5.6083333360000127        85.953311194139971     
   5.6243030329600128        87.185081964002748     
   5.6402727299200128        87.280000760860986     
   5.6562424268800129        86.396496480114934     
   5.6722121238400129        84.692998017164854     
   5.6881818208000130        82.327934267411010     
   5.7041515177600131        79.459734126253679     
   5.7201212147200131        76.246826489093110     
   5.7360909116800132        72.847640251329580     
   5.7520606086400132        69.420604308363323     
   5.7680303056000133        66.124147555594632     
   5.7840000025600133        63.116698888423763     
   5.7999696995200134        60.553838593513618     
   5.8159393964800135        58.503093651415838     
   5.8319090934400135        56.929233221886605     
   5.8478787904000136        55.791214948548813     
   5.8638484873600136        55.047996475025343     
   5.8798181843200137        54.658535444939076     
   5.8957878812800137        54.581789501912901     
   5.9117575782400138        54.776716289569706     
   5.9277272752000139        55.202273451532378     
   5.9436969721600139        55.817418631423799     
   5.9596666691200140        56.581109472866856     
   5.9756363660800140        57.452303619484432     
   5.9916060630400141        58.389958714899414     
   6.0075757600000141        59.353032402734684     
   6.0235454569600142        60.300482326613142     
   6.0395151539200143        61.191266130157651     
   6.0554848508800143        61.984587392072662     
   6.0714545478400144        62.656976669935709     
   6.0874242448000144        63.213414212160501     
   6.1033939417600145        63.661523681903603     
   6.1193636387200145        64.008928742321615     
   6.1353333356800146        64.263253056571102     
   6.1513030326400147        64.432120287808672     
   6.1672727296000147        64.523154099190890     
   6.1832424265600148        64.543978153874349     
   6.1992121235200148        64.502216115015614     
   6.2151818204800149        64.405491645771292     
   6.2311515174400149        64.261428409297949     
   6.2471212144000150        64.077650068752178     
   6.2630909113600151        63.861780287290557     
   6.2790606083200151        63.621442728069674     
   6.2950303052800152        63.364261054246107     
   6.3110000022400152        63.097858928976443     
   6.3269696992000153        62.829860015417260     
   6.3429393961600153        62.567887976725153     
   6.3589090931200154        62.319566476056693     
   6.3748787900800155        62.092519176568466     
   6.3908484870400155        61.894369741417059     
   6.4068181840000156        61.731814566255281     
   6.4227878809600156        61.604837172351630     
   6.4387575779200157        61.510466353596179     
   6.4547272748800157        61.445718085427579     
   6.4706969718400158        61.407608343284487     
   6.4866666688000159        61.393153102605567     
   6.5026363657600159        61.399368338829468     
   6.5186060627200160        61.423270027394857     
   6.5345757596800160        61.461874143740381     
   6.5505454566400161        61.512196663304699     
   6.5665151536000161        61.571253561526476     
   6.5824848505600162        61.636060813844367     
   6.5984545475200163        61.703634395697023     
   6.6144242444800163        61.770990282523101     
   6.6303939414400164        61.835144449761266     
   6.6463636384000164        61.893112872850168     
   6.6623333353600165        61.942106074268708     
   6.6783030323200165        61.981510157278429     
   6.6942727292800166        62.012075027194790     
   6.7102424262400167        62.034571596400177     
   6.7262121232000167        62.049770777276954     
   6.7421818201600168        62.058443482207508     
   6.7581515171200168        62.061360623574217     
   6.7741212140800169        62.059293113759452     
   6.7900909110400169        62.053011865145599     
   6.8060606080000170        62.043287790115038     
   6.8220303049600171        62.030891801050139     
   6.8380000019200171        62.016594810333288     
   6.8539696988800172        62.001167730346857     
   6.8699393958400172        61.985381473473225     
   6.8859090928000173        61.970006952094778     
   6.9018787897600173        61.955815078593886     
   6.9178484867200174        61.943551663643767     
   6.9338181836800175        61.933497883511542     
   6.9497878806400175        61.925525413946261     
   6.9657575776000176        61.919491910945403     
   6.9817272745600176        61.915255030506472     
   6.9976969715200177        61.912672428626948     
   7.0136666684800177        61.911601761304318     
   7.0296363654400178        61.911900684536079     
   7.0456060624000179        61.913426854319709     
   7.0615757593600179        61.916037926652713     
   7.0775454563200180        61.919591557532563     
   7.0935151532800180        61.923945402956761     
   7.1094848502400181        61.928957118922796     
   7.1254545472000181        61.934484361428147     
   7.1414242441600182        61.940384786470311     
   7.1573939411200183        61.946516050046775     
   7.1733636380800183        61.952735808155033     
   7.1893333350400184        61.958901716792568     
   7.2053030320000184        61.964871431956873     
   7.2212727289600185        61.970502609645429     
   7.2372424259200185        61.975652905855739     
   7.2532121228800186        61.980179979250991     
   7.2691818198400187        61.983979491567808     
   7.2851515168000187        61.987080749643802     
   7.3011212137600188        61.989542422928771     
   7.3170909107200188        61.991423180872488     
   7.3330606076800189        61.992781692924751     
   7.3490303046400189        61.993676628535347     
   7.3650000016000190        61.994166657154061     
   7.3809696985600191        61.994310448230678     
   7.3969393955200191        61.994166671214984     
   7.4129090924800192        61.993793995556771     
   7.4288787894400192        61.993251090705826     
   7.4448484864000193        61.992596626111940     
   7.4608181833600193        61.991889271224885     
   7.4767878803200194        61.991187695494460     
   7.4927575772800195        61.990550568370452     
   7.5087272742400195        61.990036559302652     
   7.5246969712000196        61.989695493583703     
   7.5406666681600196        61.989531353767035     
   7.5566363651200197        61.989533314304111     
   7.5726060620800197        61.989690542272996     
   7.5885757590400198        61.989992204751758     
   7.6045454560000199        61.990427468818474     
   7.6205151529600199        61.990985501551194     
   7.6364848499200200        61.991655470027993     
   7.6524545468800200        61.992426541326942     
   7.6684242438400201        61.993287882526097     
   7.6843939408000201        61.994228660703534     
   7.7003636377600202        61.995238042937309     
   7.7163333347200203        61.996305196305499     
   7.7323030316800203        61.997419287886167     
   7.7482727286400204        61.998569484757382     
   7.7642424256000204        61.999744953997201     
   7.7802121225600205        62.000935330593514     
   7.7961818195200205        62.002133879860807     
   7.8121515164800206        62.003335564141707     
   7.8281212134400207        62.004535355401245     
   7.8440909104000207        62.005728225604457     
   7.8600606073600208        62.006909146716389     
   7.8760303043200208        62.008073090702055     
   7.8920000012800209        62.009215029526509     
   7.9079696982400209        62.010329935154772     
   7.9239393952000210        62.011412779551883     
   7.9399090921600211        62.012458534682878     
   7.9558787891200211        62.013462172512789     
   7.9718484860800212        62.014418665006659     
   7.9878181830400212        62.015322984129511     
   8.0037878800000204        62.016170101846384     
   8.0197575769600196        62.016954990122322     
   8.0357272739200187        62.017672620922347     
   8.0516969708800179        62.018317966211498     
   8.0676666678400171        62.018885997954811     
   8.0836363648000162        62.019371688117317     
   8.0996060617600154        62.019770008664054     
   8.1155757587200146        62.020075990967413     
   8.1315454556800137        62.020290124646309     
   8.1475151526400129        62.020422677545774     
   8.1634848496000121        62.020484934095720     
   8.1794545465600113        62.020488178726055     
   8.1954242435200104        62.020443695866689     
   8.2113939404800096        62.020362769947546     
   8.2273636374400088        62.020256685398522     
   8.2433333344000079        62.020136726649540     
   8.2593030313600071        62.020014178130502     
   8.2752727283200063        62.019900324271319     
   8.2912424252800054        62.019806449501914     
   8.3072121222400046        62.019743838252182     
   8.3231818192000038        62.019723774952048     
   8.3391515161600029        62.019757544031421     
   8.3551212131200021        62.019856429920203     
   8.3710909100800013        62.020031706991752     
   8.3870606070400004        62.020290200151976     
   8.4030303039999996        62.020627313322080     
   8.4190000009599988        62.021036643470907     
   8.4349696979199980        62.021511787567285     
   8.4509393948799971        62.022046342580047     
   8.4669090918399963        62.022633905478038     
   8.4828787887999955        62.023268073230085     
   8.4988484857599946        62.023942442805030     
   8.5148181827199938        62.024650611171708     
   8.5307878796799930        62.025386175298955     
   8.5467575766399921        62.026142732155613     
   8.5627272735999913        62.026913878710502     
   8.5786969705599905        62.027693211932466     
   8.5946666675199896        62.028474328790345     
   8.6106363644799888        62.029250826252969     
   8.6266060614399880        62.030016301297486     
   8.6425757583999872        62.030765241048641     
   8.6585454553599863        62.031495470877317     
   8.6745151523199855        62.032205598560225     
   8.6904848492799847        62.032894231874074     
   8.7064545462399838        62.033559978595569     
   8.7224242431999830        62.034201446501413     
   8.7383939401599822        62.034817243368323     
   8.7543636371199813        62.035405976972996     
   8.7703333340799805        62.035966255092141     
   8.7863030310399797        62.036496685502470     
   8.8022727279999788        62.036995875980679     
   8.8182424249599780        62.037462434303492     
   8.8342121219199772        62.037894968247606     
   8.8501818188799763        62.038292085589724     
   8.8661515158399755        62.038652394106563     
   8.8821212127999747        62.038974501574820     
   8.8980909097599739        62.039257015771213     
   8.9140606067199730        62.039498544472444     
   8.9300303036799722        62.039697695455217     
   8.9460000006399714        62.039853076496236     
   8.9619696975999705        62.039963295372225     
   8.9779393945599697        62.040027158978546     
   8.9939090915199689        62.040047724878690     
   9.0098787884799680        62.040032126151509     
   9.0258484854399672        62.039987659944572     
   9.0418181823999664        62.039921623405441     
   9.0577878793599655        62.039841313681677     
   9.0737575763199647        62.039754027920843     
   9.0897272732799639        62.039667063270493     
   9.1056969702399631        62.039587716878202     
   9.1216666671999622        62.039523285891526     
   9.1376363641599614        62.039481067458027     
   9.1536060611199606        62.039468358725266     
   9.1695757580799597        62.039492456840811     
   9.1855454550399589        62.039560658952212     
   9.2015151519999581        62.039680262207042     
   9.2174848489599572        62.039858563752858     
   9.2334545459199564        62.040102745556958     
   9.2494242428799556        62.040415150744444     
   9.2653939398399547        62.040791619279453     
   9.2813636367999539        62.041227533936912     
   9.2973333337599531        62.041718277491746     
   9.3133030307199522        62.042259232718898     
   9.3292727276799514        62.042845782393286     
   9.3452424246399506        62.043473309289858     
   9.3612121215999498        62.044137196183542     
   9.3771818185599489        62.044832825849255     
   9.3931515155199481        62.045555581061947     
   9.4091212124799473        62.046300844596544     
   9.4250909094399464        62.047063999227973     
   9.4410606063999456        62.047840427731174     
   9.4570303033599448        62.048625512881074     
   9.4730000003199439        62.049414637452607     
   9.4889696972799431        62.050203190619641     
   9.5049393942399423        62.050987277322243     
   9.5209090911999414        62.051764362218883     
   9.5368787881599406        62.052532062029449     
   9.5528484851199398        62.053287993473823     
   9.5688181820799389        62.054029773271907     
   9.5847878790399381        62.054755018143581     
   9.6007575759999373        62.055461344808741     
   9.6167272729599365        62.056146369987282     
   9.6326969699199356        62.056807710399084     
   9.6486666668799348        62.057442982764044     
   9.6646363638399340        62.058049803802049     
   9.6806060607999331        62.058625790232995     
   9.6965757577599323        62.059168558776761     
   9.7125454547199315        62.059675726153252     
   9.7285151516799306        62.060144909082354     
   9.7444848486399298        62.060573724283955     
   9.7604545455999290        62.060959788477938     
   9.7764242425599281        62.061300718384210     
   9.7923939395199273        62.061594130722646     
   9.8083636364799265        62.061837642213142     
   9.8243333334399257        62.062028869575599     
   9.8403030303999248        62.062165429529891     
   9.8562727273599240        62.062244938795914     
   9.8722424243199232        62.062265014093562     
   9.8882121212799223        62.062223272142717     
   9.9041818182399215        62.062117329663280     
   9.9201515151999207        62.061944803375141     
   9.9361212121599198        62.061703309998187     
   9.9520909091199190        62.061390466252298     
   9.9680606060799182        62.061003888857385     
   9.9840303030399173        62.060541194533322     
