   2.0151515199999999       -6.6699999999999999     
   2.0311212169599999       -7.1291002702133630     
   2.0470909139200000       -7.5261843912510074     
   2.0630606108800000       -7.8628610800562191     
   2.0790303078400001       -8.1407390535722879     
   2.0950000048000001       -8.3614270287424990     
   2.1109697017600002       -8.5291545974970457     
   2.1269393987200003       -8.6839158244541643     
   2.1429090956800003       -8.8915713599882462     
   2.1588787926400004       -9.2185577774965690     
   2.1748484896000004       -9.7313116503764157     
   2.1908181865600005       -10.495452375916601     
   2.2067878835200005       -11.475033202043655     
   2.2227575804800006       -12.435388363226519     
   2.2387272774400007       -13.118815112839814     
   2.2546969744000007       -13.267610704258157     
   2.2706666713600008       -12.624072390856169     
   2.2866363683200008       -11.001296263221834     
   2.3026060652800009       -8.6309912687197805     
   2.3185757622400009       -5.8981644933698938     
   2.3345454592000010       -3.1880532253658664     
   2.3505151561600011      -0.88589475290139674     
   2.3664848531200011       0.63559864609258909     
   2.3824545500800012        1.2991946843203117     
   2.3984242470400012        1.3273143196065968     
   2.4143939440000013       0.95573822240148310     
   2.4303636409600013       0.42024706315500965     
   2.4463333379200014       -4.3464593223452530E-002
   2.4623030348800015      -0.27212694104801854     
   2.4782727318400015      -0.30650066047977659     
   2.4942424288000016      -0.22301515244416073     
   2.5102121257600016       -9.8099817866605071E-002
   2.5261818227200017       -8.1840576725439769E-003
   2.5421515196800017       -1.9734298417319170E-002
   2.5581212166400018      -0.11012921649714925     
   2.5740909136000019      -0.20985109224037110     
   2.5900606105600019      -0.24896295565390922     
   2.6060303075200020      -0.15752783674468812     
   2.6220000044800020       0.13216584679688348     
   2.6379697014400021       0.58075206068660146     
   2.6539393984000021       0.99654082226925322     
   2.6699090953600022        1.1762136210498324     
   2.6858787923200023       0.91645194653333151     
   2.7018484892800023        1.3937288224745444E-002
   2.7178181862400024       -1.5819077819226612     
   2.7337878832000024       -3.2906659052150875     
   2.7497575801600025       -4.3690003241981934     
   2.7657272771200025       -4.0735740852881523     
   2.7816969740800026       -1.6610502349011376     
   2.7976666710400027        3.5390186600408220     
   2.8136363680000027        11.160283230020680     
   2.8296060649600028        20.064939103513485     
   2.8455757619200028        29.096818756021651     
   2.8615454588800029        37.099754663047605     
   2.8775151558400029        42.921729005796664     
   2.8934848528000030        45.986832784965081     
   2.9094545497600031        46.880232798477557     
   2.9254242467200031        46.326578644689043     
   2.9413939436800032        45.050519921954518     
   2.9573636406400032        43.776706228628932     
   2.9733333376000033        43.132020145017442     
   2.9893030345600033        43.145721461602740     
   3.0052727315200034        43.621322432370846     
   3.0212424284800035        44.361915794042780     
   3.0372121254400035        45.170594283339540     
   3.0531818224000036        45.855168158342529     
   3.0691515193600036        46.340632316991858     
   3.0851212163200037        46.674202520158353     
   3.1010909132800037        46.908819853803422     
   3.1170606102400038        47.097425403888479     
   3.1330303072000039        47.292946368136519     
   3.1490000041600039        47.533189575406610     
   3.1649697011200040        47.812011172031262     
   3.1809393980800040        48.115326275411995     
   3.1969090950400041        48.429050002950305     
   3.2128787920000041        48.739097472047717     
   3.2288484889600042        49.032548027311059     
   3.2448181859200043        49.307276241538830     
   3.2607878828800043        49.567008819130152     
   3.2767575798400044        49.815530318098453     
   3.2927272768000044        50.056625296457149     
   3.3086969737600045        50.294045162368569     
   3.3246666707200045        50.529828694731357     
   3.3406363676800046        50.763507871726397     
   3.3566060646400047        50.994415424904695     
   3.3725757616000047        51.221884085817244     
   3.3885454585600048        51.445246586015045     
   3.4045151555200048        51.663946529983221     
   3.4204848524800049        51.877900577407580     
   3.4364545494400049        52.087151528749423     
   3.4524242464000050        52.291742185647045     
   3.4683939433600051        52.491715349738755     
   3.4843636403200051        52.687116266480395     
   3.5003333372800052        52.878026438367307     
   3.5163030342400052        53.064555121077355     
   3.5322727312000053        53.246812275154937     
   3.5482424281600053        53.424907861144455     
   3.5642121251200054        53.598952184198879     
   3.5801818220800055        53.769109300200789     
   3.5961515190400055        53.935654864520821     
   3.6121212160000056        54.098878421292547     
   3.6280909129600056        54.259069514649525     
   3.6440606099200057        54.416517688725321     
   3.6600303068800057        54.571471684521946     
   3.6760000038400058        54.723922343637021     
   3.6919697008000059        54.873760033406455     
   3.7079393977600059        55.020874894077132     
   3.7239090947200060        55.165157065895933     
   3.7398787916800060        55.306501273801636     
   3.7558484886400061        55.444922296642083     
   3.7718181856000061        55.580563690074392     
   3.7877878825600062        55.713575341718560     
   3.8037575795200063        55.844107139194577     
   3.8197272764800063        55.972308931833467     
   3.8356969734400064        56.098274984921424     
   3.8516666704000064        56.221932835777181     
   3.8676363673600065        56.343178891500372     
   3.8836060643200065        56.461909559190616     
   3.8995757612800066        56.578021245947546     
   3.9155454582400067        56.691433296934854     
   3.9315151552000067        56.802285691224917     
   3.9474848521600068        56.910841566447225     
   3.9634545491200068        57.017365400677058     
   3.9794242460800069        57.122121671989717     
   3.9953939430400069        57.225371826099739     
   4.0113636400000070        57.327208695640273     
   4.0273333369600071        57.427471151724141     
   4.0433030339200071        57.525977060635057     
   4.0592727308800072        57.622544288656712     
   4.0752424278400072        57.716990702072813     
   4.0912121248000073        57.809173456052399     
   4.1071818217600073        57.899122840262081     
   4.1231515187200074        57.986916820714811     
   4.1391212156800075        58.072633364878676     
   4.1550909126400075        58.156350440221786     
   4.1710606096000076        58.238152163762550     
   4.1870303065600076        58.318217877263194     
   4.2030000035200077        58.396801903519531     
   4.2189697004800077        58.474160593497267     
   4.2349393974400078        58.550550298162143     
   4.2509090944000079        58.626226394556952     
   4.2668787913600079        58.701272496730937     
   4.2828484883200080        58.775404778878389     
   4.2988181852800080        58.848292056173037     
   4.3147878822400081        58.919603143788599     
   4.3307575792000081        58.989006856898797     
   4.3467272761600082        59.056233701390177     
   4.3626969731200083        59.121417436157834     
   4.3786666700800083        59.184853824495491     
   4.3946363670400084        59.246839068435293     
   4.4106060640000084        59.307669370009378     
   4.4265757609600085        59.367634709898212     
   4.4425454579200085        59.426853122146390     
   4.4585151548800086        59.485252949003254     
   4.4744848518400087        59.542752751598933     
   4.4904545488000087        59.599271091063542     
   4.5064242457600088        59.654726540302363     
   4.5223939427200088        59.709061320380577     
   4.5383636396800089        59.762290862044949     
   4.5543333366400089        59.814444719934912     
   4.5703030336000090        59.865552448689876     
   4.5862727305600091        59.915643602949267     
   4.6022424275200091        59.964743785625863     
   4.6182121244800092        60.012839154770980     
   4.6341818214400092        60.059893198744042     
   4.6501515184000093        60.105869135356237     
   4.6661212153600093        60.150730182418727     
   4.6820909123200094        60.194440510573401     
   4.6980606092800095        60.237021460304568     
   4.7140303062400095        60.278582985352273     
   4.7300000032000096        60.319242662102219     
   4.7459697001600096        60.359118066940127     
   4.7619393971200097        60.398326776251693     
   4.7779090940800097        60.436962262840211     
   4.7938787910400098        60.475008291298415     
   4.8098484880000099        60.512417429853777     
   4.8258181849600099        60.549142244545564     
   4.8417878819200100        60.585135301413068     
   4.8577575788800100        60.620353068567951     
   4.8737272758400101        60.654815122355181     
   4.8896969728000101        60.688592154092149     
   4.9056666697600102        60.721756325062358     
   4.9216363667200103        60.754379796549323     
   4.9376060636800103        60.786534284460672     
   4.9535757606400104        60.818202060449153     
   4.9695454576000104        60.849168223973635     
   4.9855151545600105        60.879191562283971     
   5.0014848515200105        60.908030862630035     
   5.0174545484800106        60.935444912261680     
   5.0334242454400107        60.961226715731804     
   5.0493939424000107        60.985400639248304     
   5.0653636393600108        61.008086883779050     
   5.0813333363200108        61.029405957287189     
   5.0973030332800109        61.049478367735858     
   5.1132727302400109        61.068425003259264     
   5.1292424272000110        61.086377856342779     
   5.1452121241600111        61.103481518878539     
   5.1611818211200111        61.119881263437193     
   5.1771515180800112        61.135722362589370     
   5.1931212150400112        61.151150083597422     
   5.2090909120000113        61.166294239034819     
   5.2250606089600113        61.181235256072974     
   5.2410303059200114        61.196043718348207     
   5.2570000028800115        61.210790209496849     
   5.2729696998400115        61.225545313155223     
   5.2889393968000116        61.240373234139234     
   5.3049090937600116        61.255272076505143     
   5.3208787907200117        61.270200835140976     
   5.3368484876800117        61.285117995047507     
   5.3528181846400118        61.299982041225526     
   5.3687878816000119        61.314751650268860     
   5.3847575785600119        61.329397937146091     
   5.4007272755200120        61.343911858886905     
   5.4166969724800120        61.358286146854361     
   5.4326666694400121        61.372513532411517     
   5.4486363664000121        61.386586746921438     
   5.4646060633600122        61.400498521747188     
   5.4805757603200123        61.414241588251819     
   5.4965454572800123        61.427808677798389     
   5.5125151542400124        61.441192521749969     
   5.5284848512000124        61.454385851469610     
   5.5444545481600125        61.467381459135254     
   5.5604242451200125        61.480173164944539     
   5.5763939420800126        61.492755645552585     
   5.5923636390400127        61.505123603757937     
   5.6083333360000127        61.517271742359171     
   5.6243030329600128        61.529194764154830     
   5.6402727299200128        61.540887371943477     
   5.6562424268800129        61.552344268523676     
   5.6722121238400129        61.563560156693981     
   5.6881818208000130        61.574529739252945     
   5.7041515177600131        61.585247718999135     
   5.7201212147200131        61.595708798731103     
   5.7360909116800132        61.605907681247409     
   5.7520606086400132        61.615839069346606     
   5.7680303056000133        61.625497665827268     
   5.7840000025600133        61.634878173487934     
   5.7999696995200134        61.643975591072831     
   5.8159393964800135        61.652794065298345     
   5.8319090934400135        61.661348418524142     
   5.8478787904000136        61.669654076875837     
   5.8638484873600136        61.677726466479044     
   5.8798181843200137        61.685581013459384     
   5.8957878812800137        61.693233143942471     
   5.9117575782400138        61.700698284053914     
   5.9277272752000139        61.707991859919325     
   5.9436969721600139        61.715129297664333     
   5.9596666691200140        61.722126023414546     
   5.9756363660800140        61.728997463295585     
   5.9916060630400141        61.735759043433049     
   6.0075757600000141        61.742426189952567     
   6.0235454569600142        61.749014328979754     
   6.0395151539200143        61.755538886640224     
   6.0554848508800143        61.762015179320578     
   6.0714545478400144        61.768450791913423     
   6.0874242448000144        61.774840614737492     
   6.1033939417600145        61.781178358589962     
   6.1193636387200145        61.787457734267981     
   6.1353333356800146        61.793672452568735     
   6.1513030326400147        61.799816224289387     
   6.1672727296000147        61.805882760227092     
   6.1832424265600148        61.811865771179029     
   6.1992121235200148        61.817758967942360     
   6.2151818204800149        61.823556061314257     
   6.2311515174400149        61.829250762091881     
   6.2471212144000150        61.834836781072404     
   6.2630909113600151        61.840307829052989     
   6.2790606083200151        61.845657616830806     
   6.2950303052800152        61.850879855203019     
   6.3110000022400152        61.855968254966797     
   6.3269696992000153        61.860916526919311     
   6.3429393961600153        61.865718381857725     
   6.3589090931200154        61.870367530579202     
   6.3748787900800155        61.874857683880911     
   6.3908484870400155        61.879182552560025     
   6.4068181840000156        61.883336975151053     
   6.4227878809600156        61.887323954347274     
   6.4387575779200157        61.891150086364235     
   6.4547272748800157        61.894821983007198     
   6.4706969718400158        61.898346256081425     
   6.4866666688000159        61.901729517392177     
   6.5026363657600159        61.904978378744723     
   6.5186060627200160        61.908099451944324     
   6.5345757596800160        61.911099348796242     
   6.5505454566400161        61.913984681105745     
   6.5665151536000161        61.916762060678096     
   6.5824848505600162        61.919438099318555     
   6.5984545475200163        61.922019408832384     
   6.6144242444800163        61.924512601024851     
   6.6303939414400164        61.926924287701219     
   6.6463636384000164        61.929261080666748     
   6.6623333353600165        61.931529384902035     
   6.6783030323200165        61.933733292508528     
   6.6942727292800166        61.935875445717706     
   6.7102424262400167        61.937958464428213     
   6.7262121232000167        61.939984968538731     
   6.7421818201600168        61.941957577947925     
   6.7581515171200168        61.943878912554439     
   6.7741212140800169        61.945751592256961     
   6.7900909110400169        61.947578236954143     
   6.8060606080000170        61.949361466544651     
   6.8220303049600171        61.951103900927151     
   6.8380000019200171        61.952808160000309     
   6.8539696988800172        61.954476863662784     
   6.8699393958400172        61.956112631813248     
   6.8859090928000173        61.957718084350361     
   6.9018787897600173        61.959295841172789     
   6.9178484867200174        61.960848485180570     
   6.9338181836800175        61.962377914426540     
   6.9497878806400175        61.963885423380837     
   6.9657575776000176        61.965372285849227     
   6.9817272745600176        61.966839775637460     
   6.9976969715200177        61.968289166551287     
   7.0136666684800177        61.969721732396472     
   7.0296363654400178        61.971138746978767     
   7.0456060624000179        61.972541484103928     
   7.0615757593600179        61.973931217577700     
   7.0775454563200180        61.975309221205848     
   7.0935151532800180        61.976676768794128     
   7.1094848502400181        61.978035134148286     
   7.1254545472000181        61.979385591074085     
   7.1414242441600182        61.980729413377269     
   7.1573939411200183        61.982067874863610     
   7.1733636380800183        61.983402249338852     
   7.1893333350400184        61.984733810608745     
   7.2053030320000184        61.986063832479054     
   7.2212727289600185        61.987393588755531     
   7.2372424259200185        61.988724353243931     
   7.2532121228800186        61.990057399695587     
   7.2691818198400187        61.991393226039932     
   7.2851515168000187        61.992729601879795     
   7.3011212137600188        61.994063697388647     
   7.3170909107200188        61.995392682739961     
   7.3330606076800189        61.996713728107217     
   7.3490303046400189        61.998024003663886     
   7.3650000016000190        61.999320679583441     
   7.3809696985600191        62.000600926039361     
   7.3969393955200191        62.001861913205119     
   7.4129090924800192        62.003100811254185     
   7.4288787894400192        62.004314790360041     
   7.4448484864000193        62.005501020696158     
   7.4608181833600193        62.006656672436009     
   7.4767878803200194        62.007778915753065     
   7.4927575772800195        62.008864920820805     
   7.5087272742400195        62.009911857812710     
   7.5246969712000196        62.010917072111653     
   7.5406666681600196        62.011878817279687     
   7.5566363651200197        62.012795640238522     
   7.5726060620800197        62.013666088055913     
   7.5885757590400198        62.014488707799643     
   7.6045454560000199        62.015262046537472     
   7.6205151529600199        62.015984651337178     
   7.6364848499200200        62.016655069266520     
   7.6524545468800200        62.017271847393282     
   7.6684242438400201        62.017833532785232     
   7.6843939408000201        62.018338672510133     
   7.7003636377600202        62.018785813635759     
   7.7163333347200203        62.019173503229879     
   7.7323030316800203        62.019500288360270     
   7.7482727286400204        62.019764716094691     
   7.7642424256000204        62.019965333500927     
   7.7802121225600205        62.020101380921247     
   7.7961818195200205        62.020177477539903     
   7.8121515164800206        62.020200756928148     
   7.8281212134400207        62.020178366914195     
   7.8440909104000207        62.020117455326258     
   7.8600606073600208        62.020025169992557     
   7.8760303043200208        62.019908658741308     
   7.8920000012800209        62.019775069400730     
   7.9079696982400209        62.019631549799037     
   7.9239393952000210        62.019485247764443     
   7.9399090921600211        62.019343311125169     
   7.9558787891200211        62.019212887709429     
   7.9718484860800212        62.019101125345436     
   7.9878181830400212        62.019015171861419     
   8.0037878800000204        62.018962175085576     
   8.0197575769600196        62.018949282846137     
   8.0357272739200187        62.018983642971321     
   8.0516969708800179        62.019072403289336     
   8.0676666678400171        62.019222711628395     
   8.0836363648000162        62.019441715816725     
   8.0996060617600154        62.019736563682535     
   8.1155757587200146        62.020114336065724     
   8.1315454556800137        62.020575959032698     
   8.1475151526400129        62.021111332624145     
   8.1634848496000121        62.021709210569455     
   8.1794545465600113        62.022358346598018     
   8.1954242435200104        62.023047494439226     
   8.2113939404800096        62.023765407822466     
   8.2273636374400088        62.024500840477131     
   8.2433333344000079        62.025242546132610     
   8.2593030313600071        62.025979278518285     
   8.2752727283200063        62.026699791363562     
   8.2912424252800054        62.027392838397816     
   8.3072121222400046        62.028047173350437     
   8.3231818192000038        62.028651549950830     
   8.3391515161600029        62.029194721928363     
   8.3551212131200021        62.029665443012448     
   8.3710909100800013        62.030052478525306     
   8.3870606070400004        62.030349722979693     
   8.4030303039999996        62.030564236600185     
   8.4190000009599988        62.030705162602892     
   8.4349696979199980        62.030781644203913     
   8.4509393948799971        62.030802824619357     
   8.4669090918399963        62.030777847065316     
   8.4828787887999955        62.030715854757894     
   8.4988484857599946        62.030625990913208     
   8.5148181827199938        62.030517398747342     
   8.5307878796799930        62.030399221476415     
   8.5467575766399921        62.030280602316523     
   8.5627272735999913        62.030170684483764     
   8.5786969705599905        62.030078611194249     
   8.5946666675199896        62.030013525664081     
   8.6106363644799888        62.029984571109360     
   8.6266060614399880        62.030000890727614     
   8.6425757583999872        62.030069637353215     
   8.6585454553599863        62.030190499528061     
   8.6745151523199855        62.030361416340675     
   8.6904848492799847        62.030580326879580     
   8.7064545462399838        62.030845170233306     
   8.7224242431999830        62.031153885490390     
   8.7383939401599822        62.031504411739355     
   8.7543636371199813        62.031894688068732     
   8.7703333340799805        62.032322653567043     
   8.7863030310399797        62.032786247322825     
   8.8022727279999788        62.033283408424602     
   8.8182424249599780        62.033812075960903     
   8.8342121219199772        62.034370189020251     
   8.8501818188799763        62.034955686691191     
   8.8661515158399755        62.035566508062232     
   8.8821212127999747        62.036200592221917     
   8.8980909097599739        62.036855878258770     
   8.9140606067199730        62.037530305261321     
   8.9300303036799722        62.038221812318099     
   8.9460000006399714        62.038928338517621     
   8.9619696975999705        62.039647822948432     
   8.9779393945599697        62.040378151429081     
   8.9939090915199689        62.041116072602151     
   9.0098787884799680        62.041857244792624     
   9.0258484854399672        62.042597282432396     
   9.0418181823999664        62.043331799953371     
   9.0577878793599655        62.044056411787437     
   9.0737575763199647        62.044766732366490     
   9.0897272732799639        62.045458376122426     
   9.1056969702399631        62.046126957487139     
   9.1216666671999622        62.046768090892513     
   9.1376363641599614        62.047377390770457     
   9.1536060611199606        62.047950471552866     
   9.1695757580799597        62.048482947671623     
   9.1855454550399589        62.048970433558623     
   9.2015151519999581        62.049408543645775     
   9.2174848489599572        62.049792892364955     
   9.2334545459199564        62.050119174685612     
   9.2494242428799556        62.050386469042095     
   9.2653939398399547        62.050598401075831     
   9.2813636367999539        62.050758916108762     
   9.2973333337599531        62.050871959462825     
   9.3133030307199522        62.050941476459961     
   9.3292727276799514        62.050971412422115     
   9.3452424246399506        62.050965712671221     
   9.3612121215999498        62.050928322529224     
   9.3771818185599489        62.050863187318072     
   9.3931515155199481        62.050774252359687     
   9.4091212124799473        62.050665462976028     
   9.4250909094399464        62.050540764489028     
   9.4410606063999456        62.050404102220625     
   9.4570303033599448        62.050259421492768     
   9.4730000003199439        62.050110667627386     
   9.4889696972799431        62.049961781472106     
   9.5049393942399423        62.049816203389121     
   9.5209090911999414        62.049676422984390     
   9.5368787881599406        62.049544823537907     
   9.5528484851199398        62.049423788329669     
   9.5688181820799389        62.049315700639660     
   9.5847878790399381        62.049222943747885     
   9.6007575759999373        62.049147900934329     
   9.6167272729599365        62.049092955478990     
   9.6326969699199356        62.049060490661866     
   9.6486666668799348        62.049052889762940     
   9.6646363638399340        62.049072536062212     
   9.6806060607999331        62.049121812839680     
   9.6965757577599323        62.049203103375334     
   9.7125454547199315        62.049318790949165     
   9.7285151516799306        62.049471258841173     
   9.7444848486399298        62.049662890331348     
   9.7604545455999290        62.049896068699681     
   9.7764242425599281        62.050173177226178     
   9.7923939395199273        62.050496599190815     
   9.8083636364799265        62.050868717873605     
   9.8243333334399257        62.051291916554526     
   9.8403030303999248        62.051768578513581     
   9.8562727273599240        62.052301087030756     
   9.8722424243199232        62.052891825386055     
   9.8882121212799223        62.053543176859471     
   9.9041818182399215        62.054257524730986     
   9.9201515151999207        62.055037252280606     
   9.9361212121599198        62.055884742788315     
   9.9520909091199190        62.056802379534119     
   9.9680606060799182        62.057792545798002     
   9.9840303030399173        62.058857624859968     
