   2.0151515199999999       -142.59999999999999     
   2.0311212169599999       -142.44961376570606     
   2.0470909139200000       -142.29760060310716     
   2.0630606108800000       -142.14453964815036     
   2.0790303078400001       -141.99101003678280     
   2.0950000048000001       -141.83759090495155     
   2.1109697017600002       -141.68489848604321     
   2.1269393987200003       -141.53405524528188     
   2.1429090956800003       -141.38654977908993     
   2.1588787926400004       -141.24387883585024     
   2.1748484896000004       -141.10753916394575     
   2.1908181865600005       -140.97901594495764     
   2.2067878835200005       -140.85835673215718     
   2.2227575804800006       -140.74279629048741     
   2.2387272774400007       -140.62924330561793     
   2.2546969744000007       -140.51460646321826     
   2.2706666713600008       -140.39579444895793     
   2.2866363683200008       -140.27027531447624     
   2.3026060652800009       -140.13882447910046     
   2.3185757622400009       -140.00342853687997     
   2.3345454592000010       -139.86607590064057     
   2.3505151561600011       -139.72875498320812     
   2.3664848531200011       -139.59339389671291     
   2.3824545500800012       -139.46049818766730     
   2.3984242470400012       -139.32913074515395     
   2.4143939440000013       -139.19829013894986     
   2.4303636409600013       -139.06697493883203     
   2.4463333379200014       -138.93418454712778     
   2.4623030348800015       -138.79961863766115     
   2.4782727318400015       -138.66494964516340     
   2.4942424288000016       -138.53219488350300     
   2.5102121257600016       -138.40337166654842     
   2.5261818227200017       -138.28049730816821     
   2.5421515196800017       -138.16486558504684     
   2.5581212166400018       -138.05130048909544     
   2.5740909136000019       -137.93122027362844     
   2.5900606105600019       -137.79601274490847     
   2.6060303075200020       -137.63706570919808     
   2.6220000044800020       -137.44611380884177     
   2.6379697014400021       -137.23158018556902     
   2.6539393984000021       -137.02562831265180     
   2.6699090953600022       -136.86223401860397     
   2.6858787923200023       -136.77537313193923     
   2.7018484892800023       -136.79902148117137     
   2.7178181862400024       -136.93926592630706     
   2.7337878832000024       -137.08698009556591     
   2.7497575801600025       -137.10329019160005     
   2.7657272771200025       -136.84932238125037     
   2.7816969740800026       -136.18620283135775     
   2.7976666710400027       -134.99943592328117     
   2.8136363680000027       -133.52128720088845     
   2.8296060649600028       -132.24203866088561     
   2.8455757619200028       -131.65811393569382     
   2.8615454588800029       -132.26593665773416     
   2.8775151558400029       -134.55539071948738     
   2.8934848528000030       -138.10843975918942     
   2.9094545497600031       -140.67724686810905     
   2.9254242467200031       -139.79415684044159     
   2.9413939436800032       -132.99151447038238     
   2.9573636406400032       -117.80166455212688     
   2.9733333376000033       -92.483464787846117     
   2.9893030345600033       -59.736745710499449     
   3.0052727315200034       -23.938882105495196     
   3.0212424284800035        10.529633782371448     
   3.0372121254400035        39.288309708305263     
   3.0531818224000036        58.094764855838925     
   3.0691515193600036        66.137347546248606     
   3.0851212163200037        66.182577064188905     
   3.1010909132800037        61.164588856594861     
   3.1170606102400038        54.017518370401476     
   3.1330303072000039        47.674726309105544     
   3.1490000041600039        44.226096600212649     
   3.1649697011200040        43.309762136994699     
   3.1809393980800040        44.120872341814334     
   3.1969090950400041        45.854576637034199     
   3.2128787920000041        47.706024445016929     
   3.2288484889600042        48.936483250342363     
   3.2448181859200043        49.420296375331553     
   3.2607878828800043        49.364157734616370     
   3.2767575798400044        48.978046829054321     
   3.2927272768000044        48.471943159502935     
   3.3086969737600045        48.053955523396795     
   3.3246666707200045        47.835546087192952     
   3.3406363676800046        47.786713917865342     
   3.3566060646400047        47.866214250508946     
   3.3725757616000047        48.032802320218764     
   3.3885454585600048        48.245233362089785     
   3.4045151555200048        48.461435047157281     
   3.4204848524800049        48.635804126259529     
   3.4364545494400049        48.721795825839571     
   3.4524242464000050        48.672865363555182     
   3.4683939433600051        48.442467957064103     
   3.4843636403200051        47.994014106116573     
   3.5003333372800052        47.438613166556685     
   3.5163030342400052        47.000431527114927     
   3.5322727312000053        46.906506963296600     
   3.5482424281600053        47.383877250607043     
   3.5642121251200054        48.657490390483588     
   3.5801818220800055        50.626339395526252     
   3.5961515190400055        52.512656048214559     
   3.6121212160000056        53.454447942925832     
   3.6280909129600056        52.589722674037382     
   3.6440606099200057        49.056487835926525     
   3.6600303068800057        42.219983696880874     
   3.6760000038400058        32.881692524796712     
   3.6919697008000059        22.402637835580418     
   3.7079393977600059        12.145107804043072     
   3.7239090947200060        3.4713906049957899     
   3.7398787916800060       -2.2955222882539448     
   3.7558484886400061       -4.8616556905606885     
   3.7718181856000061       -5.0368171701379838     
   3.7877878825600062       -3.6850873544744669     
   3.8037575795200063       -1.6705468710587776     
   3.8197272764800063       0.14288914774233216     
   3.8356969734400064        1.1315546256997424     
   3.8516666704000064        1.3924261987884925     
   3.8676363673600065        1.1570336068390350     
   3.8836060643200065       0.65690658968182303     
   3.8995757612800066       0.12357488714730974     
   3.9155454582400067      -0.22972681972629364     
   3.9315151552000067      -0.36573817457679497     
   3.9474848521600068      -0.34542825476156014     
   3.9634545491200068      -0.23083525728174795     
   3.9794242460800069       -8.3997379138517625E-002
   3.9953939430400069        3.3581269289873594E-002
   4.0113636400000070        9.0094228687695330E-002
   4.0273333369600071        9.8465024809838916E-002
   4.0433030339200071        7.5316742667279030E-002
   4.0592727308800072        3.7272467270990262E-002
   4.0752424278400072        9.5528363194731058E-004
   4.0912121248000073       -2.0195487245082758E-002
   4.1071818217600073       -2.6770430696645794E-002
   4.1231515187200074       -2.3223571657953385E-002
   4.1391212156800075       -1.4009052981860186E-002
   4.1550909126400075       -3.5810175212208674E-003
   4.1710606096000076        3.8010868108665969E-003
   4.1870303065600076        6.8926302260798183E-003
   4.2030000035200077        6.8228846129099610E-003
   4.2189697004800077        4.7853337779179030E-003
   4.2349393974400078        1.9734615276645199E-003
   4.2509090944000079       -4.2175679979975357E-004
   4.2668787913600079       -1.6517443886473640E-003
   4.2828484883200080       -1.9143148268476703E-003
   4.2988181852800080       -1.5292611828183909E-003
   4.3147878822400081       -8.1637652497724305E-004
   4.3307575792000081       -9.5453921741944038E-005
   4.3467272761600082        3.5358438639663040E-004
   4.3626969731200083        5.1143936426171187E-004
   4.3786666700800083        4.6351573523163172E-004
   4.3946363670400084        2.9550178018396435E-004
   4.4106060640000084        9.3085779996283444E-005
   4.4265757609600085       -5.9833885445257481E-005
   4.4425454579200085       -1.2882838393702304E-004
   4.4585151548800086       -1.3404376498334591E-004
   4.4744848518400087       -9.8440134556448462E-005
   4.4904545488000087       -4.4977598628553310E-005
   4.5064242457600088        3.3868253031030262E-006
   4.5223939427200088        2.9898744721276384E-005
   4.5383636396800089        3.7005776964683403E-005
   4.5543333366400089        3.0860064782366625E-005
   4.5703030336000090        1.7613750923368580E-005
   4.5862727305600091        3.4189781367318472E-006
   4.6022424275200091       -6.0367977340569934E-006
   4.6182121244800092       -9.7044757327274027E-006
   4.6341818214400092       -9.2007033017389429E-006
   4.6501515184000093       -6.1739418823212114E-006
   4.6661212153600093       -2.2726529157037826E-006
   4.6820909123200094        8.6760441254484301E-007
   4.6980606092800095        2.3854062565206909E-006
   4.7140303062400095        2.6192385467978082E-006
   4.7300000032000096        2.0108052592384711E-006
   4.7459697001600096        1.0018103697049613E-006
   4.7619393971200097        3.3957854059556910E-008
   4.7779090940800097       -5.3285777904949051E-007
   4.7938787910400098       -7.1110037393009304E-007
   4.8098484880000099       -6.1911670876938858E-007
   4.8258181849600099       -3.7526098855930890E-007
   4.8417878819200100       -9.7887418291785423E-008
   4.8577575788800100        9.9546085008516877E-008
   4.8737272758400101        1.8276929073480056E-007
   4.8896969728000101        1.8165061066842311E-007
   4.9056666697600102        1.2790295783875694E-007
   4.9216363667200103        5.3239245275174415E-008
   4.9376060636800103       -1.0684762045205892E-008
   4.9535757606400104       -4.3690268087556488E-008
   4.9695454576000104       -5.0898471187406091E-008
   4.9855151545600105       -4.0806800002206122E-008
   5.0014848515200105       -2.1912683189408118E-008
   5.0174545484800106       -2.7135494064633922E-009
   5.0334242454400107        9.3123713712507590E-009
   5.0493939424000107        1.3578201584112606E-008
   5.0653636393600108        1.2351603697887534E-008
   5.0813333363200108        7.9093843585907562E-009
   5.0973030332800109        2.5283502122374791E-009
   5.1132727302400109       -1.5590054766442365E-009
   5.1292424272000110       -3.4145314014704064E-009
   5.1452121241600111       -3.5686844266954525E-009
   5.1611818211200111       -2.6312624528735277E-009
   5.1771515180800112       -1.2120633805587882E-009
   5.1931212150400112        7.9169770341851574E-011
   5.2090909120000113        7.9247454734332878E-010
   5.2250606089600113        9.8846672034388531E-010
   5.2410303059200114        8.2953089042735786E-010
   5.2570000028800115        4.7805165867758157E-010
   5.2729696998400115        9.6413626178391741E-011
   5.2889393968000116       -1.6450026559754472E-010
   5.3049090937600116       -2.7299344317351903E-010
   5.3208787907200117       -2.6788712652041045E-010
   5.3368484876800117       -1.8892191398456593E-010
   5.3528181846400118       -7.5838403912332480E-011
   5.3687878816000119        3.1865747842831784E-011
   5.3847575785600119        1.1046490744333754E-010
   5.4007272755200120        1.6139343427586197E-010
   5.4166969724800120        1.8833556567535940E-010
   5.4326666694400121        1.9497553897678427E-010
   5.4486363664000121        1.8499759151509087E-010
   5.4646060633600122        1.6208596062523357E-010
   5.4805757603200123        1.2992488364216671E-010
   5.4965454572800123        9.2198597900844820E-011
   5.5125151542400124        5.2591340736222037E-011
   5.5284848512000124        1.4787349483252833E-011
   5.5444545481600125       -1.7659908080415238E-011
   5.5604242451200125       -4.3407503715535950E-011
   5.5763939420800126       -6.2954140308995126E-011
   5.5923636390400127       -7.6854736711744061E-011
   5.6083333360000127       -8.5664211774733987E-011
   5.6243030329600128       -8.9937484348916192E-011
   5.6402727299200128       -9.0229473285241907E-011
   5.6562424268800129       -8.7095097434662405E-011
   5.6722121238400129       -8.1089275648128971E-011
   5.6881818208000130       -7.2766926776592825E-011
   5.7041515177600131       -6.2682969671005254E-011
   5.7201212147200131       -5.1392323182317534E-011
   5.7360909116800132       -3.9449906161480914E-011
   5.7520606086400132       -2.7410637459446713E-011
   5.7680303056000133       -1.5829435927166010E-011
   5.7840000025600133       -5.2612204155903495E-012
   5.7999696995200134        3.7490679851928692E-012
   5.8159393964800135        1.0964910616061183E-011
   5.8319090934400135        1.6509716437762638E-011
   5.8478787904000136        2.0527250284238379E-011
   5.8638484873600136        2.3161276989429560E-011
   5.8798181843200137        2.4555561387277333E-011
   5.8957878812800137        2.4853868311722830E-011
   5.9117575782400138        2.4199962596707216E-011
   5.9277272752000139        2.2737609076171637E-011
   5.9436969721600139        2.0610572584057236E-011
   5.9596666691200140        1.7962617954305154E-011
   5.9756363660800140        1.4937510020856577E-011
   5.9916060630400141        1.1679013617652609E-011
   6.0075757600000141        8.3308935786344021E-012
   6.0235454569600142        5.0369147377431532E-012
   6.0395151539200143        1.9408419289199652E-012
   6.0554848508800143       -8.1442143823651962E-013
   6.0714545478400144       -3.1466622846367098E-012
   6.0874242448000144       -5.0733168210282731E-012
   6.1033939417600145       -6.6210802129710745E-012
   6.1193636387200145       -7.8166476260249798E-012
   6.1353333356800146       -8.6867142257498556E-012
   6.1513030326400147       -9.2579751777055662E-012
   6.1672727296000147       -9.5571256474519788E-012
   6.1832424265600148       -9.6108608005489609E-012
   6.1992121235200148       -9.4458758025563735E-012
   6.2151818204800149       -9.0888658190340873E-012
   6.2311515174400149       -8.5665260155419680E-012
   6.2471212144000150       -7.9055515576398749E-012
   6.2630909113600151       -7.1326376108876804E-012
   6.2790606083200151       -6.2744793408452486E-012
   6.2950303052800152       -5.3577719130724461E-012
   6.3110000022400152       -4.4092104931291404E-012
   6.3269696992000153       -3.4554902465751895E-012
   6.3429393961600153       -2.5233063389704658E-012
   6.3589090931200154       -1.6393539358748437E-012
   6.3748787900800155       -8.3032820284815706E-013
   6.3908484870400155       -1.2292430545031207E-013
   6.4068181840000156        4.5941171199058684E-013
   6.4227878809600156        9.1675554250848114E-013
   6.4387575779200157        1.2595361670722476E-012
   6.4547272748800157        1.4982274821713384E-012
   6.4706969718400158        1.6433033842952053E-012
   6.4866666688000159        1.7052377699333005E-012
   6.5026363657600159        1.6945045355750759E-012
   6.5186060627200160        1.6215775777099841E-012
   6.5345757596800160        1.4969307928274763E-012
   6.5505454566400161        1.3310380774170058E-012
   6.5665151536000161        1.1343733279680232E-012
   6.5824848505600162        9.1741044096998074E-013
   6.5984545475200163        6.9062331291233139E-013
   6.6144242444800163        4.6448584028452611E-013
   6.6303939414400164        2.4947191957601834E-013
   6.6463636384000164        5.6055447276260227E-014
   6.6623333353600165       -1.0597293287120468E-013
   6.6783030323200165       -2.3446325642523072E-013
   6.6942727292800166       -3.3205525657802007E-013
   6.7102424262400167       -4.0146244372312101E-013
   6.7262121232000167       -4.4539832825408218E-013
   6.7421818201600168       -4.6657642056445205E-013
   6.7581515171200168       -4.6771023104777904E-013
   6.7741212140800169       -4.5151327009761154E-013
   6.7900909110400169       -4.2069904810749832E-013
   6.8060606080000170       -3.7798107547098736E-013
   6.8220303049600171       -3.2607286258162757E-013
   6.8380000019200171       -2.6768791983296749E-013
   6.8539696988800172       -2.0553975761855564E-013
   6.8699393958400172       -1.4234188633193950E-013
   6.8859090928000173       -8.0807816366668873E-014
   6.9018787897600173       -2.3651058116291134E-014
   6.9178484867200174        2.6503310521297166E-014
   6.9338181836800175        6.8667103376417865E-014
   6.9497878806400175        1.0329479113383183E-013
   6.9657575776000176        1.3089023560183774E-013
   6.9817272745600176        1.5195729858873435E-013
   6.9976969715200177        1.6699984190282032E-013
   7.0136666684800177        1.7652172735239443E-013
   7.0296363654400178        1.8102681674575533E-013
   7.0456060624000179        1.8101897189120182E-013
   7.0615757593600179        1.7700205459703260E-013
   7.0775454563200180        1.6947992667154633E-013
   7.0935151532800180        1.5895644992304174E-013
   7.1094848502400181        1.4593548615981761E-013
   7.1254545472000181        1.3092089719017255E-013
   7.1414242441600182        1.1441654482240534E-013
   7.1573939411200183        9.6926290864814638E-014
   7.1733636380800183        7.8953997125699230E-014
   7.1893333350400184        6.1003525413357947E-014
   7.2053030320000184        4.3578737536089306E-014
   7.2212727289600185        2.7183495302192127E-014
   7.2372424259200185        1.2321660519965002E-014
   7.2532121228800186       -5.0291430583375442E-016
   7.2691818198400187       -1.0919010412386889E-014
   7.2851515168000187       -1.9021841044783669E-014
   7.3011212137600188       -2.5009097294635137E-014
   7.3170909107200188       -2.9078470253552345E-014
   7.3330606076800189       -3.1427651013146321E-014
   7.3490303046400189       -3.2254330665028118E-014
   7.3650000016000190       -3.1756200300808779E-014
   7.3809696985600191       -3.0130951012099346E-014
   7.3969393955200191       -2.7576273890510877E-014
   7.4129090924800192       -2.4289860027654387E-014
   7.4288787894400192       -2.0469400515140936E-014
   7.4448484864000193       -1.6312586444581565E-014
   7.4608181833600193       -1.2017108907587318E-014
   7.4767878803200194       -7.7806589957692182E-015
   7.4927575772800195       -3.8009278007383506E-015
   7.5087272742400195       -2.7560641410573974E-016
   7.5246969712000196        2.6292874992373161E-015
   7.5406666681600196        4.9119120822763822E-015
   7.5566363651200197        6.6234574769743187E-015
   7.5726060620800197        7.8151402315337201E-015
   7.5885757590400198        8.5381768941571794E-015
   7.6045454560000199        8.8437840130472943E-015
   7.6205151529600199        8.7831781364066554E-015
   7.6364848499200200        8.4075758124378673E-015
   7.6524545468800200        7.7681935893435161E-015
   7.6684242438400201        6.9162480153261978E-015
   7.6843939408000201        5.9029556385885054E-015
   7.7003636377600202        4.7795330073330443E-015
   7.7163333347200203        3.5971966697623990E-015
   7.7323030316800203        2.4071631740791655E-015
   7.7482727286400204        1.2606490684859490E-015
   7.7642424256000204        2.0887090118532713E-016
   7.7802121225600205       -7.0184973223609487E-016
   7.7961818195200205       -1.4631692318822369E-015
   7.8121515164800206       -2.0844971461380825E-015
   7.8281212134400207       -2.5753436865038535E-015
   7.8440909104000207       -2.9452190644797702E-015
   7.8600606073600208       -3.2036334915660539E-015
   7.8760303043200208       -3.3600971792629247E-015
   7.8920000012800209       -3.4241203390706048E-015
   7.9079696982400209       -3.4052131824893135E-015
   7.9239393952000210       -3.3128859210192738E-015
   7.9399090921600211       -3.1566487661607050E-015
   7.9558787891200211       -2.9460119294138290E-015
   7.9718484860800212       -2.6904856222788658E-015
   7.9878181830400212       -2.3995800562560368E-015
   8.0037878800000204       -2.0828054428455823E-015
   8.0197575769600196       -1.7496719935477036E-015
   8.0357272739200187       -1.4096899198626229E-015
   8.0516969708800179       -1.0723694332905597E-015
   8.0676666678400171       -7.4722074533173012E-016
   8.0836363648000162       -4.4375406748635475E-016
   8.0996060617600154       -1.7147961125465519E-016
   8.1155757587200146        6.0140635443386629E-017
   8.1315454556800137        2.4607538526223826E-016
   8.1475151526400129        3.8923077027905755E-016
   8.1634848496000121        4.9333812956436122E-016
   8.1794545465600113        5.6212880218866593E-016
   8.1954242435200104        5.9933412722248826E-016
   8.2113939404800096        6.0868544373634498E-016
   8.2273636374400088        5.9391409080075266E-016
   8.2433333344000079        5.5875140748622817E-016
   8.2593030313600071        5.0692873286328787E-016
   8.2752727283200063        4.4217740600244878E-016
   8.2912424252800054        3.6822876597422724E-016
   8.3072121222400046        2.8881415184914040E-016
   8.3231818192000038        2.0766490269770465E-016
   8.3391515161600029        1.2851235759043596E-016
   8.3551212131200021        5.5087855597852045E-017
   8.3710909100800013       -8.8799353469376610E-018
   8.3870606070400004       -6.0844177093195801E-017
   8.4030303039999996       -1.0129157651634106E-016
   8.4190000009599988       -1.3118878784600345E-016
   8.4349696979199980       -1.5150246531181307E-016
   8.4509393948799971       -1.6319926314339989E-016
   8.4669090918399963       -1.6724583557039400E-016
   8.4828787887999955       -1.6460883682242544E-016
   8.4988484857599946       -1.5625492112912430E-016
   8.5148181827199938       -1.4315074272012045E-016
   8.5307878796799930       -1.2626295582504412E-016
   8.5467575766399921       -1.0655821467352529E-016
   8.5627272735999913       -8.5003173495193992E-017
   8.5786969705599905       -6.2564486519680278E-017
   8.5946666675199896       -4.0208807976614194E-017
   8.6106363644799888       -1.8902792095625964E-017
   8.6266060614399880        3.8690879335058489E-019
   8.6425757583999872        1.6897233754860594E-017
   8.6585454553599863        3.0628633633221750E-017
   8.6745151523199855        4.1760508349157693E-017
   8.6904848492799847        5.0472257823392059E-017
   8.7064545462399838        5.6943281976648482E-017
   8.7224242431999830        6.1352980729650603E-017
   8.7383939401599822        6.3880754003122047E-017
   8.7543636371199813        6.4706001717786456E-017
   8.7703333340799805        6.4008123794367469E-017
   8.7863030310399797        6.1966520153588738E-017
   8.8022727279999788        5.8760590716173866E-017
   8.8182424249599780        5.4569735402846486E-017
   8.8342121219199772        4.9573354134330282E-017
   8.8501818188799763        4.3950846831348856E-017
   8.8661515158399755        3.7881613414625860E-017
   8.8821212127999747        3.1545053804884873E-017
   8.8980909097599739        2.5120567922849630E-017
   8.9140606067199730        1.8787555689243666E-017
   8.9300303036799722        1.2725417024790727E-017
   8.9460000006399714        7.1135518502143338E-018
   8.9619696975999705        2.1313600862382456E-018
   8.9779393945599697       -2.0474706142130574E-018
   8.9939090915199689       -5.3711947217890847E-018
   9.0098787884799680       -7.9049840933535045E-018
   9.0258484854399672       -9.7187173482564054E-018
   9.0418181823999664       -1.0882273105847876E-017
   9.0577878793599655       -1.1465529985478008E-017
   9.0737575763199647       -1.1538366606496888E-017
   9.0897272732799639       -1.1170661588254604E-017
   9.1056969702399631       -1.0432293550101247E-017
   9.1216666671999622       -9.3931411113869053E-018
   9.1376363641599614       -8.1230828914616620E-018
   9.1536060611199606       -6.6919975096756301E-018
   9.1695757580799597       -5.1697635853788612E-018
   9.1855454550399589       -3.6262597379214723E-018
   9.2015151519999581       -2.1313645866535425E-018
   9.2174848489599572       -7.5495675092514891E-019
   9.2334545459199564        4.3391658410540169E-019
   9.2494242428799556        1.4011376414854578E-018
   9.2653939398399547        2.1595320157488034E-018
   9.2813636367999539        2.7252255429327173E-018
   9.2973333337599531        3.1143440590744784E-018
   9.3133030307199522        3.3430134002113671E-018
   9.3292727276799514        3.4273594023806613E-018
   9.3452424246399506        3.3835079016196413E-018
   9.3612121215999498        3.2275847339655857E-018
   9.3771818185599489        2.9757157354557741E-018
   9.3931515155199481        2.6440267421274848E-018
   9.4091212124799473        2.2486435900180011E-018
   9.4250909094399464        1.8056921151645968E-018
   9.4410606063999456        1.3312981536045515E-018
   9.4570303033599448        8.4158754137514863E-019
   9.4730000003199439        3.5268611451366548E-019
   9.4889696972799431       -1.1932648195708356E-019
   9.5049393942399423       -5.6353739482400336E-019
   9.5209090911999414       -9.7884896153427800E-019
   9.5368787881599406       -1.3652611820879070E-018
   9.5528484851199398       -1.7227740564848911E-018
   9.5688181820799389       -2.0513875847252298E-018
   9.5847878790399381       -2.3511017668089230E-018
   9.6007575759999373       -2.6219166027359706E-018
   9.6167272729599365       -2.8638320925063733E-018
   9.6326969699199356       -3.0768482361201303E-018
   9.6486666668799348       -3.2609650335772427E-018
   9.6646363638399340       -3.4161824848777091E-018
   9.6806060607999331       -3.5425005900215309E-018
   9.6965757577599323       -3.6399193490087070E-018
   9.7125454547199315       -3.7084387618392370E-018
   9.7285151516799306       -3.7480588285131225E-018
   9.7444848486399298       -3.7587795490303619E-018
   9.7604545455999290       -3.7406009233909567E-018
   9.7764242425599281       -3.6935229515949063E-018
   9.7923939395199273       -3.6175456336422105E-018
   9.8083636364799265       -3.5126689695328686E-018
   9.8243333334399257       -3.3788929592668823E-018
   9.8403030303999248       -3.2162176028442498E-018
   9.8562727273599240       -3.0246429002649735E-018
   9.8722424243199232       -2.8041688515290504E-018
   9.8882121212799223       -2.5547954566364824E-018
   9.9041818182399215       -2.2765227155872687E-018
   9.9201515151999207       -1.9693506283814112E-018
   9.9361212121599198       -1.6332791950189070E-018
   9.9520909091199190       -1.2683084154997574E-018
   9.9680606060799182       -8.7443828982396257E-019
   9.9840303030399173       -4.5166881799152383E-019
