   2.0151515199999999        0.0000000000000000     
   2.0311212169599999      -0.20577340545713035     
   2.0470909139200000      -0.31750785122172082     
   2.0630606108800000      -0.33520333729377155     
   2.0790303078400001      -0.25885986367328234     
   2.0950000048000001       -8.8477430360253254E-002
   2.1109697017600002       0.17170112309628358     
   2.1269393987200003       0.45953514823645270     
   2.1429090956800003       0.67100951819413834     
   2.1588787926400004       0.70117676519000949     
   2.1748484896000004       0.44508942144473579     
   2.1908181865600005      -0.20087708402935536     
   2.2067878835200005       -1.1759255632615129     
   2.2227575804800006       -2.0975598179677282     
   2.2387272774400007       -2.5459899159142068     
   2.2546969744000007       -2.1014259248671530     
   2.2706666713600008      -0.34407791259277237     
   2.2866363683200008        3.0300073251120399     
   2.3026060652800009        7.6398742347762054     
   2.3185757622400009        12.853750222791342     
   2.3345454592000010        18.039486052829375     
   2.3505151561600011        22.564932488562221     
   2.3664848531200011        25.818312690949490     
   2.3824545500800012        27.668459068647799     
   2.3984242470400012        28.471601232397738     
   2.4143939440000013        28.605698864815324     
   2.4303636409600013        28.448711648516586     
   2.4463333379200014        28.378471447039818     
   2.4623030348800015        28.665299435813374     
   2.4782727318400015        29.276644427775164     
   2.4942424288000016        30.127006924339629     
   2.5102121257600016        31.130887426921216     
   2.5261818227200017        32.202786436934360     
   2.5421515196800017        33.260550156699040     
   2.5581212166400018        34.251941654252789     
   2.5740909136000019        35.140472438707242     
   2.5900606105600019        35.889794809075489     
   2.6060303075200020        36.463561064370623     
   2.6220000044800020        36.827606174182847     
   2.6379697014400021        37.052787331843646     
   2.6539393984000021        37.359361766806551     
   2.6699090953600022        37.978992022646011     
   2.6858787923200023        39.143340642936487     
   2.7018484892800023        41.084070171252435     
   2.7178181862400024        43.852439167864205     
   2.7337878832000024        46.754432091618455     
   2.7497575801600025        48.903607709316177     
   2.7657272771200025        49.413524556107930     
   2.7816969740800026        47.397741167144254     
   2.7976666710400027        42.055977784041247     
   2.8136363680000027        33.813537985356149     
   2.8296060649600028        24.007651768877356     
   2.8455757619200028        13.997255964668035     
   2.8615454588800029        5.1412874027913702     
   2.8775151558400029       -1.2061629838405705     
   2.8934848528000030       -4.3637662090572844     
   2.9094545497600031       -5.0060614616421049     
   2.9254242467200031       -3.9704716030104792     
   2.9413939436800032       -2.0944194945778531     
   2.9573636406400032      -0.21532799775967290     
   2.9733333376000033       0.94202631725730457     
   2.9893030345600033        1.3414425591817154     
   3.0052727315200034        1.2068241464128553     
   3.0212424284800035       0.76255786142261439     
   3.0372121254400035       0.23303048668288207     
   3.0531818224000036      -0.16274320180190169     
   3.0691515193600036      -0.33919067346018156     
   3.0851212163200037      -0.34991656639949187     
   3.1010909132800037      -0.25504514652877736     
   3.1170606102400038      -0.11470067975698234     
   3.1330303072000039        1.1008364318461731E-002
   3.1490000041600039        7.9171237629019342E-002
   3.1649697011200040        9.6866157712692885E-002
   3.1809393980800040        8.0203370719830247E-002
   3.1969090950400041        4.5293122800779288E-002
   3.2128787920000041        8.2456601058878646E-003
   3.2288484889600042       -1.6159626479149630E-002
   3.2448181859200043       -2.5483623126515267E-002
   3.2607878828800043       -2.3976924095036132E-002
   3.2767575798400044       -1.5956257459009263E-002
   3.2927272768000044       -5.7383512927317469E-003
   3.3086969737600045        2.4008231113762054E-003
   3.3246666707200045        6.2909225415389179E-003
   3.3406363676800046        6.8436426696313803E-003
   3.3566060646400047        5.2156471286348236E-003
   3.3725757616000047        2.5635995515304807E-003
   3.3885454585600048        4.4163571299578727E-005
   3.4045151555200048       -1.4149960118432418E-003
   3.4204848524800049       -1.8632706076556942E-003
   3.4364545494400049       -1.6105849163361400E-003
   3.4524242464000050       -9.6686606909897593E-004
   3.4683939433600051       -2.4204119715860096E-004
   3.4843636403200051        2.6826225746969467E-004
   3.5003333372800052        4.8057033246002613E-004
   3.5163030342400052        4.7380330173539407E-004
   3.5322727312000053        3.3100587668519915E-004
   3.5482424281600053        1.3522276869884107E-004
   3.5642121251200054       -3.0703367532804261E-005
   3.5801818220800055       -1.1544591052150298E-004
   3.5961515190400055       -1.3311313049464002E-004
   3.6121212160000056       -1.0595679110537367E-004
   3.6280909129600056       -5.6228656006862158E-005
   3.6440606099200057       -6.1804888522639162E-006
   3.6600303068800057        2.4818301991799801E-005
   3.6760000038400058        3.5616461600640902E-005
   3.6919697008000059        3.2160291252575758E-005
   3.7079393977600059        2.0412133916655624E-005
   3.7239090947200060        6.3343325619316502E-006
   3.7398787916800060       -4.2442073074542709E-006
   3.7558484886400061       -8.9887494073948514E-006
   3.7718181856000061       -9.3126066992236034E-006
   3.7877878825600062       -6.8133839337994076E-006
   3.8037575795200063       -3.0886858619811433E-006
   3.8197272764800063        2.6418875046741851E-007
   3.8356969734400064        2.0921393077962747E-006
   3.8516666704000064        2.5744665944777450E-006
   3.8676363673600065        2.1392475752660404E-006
   3.8836060643200065        1.2145592149153771E-006
   3.8995757612800066        2.2847847817996666E-007
   3.9155454582400067       -4.2474353309032371E-007
   3.9315151552000067       -6.7621588389565518E-007
   3.9474848521600068       -6.3866473027161560E-007
   3.9634545491200068       -4.2679293108431717E-007
   3.9794242460800069       -1.5530334519987186E-007
   3.9953939430400069        6.2088645029920992E-008
   4.0113636400000070        1.6657585322189279E-007
   4.0273333369600071        1.8205267705958899E-007
   4.0433030339200071        1.3925365536104761E-007
   4.0592727308800072        6.8913326944306497E-008
   4.0752424278400072        1.7662306274034084E-009
   4.0912121248000073       -3.7339578440066776E-008
   4.1071818217600073       -4.9496037641536048E-008
   4.1231515187200074       -4.2938225013204383E-008
   4.1391212156800075       -2.5901436610032002E-008
   4.1550909126400075       -6.6209684869790903E-009
   4.1710606096000076        7.0278561447639366E-009
   4.1870303065600076        1.2743832513758592E-008
   4.2030000035200077        1.2614879358917505E-008
   4.2189697004800077        8.8476372861948430E-009
   4.2349393974400078        3.6487469015448004E-009
   4.2509090944000079       -7.7978911415414603E-010
   4.2668787913600079       -3.0539218199776425E-009
   4.2828484883200080       -3.5393901503151647E-009
   4.2988181852800080       -2.8274617590669883E-009
   4.3147878822400081       -1.5094043001333886E-009
   4.3307575792000081       -1.7648542741464125E-010
   4.3467272761600082        6.5374465942902569E-010
   4.3626969731200083        9.4560383849306910E-010
   4.3786666700800083        8.5699750364283990E-010
   4.3946363670400084        5.4635532019882630E-010
   4.4106060640000084        1.7210695348151699E-010
   4.4265757609600085       -1.1062729172335977E-010
   4.4425454579200085       -2.3819170535213293E-010
   4.4585151548800086       -2.4783446005820837E-010
   4.4744848518400087       -1.8200665729499582E-010
   4.4904545488000087       -8.3159398515904485E-011
   4.5064242457600088        6.2619251287838967E-012
   4.5223939427200088        5.5279999448958922E-011
   4.5383636396800089        6.8420241360844138E-011
   4.5543333366400089        5.7057390872670583E-011
   4.5703030336000090        3.2566187992669228E-011
   4.5862727305600091        6.3213727290711525E-012
   4.6022424275200091       -1.1161477798587017E-011
   4.6182121244800092       -1.7942673451967732E-011
   4.6341818214400092       -1.7011245060339465E-011
   4.6501515184000093       -1.1415044579104028E-011
   4.6661212153600093       -4.2019239636632439E-012
   4.6820909123200094        1.6041199018386674E-012
   4.6980606092800095        4.4103944087047139E-012
   4.7140303062400095        4.8427285751779071E-012
   4.7300000032000096        3.7177919895601894E-012
   4.7459697001600096        1.8522542401535073E-012
   4.7619393971200097        6.2784915259803530E-014
   4.7779090940800097       -9.8520449626996318E-013
   4.7938787910400098       -1.3147584838582449E-012
   4.8098484880000099       -1.1446892382494650E-012
   4.8258181849600099       -6.9382268165968624E-013
   4.8417878819200100       -1.8098473630497255E-013
   4.8577575788800100        1.8405145686604300E-013
   4.8737272758400101        3.3792342739782650E-013
   4.8896969728000101        3.3585509195333204E-013
   4.9056666697600102        2.3648067852879592E-013
   4.9216363667200103        9.8434415120454375E-014
   4.9376060636800103       -1.9755131711296275E-014
   4.9535757606400104       -8.0779244022452264E-014
   4.9695454576000104       -9.4106541442538056E-014
   4.9855151545600105       -7.5447979594624027E-014
   5.0014848515200105       -4.0514514101780655E-014
   5.0174545484800106       -5.0171005870783930E-015
   5.0334242454400107        1.7217708939630242E-014
   5.0493939424000107        2.5104832429752747E-014
   5.0653636393600108        2.2836966968954178E-014
   5.0813333363200108        1.4623716382091499E-014
   5.0973030332800109        4.6746844940216630E-015
   5.1132727302400109       -2.8824561931688438E-015
   5.1292424272000110       -6.3131511289641572E-015
   5.1452121241600111       -6.5981657417492830E-015
   5.1611818211200111       -4.8649596597079346E-015
   5.1771515180800112       -2.2409925110238181E-015
   5.1931212150400112        1.4637754533411484E-016
   5.2090909120000113        1.4652117655387311E-015
   5.2250606089600113        1.8275830729789761E-015
   5.2410303059200114        1.5337254989533599E-015
   5.2570000028800115        8.8387307476039350E-016
   5.2729696998400115        1.7825983169858535E-016
   5.2889393968000116       -3.0414569830133192E-016
   5.3049090937600116       -5.0473949755698247E-016
   5.3208787907200117       -4.9529839277477472E-016
   5.3368484876800117       -3.4929905580722421E-016
   5.3528181846400118       -1.4021815850684585E-016
   5.3687878816000119        5.8916805358014538E-017
   5.3847575785600119        2.0423934447828256E-016
   5.4007272755200120        2.9840145601451749E-016
   5.4166969724800120        3.4821495229344810E-016
   5.4326666694400121        3.6049164564180354E-016
   5.4486363664000121        3.4204334838631246E-016
   5.4646060633600122        2.9968187285370396E-016
   5.4805757603200123        2.4021903137070673E-016
   5.4965454572800123        1.7046663626404998E-016
   5.5125151542400124        9.7236499860462097E-017
   5.5284848512000124        2.7340434486672169E-017
   5.5444545481600125       -3.2651528285042455E-017
   5.5604242451200125       -8.0256438985812782E-017
   5.5763939420800126       -1.1639635289151257E-016
   5.5923636390400127       -1.4209726336944776E-016
   5.6083333360000127       -1.5838516378692422E-016
   5.6243030329600128       -1.6628604751124798E-016
   5.6402727299200128       -1.6682590790972488E-016
   5.6562424268800129       -1.6103073834966090E-016
   5.6722121238400129       -1.4992653219836191E-016
   5.6881818208000130       -1.3453928282313396E-016
   5.7041515177600131       -1.1589498359128285E-016
   5.7201212147200131       -9.5019627870114598E-017
   5.7360909116800132       -7.2939209026934960E-017
   5.7520606086400132       -5.0679720429050229E-017
   5.7680303056000133       -2.9267155443765937E-017
   5.7840000025600133       -9.7275074383880700E-018
   5.7999696995200134        6.9316781720300914E-018
   5.8159393964800135        2.0273100374759476E-017
   5.8319090934400135        3.0524930865493048E-017
   5.8478787904000136        3.7952977457071557E-017
   5.8638484873600136        4.2823047962335752E-017
   5.8798181843200137        4.5400950194126383E-017
   5.8957878812800137        4.5952491965284195E-017
   5.9117575782400138        4.4743481088649943E-017
   5.9277272752000139        4.2039725377064353E-017
   5.9436969721600139        3.8107032643368206E-017
   5.9596666691200140        3.3211210700402246E-017
   5.9756363660800140        2.7618067361007210E-017
   5.9916060630400141        2.1593410438023864E-017
   6.0075757600000141        1.5403047744292896E-017
   6.0235454569600142        9.3127870926551388E-018
   6.0395151539200143        3.5884362959513439E-018
   6.0554848508800143       -1.5057895265046826E-018
   6.0714545478400144       -5.8178860344258386E-018
   6.0874242448000144       -9.3800911605249617E-018
   6.1033939417600145       -1.2241761784202712E-017
   6.1193636387200145       -1.4452254784859752E-017
   6.1353333356800146       -1.6060927041896749E-017
   6.1513030326400147       -1.7117135434714368E-017
   6.1672727296000147       -1.7670236842713263E-017
   6.1832424265600148       -1.7769588145294100E-017
   6.1992121235200148       -1.7464546221857544E-017
   6.2151818204800149       -1.6804467951804260E-017
   6.2311515174400149       -1.5838710214534917E-017
   6.2471212144000150       -1.4616629889450158E-017
   6.2630909113600151       -1.3187583855950650E-017
   6.2790606083200151       -1.1600928993437082E-017
   6.2950303052800152       -9.9060221813101060E-018
   6.3110000022400152       -8.1522202989703636E-018
   6.3269696992000153       -6.3888802258185243E-018
   6.3429393961600153       -4.6653588412552812E-018
   6.3589090931200154       -3.0310130246812707E-018
   6.3748787900800155       -1.5351996554971383E-018
   6.3908484870400155       -2.2727561310357738E-019
   6.4068181840000156        8.4940954620120091E-019
   6.4227878809600156        1.6949957718002626E-018
   6.4387575779200157        2.3287652799734429E-018
   6.4547272748800157        2.7700833316225936E-018
   6.4706969718400158        3.0383151876495655E-018
   6.4866666688000159        3.1528261089562090E-018
   6.5026363657600159        3.1329813564443763E-018
   6.5186060627200160        2.9981461910159183E-018
   6.5345757596800160        2.7676858735726861E-018
   6.5505454566400161        2.4609656650165308E-018
   6.5665151536000161        2.0973508262493024E-018
   6.5824848505600162        1.6962066181728546E-018
   6.5984545475200163        1.2768983016890365E-018
   6.6144242444800163        8.5879113769969925E-019
   6.6303939414400164        4.6125038710669662E-019
   6.6463636384000164        1.0364131081187398E-019
   6.6623333353600165       -1.9593410109140760E-019
   6.6783030323200165       -4.3350076422320643E-019
   6.6942727292800166       -6.1393929985276119E-019
   6.7102424262400167       -7.4226673643589731E-019
   6.7262121232000167       -8.2350010242844023E-019
   6.7421818201600168       -8.6265642628621534E-019
   6.7581515171200168       -8.6475273646504821E-019
   6.7741212140800169       -8.3480606142076424E-019
   6.7900909110400169       -7.7783342960918880E-019
   6.8060606080000170       -6.9885186948614701E-019
   6.8220303049600171       -6.0287840950746502E-019
   6.8380000019200171       -4.9493007812896813E-019
   6.8539696988800172       -3.8002390380648123E-019
   6.8699393958400172       -2.6317691499582957E-019
   6.8859090928000173       -1.4940614015283999E-019
   6.9018787897600173       -4.3728607733336566E-020
   6.9178484867200174        4.9002157270178184E-020
   6.9338181836800175        1.2695909049682465E-019
   6.9497878806400175        1.9098246599279926E-019
   6.9657575776000176        2.4200387740006788E-019
   6.9817272745600176        2.8095491836059656E-019
   6.9976969715200177        3.0876718251635123E-019
   7.0136666684800177        3.2637226350929791E-019
   7.0296363654400178        3.3470175498140249E-019
   7.0456060624000179        3.3468725057463096E-019
   7.0615757593600179        3.2726034393094929E-019
   7.0775454563200180        3.1335262869232343E-019
   7.0935151532800180        2.9389569850071936E-019
   7.1094848502400181        2.6982114699810312E-019
   7.1254545472000181        2.4206056782644034E-019
   7.1414242441600182        2.1154555462769738E-019
   7.1573939411200183        1.7920770104384020E-019
   7.1733636380800183        1.4597860071683453E-019
   7.1893333350400184        1.1278984728864637E-019
   7.2053030320000184        8.0573034401241688E-020
   7.2212727289600185        5.0259755696586869E-020
   7.2372424259200185        2.2781604816646957E-020
   7.2532121228800186       -9.2984179799293850E-022
   7.2691818198400187       -2.0188235165284097E-020
   7.2851515168000187       -3.5169615723885011E-020
   7.3011212137600188       -4.6239495923806520E-020
   7.3170909107200188       -5.3763388215059481E-020
   7.3330606076800189       -5.8106805047654729E-020
   7.3490303046400189       -5.9635258871603115E-020
   7.3650000016000190       -5.8714262136915481E-020
   7.3809696985600191       -5.5709327293602660E-020
   7.3969393955200191       -5.0985966791675525E-020
   7.4129090924800192       -4.4909693081144922E-020
   7.4288787894400192       -3.7846018612021661E-020
   7.4448484864000193       -3.0160455834316619E-020
   7.4608181833600193       -2.2218517198040612E-020
   7.4767878803200194       -1.4385715153204564E-020
   7.4927575772800195       -7.0275621498191880E-021
   7.5087272742400195       -5.0957063789542067E-022
   7.5246969712000196        4.8613081540363932E-021
   7.5406666681600196        9.0816688035851938E-021
   7.5566363651200197        1.2246157124342059E-020
   7.5726060620800197        1.4449467752580546E-020
   7.5885757590400198        1.5786295324574200E-020
   7.6045454560000199        1.6351334476596574E-020
   7.6205151529600199        1.6239279844921225E-020
   7.6364848499200200        1.5544826065821696E-020
   7.6524545468800200        1.4362667775571541E-020
   7.6684242438400201        1.2787499610444311E-020
   7.6843939408000201        1.0914016206713554E-020
   7.7003636377600202        8.8369122006528424E-021
   7.7163333347200203        6.6508822285356975E-021
   7.7323030316800203        4.4506209266356702E-021
   7.7482727286400204        2.3308229312263545E-021
   7.7642424256000204        3.8618287858125845E-022
   7.7802121225600205       -1.2976549073531472E-021
   7.7961818195200205       -2.7052638860328302E-021
   7.8121515164800206       -3.8540414376617494E-021
   7.8281212134400207       -4.7615710591857684E-021
   7.8440909104000207       -5.4454362475507489E-021
   7.8600606073600208       -5.9232204997025534E-021
   7.8760303043200208       -6.2125073125870467E-021
   7.8920000012800209       -6.3308801831500906E-021
   7.9079696982400209       -6.2959226083375459E-021
   7.9239393952000210       -6.1252180850952805E-021
   7.9399090921600211       -5.8363501103691554E-021
   7.9558787891200211       -5.4469021811050286E-021
   7.9718484860800212       -4.9744577942487663E-021
   7.9878181830400212       -4.4366004467462347E-021
   8.0037878800000204       -3.8509136355433266E-021
   8.0197575769600196       -3.2349808575858743E-021
   8.0357272739200187       -2.6063856098197372E-021
   8.0516969708800179       -1.9827113891907760E-021
   8.0676666678400171       -1.3815416926448498E-021
   8.0836363648000162       -8.2046001712781883E-022
   8.0996060617600154       -3.1704985958554694E-022
   8.1155757587200146        1.1119444395284723E-022
   8.1315454556800137        4.5497051091976996E-022
   8.1475151526400129        7.1965150935693249E-022
   8.1634848496000121        9.1213633832129958E-022
   8.1794545465600113        1.0393238968698357E-021
   8.1954242435200104        1.1081130840595057E-021
   8.2113939404800096        1.1254027989472743E-021
   8.2273636374400088        1.0980919405901054E-021
   8.2433333344000079        1.0330794080449647E-021
   8.2593030313600071        9.3726410036881674E-022
   8.2752727283200063        8.1754491661862476E-022
   8.2912424252800054        6.8082075585135536E-022
   8.3072121222400046        5.3399051712397230E-022
   8.3231818192000038        3.8395309949343881E-022
   8.3391515161600029        2.3760740201672268E-022
   8.3551212131200021        1.0185232375078608E-022
   8.3710909100800013       -1.6418174932146414E-023
   8.3870606070400004       -1.1249522705850363E-022
   8.4030303039999996       -1.8727870839416550E-022
   8.4190000009599988       -2.4255587274458208E-022
   8.4349696979199980       -2.8011397391520362E-022
   8.4509393948799971       -3.0174026571148002E-022
   8.4669090918399963       -3.0922200193886165E-022
   8.4828787887999955       -3.0434643640279839E-022
   8.4988484857599946       -2.8890082290874042E-022
   8.5148181827199938       -2.6467241526213792E-022
   8.5307878796799930       -2.3344846726844096E-022
   8.5467575766399921       -1.9701623273309966E-022
   8.5627272735999913       -1.5716296546156399E-022
   8.5786969705599905       -1.1567591925928418E-022
   8.5946666675199896       -7.4342347931710515E-023
   8.6106363644799888       -3.4949505284292987E-023
   8.6266060614399880        7.1535838987907281E-025
   8.6425757583999872        3.1241414359209527E-023
   8.6585454553599863        5.6629496192928560E-023
   8.6745151523199855        7.7211297666517266E-023
   8.6904848492799847        9.3318512555456772E-023
   8.7064545462399838        1.0528283463522817E-022
   8.7224242431999830        1.1343595768131254E-022
   8.7383939401599822        1.1810957546919099E-022
   8.7543636371199813        1.1963538177434466E-022
   8.7703333340799805        1.1834507037225465E-022
   8.7863030310399797        1.1457033503840204E-022
   8.8022727279999788        1.0864286954826788E-022
   8.8182424249599780        1.0089436767733342E-022
   8.8342121219199772        9.1656523201079666E-023
   8.8501818188799763        8.1261029894987659E-023
   8.8661515158399755        7.0039581534538617E-023
   8.8821212127999747        5.8323871895213609E-023
   8.8980909097599739        4.6445594752493825E-023
   8.9140606067199730        3.4736443881860081E-023
   8.9300303036799722        2.3528113058793895E-023
   8.9460000006399714        1.3152296058776045E-023
   8.9619696975999705        3.9406866572877430E-024
   8.9779393945599697       -3.7855828223087218E-024
   8.9939090915199689       -9.9308397067740244E-024
   9.0098787884799680       -1.4615580700739058E-023
   9.0258484854399672       -1.7969004875107229E-023
   9.0418181823999664       -2.0120311300781935E-023
   9.0577878793599655       -2.1198699048666579E-023
   9.0737575763199647       -2.1333367189664567E-023
   9.0897272732799639       -2.0653514794679295E-023
   9.1056969702399631       -1.9288340934614181E-023
   9.1216666671999622       -1.7367044680372607E-023
   9.1376363641599614       -1.5018825102857999E-023
   9.1536060611199606       -1.2372881272973739E-023
   9.1695757580799597       -9.5584122616232279E-024
   9.1855454550399589       -6.7046171397099114E-024
   9.2015151519999581       -3.9406949781371448E-024
   9.2174848489599572       -1.3958448478083253E-024
   9.2334545459199564        8.0227142489936407E-025
   9.2494242428799556        2.5905732421640329E-024
   9.2653939398399547        3.9927739359455859E-024
   9.2813636367999539        5.0386886779365134E-024
   9.2973333337599531        5.7581326398293055E-024
   9.3133030307199522        6.1809209933164539E-024
   9.3292727276799514        6.3368689100904466E-024
   9.3452424246399506        6.2557915618437775E-024
   9.3612121215999498        5.9675041202689333E-024
   9.3771818185599489        5.5018217570584079E-024
   9.3931515155199481        4.8885596439046900E-024
   9.4091212124799473        4.1575329525002685E-024
   9.4250909094399464        3.3385568545376381E-024
   9.4410606063999456        2.4614465217092908E-024
   9.4570303033599448        1.5560171257077076E-024
   9.4730000003199439        6.5208383822538346E-025
   9.4889696972799431       -2.2062357193677487E-025
   9.5049393942399423       -1.0419282537025776E-024
   9.5209090911999414       -1.8098007310562069E-024
   9.5368787881599406       -2.5242410039976631E-024
   9.5528484851199398       -3.1852490725269459E-024
   9.5688181820799389       -3.7928249366440557E-024
   9.5847878790399381       -4.3469685963489919E-024
   9.6007575759999373       -4.8476800516417547E-024
   9.6167272729599365       -5.2949593025223450E-024
   9.6326969699199356       -5.6888063489907612E-024
   9.6486666668799348       -6.0292211910470040E-024
   9.6646363638399340       -6.3162038286910736E-024
   9.6806060607999331       -6.5497542619229705E-024
   9.6965757577599323       -6.7298724907426927E-024
   9.7125454547199315       -6.8565585151502430E-024
   9.7285151516799306       -6.9298123351456193E-024
   9.7444848486399298       -6.9496339507288229E-024
   9.7604545455999290       -6.9160233618998525E-024
   9.7764242425599281       -6.8289805686587095E-024
   9.7923939395199273       -6.6885055710053925E-024
   9.8083636364799265       -6.4945983689399036E-024
   9.8243333334399257       -6.2472589624622406E-024
   9.8403030303999248       -5.9464873515724036E-024
   9.8562727273599240       -5.5922835362703933E-024
   9.8722424243199232       -5.1846475165562096E-024
   9.8882121212799223       -4.7235792924298534E-024
   9.9041818182399215       -4.2090788638913253E-024
   9.9201515151999207       -3.6411462309406224E-024
   9.9361212121599198       -3.0197813935777454E-024
   9.9520909091199190       -2.3449843518026955E-024
   9.9680606060799182       -1.6167551056154721E-024
   9.9840303030399173       -8.3509365501607533E-025
