   2.0151515199999999        0.0000000000000000     
   2.0311212169599999       -2.9049987635627909E-012
   2.0470909139200000       -4.4824058442903936E-012
   2.0630606108800000       -4.7322212421828061E-012
   2.0790303078400001       -3.6544449572400287E-012
   2.0950000048000001       -1.2490769894620648E-012
   2.1109697017600002        2.4239845240883740E-012
   2.1269393987200003        6.4874711796449995E-012
   2.1429090956800003        9.4729531076305062E-012
   2.1588787926400004        9.8988381486464441E-012
   2.1748484896000004        6.2835341432943678E-012
   2.1908181865600005       -2.8358751192216081E-012
   2.2067878835200005       -1.6601087491008424E-011
   2.2227575804800006       -2.9612226439848206E-011
   2.2387272774400007       -3.5942922465337531E-011
   2.2546969744000007       -2.9666806067073010E-011
   2.2706666713600008       -4.8575077446512416E-012
   2.2866363683200008        4.1311511546550036E-011
   2.3026060652800009        9.3338398271666680E-011
   2.3185757622400009        1.2900934912770480E-010
   2.3345454592000010        1.2610048172368765E-010
   2.3505151561600011        6.2387913668638608E-011
   2.3664848531200011       -8.2230649670649713E-011
   2.3824545500800012       -2.7780670714788530E-010
   2.3984242470400012       -4.4363406216688915E-010
   2.4143939440000013       -4.9674354172201336E-010
   2.4303636409600013       -3.5416597280760989E-010
   2.4463333379200014        6.6959534963843138E-011
   2.4623030348800015        7.5841561517123338E-010
   2.4782727318400015        1.4554049529614337E-009
   2.4942424288000016        1.8482747870201672E-009
   2.5102121257600016        1.6273723560331570E-009
   2.5261818227200017        4.8304489868612682E-010
   2.5421515196800017       -1.7946195879082972E-009
   2.5581212166400018       -4.5236629243663517E-009
   2.5740909136000019       -6.5526404167810424E-009
   2.5900606105600019       -6.7259101964384379E-009
   2.6060303075200020       -3.8878303946246052E-009
   2.6220000044800020        3.0727050260348169E-009
   2.6379697014400021        1.3123898774987636E-008
   2.6539393984000021        2.2185552726188481E-008
   2.6699090953600022        2.5944751479903376E-008
   2.6858787923200023        2.0088579636398353E-008
   2.7018484892800023        3.0412179593942268E-010
   2.7178181862400024       -3.4428594466680796E-008
   2.7337878832000024       -7.1525933322395030E-008
   2.7497575801600025       -9.4891881780973144E-008
   2.7657272771200025       -8.8430422623831971E-008
   2.7816969740800026       -3.6045538632388256E-008
   2.7976666710400027        7.5436030820729508E-008
   2.8136363680000027        2.1761360449167168E-007
   2.8296060649600028        3.3115235345262128E-007
   2.8455757619200028        3.5598111485541577E-007
   2.8615454588800029        2.3202872585189251E-007
   2.8775151558400029       -1.0014880519349652E-007
   2.8934848528000030       -6.1292450807337905E-007
   2.9094545497600031       -1.1031906995328783E-006
   2.9254242467200031       -1.3467587803805428E-006
   2.9413939436800032       -1.1194401514249212E-006
   2.9573636406400032       -1.9704621347456226E-007
   2.9733333376000033        1.5320648330843036E-006
   2.9893030345600033        3.4915672739649560E-006
   3.0052727315200034        4.8452608149656069E-006
   3.0212424284800035        4.7564622247295184E-006
   3.0372121254400035        2.3884882718999471E-006
   3.0531818224000036       -3.0205879558006363E-006
   3.0691515193600036       -1.0375724072740125E-005
   3.0851212163200037       -1.6645101761731448E-005
   3.1010909132800037       -1.8706176199736683E-005
   3.1170606102400038       -1.3436402563717912E-005
   3.1330303072000039        2.2837022731611484E-006
   3.1490000041600039        2.8240299058112100E-005
   3.1649697011200040        5.4530512841926703E-005
   3.1809393980800040        6.9500849382233041E-005
   3.1969090950400041        6.1497814436659197E-005
   3.2128787920000041        1.8867913762833242E-005
   3.2288484889600042       -6.6449552186319646E-005
   3.2448181859200043       -1.6920130575121214E-004
   3.2607878828800043       -2.4607444373285524E-004
   3.2767575798400044       -2.5357752719835214E-004
   3.2927272768000044       -1.4821911721480570E-004
   3.3086969737600045        1.1195973927284443E-004
   3.3246666707200045        4.8974478416374324E-004
   3.3406363676800046        8.3203476223297872E-004
   3.3566060646400047        9.7651743731870023E-004
   3.3725757616000047        7.6088057325905732E-004
   3.3885454585600048        2.2811933892199849E-005
   3.4045151555200048       -1.2800714903914482E-003
   3.4204848524800049       -2.6784575440147204E-003
   3.4364545494400049       -3.5665898998901314E-003
   3.4524242464000050       -3.3387109577801594E-003
   3.4683939433600051       -1.3890631174472831E-003
   3.4843636403200051        2.7838042378720185E-003
   3.5003333372800052        8.1338193143638028E-003
   3.5163030342400052        1.2430349403579644E-002
   3.5322727312000053        1.3412676693496002E-002
   3.5482424281600053        8.8200833720893292E-003
   3.5642121251200054       -3.5876199694095203E-003
   3.5801818220800055       -2.2848680694362182E-002
   3.5961515190400055       -4.1353341651292806E-002
   3.6121212160000056       -5.0664489218168920E-002
   3.6280909129600056       -4.2345009772958006E-002
   3.6440606099200057       -7.9577896936275944E-003
   3.6600303068800057        5.8669942393074638E-002
   3.6760000038400058       0.14939900446381227     
   3.6919697008000059       0.25051446314751535     
   3.7079393977600059       0.34828878292158805     
   3.7239090947200060       0.42899442826343448     
   3.7398787916800060       0.47930540897824830     
   3.7558484886400061       0.49641052789253542     
   3.7718181856000061       0.48877736672637412     
   3.7877878825600062       0.46542808538434388     
   3.8037575795200063       0.43538484377102410     
   3.8197272764800063       0.40766809390914205     
   3.8356969734400064       0.38881895792773802     
   3.8516666704000064       0.37794164624531429     
   3.8676363673600065       0.37275180385564144     
   3.8836060643200065       0.37096507575249016     
   3.8995757612800066       0.37029710692963103     
   3.9155454582400067       0.36863714664330416     
   3.9315151552000067       0.36554428807842226     
   3.9474848521600068       0.36150973666874775     
   3.9634545491200068       0.35703484286749115     
   3.9794242460800069       0.35262095712786296     
   3.9953939430400069       0.34876529844333715     
   4.0113636400000070       0.34573535781126374     
   4.0273333369600071       0.34345261469376070     
   4.0433030339200071       0.34180993038605301     
   4.0592727308800072       0.34070016618336546     
   4.0752424278400072       0.34001618338092293     
   4.0912121248000073       0.33965603087471941     
   4.1071818217600073       0.33954061778304656     
   4.1231515187200074       0.33959714828318721     
   4.1391212156800075       0.33975282674455842     
   4.1550909126400075       0.33993485753657721     
   4.1710606096000076       0.34007337617795730     
   4.1870303065600076       0.34014390653719445     
   4.2030000035200077       0.34015771177954984     
   4.2189697004800077       0.34012702178631071     
   4.2349393974400078       0.34006406643876458     
   4.2509090944000079       0.33998109492343570     
   4.2668787913600079       0.33989376113704134     
   4.2828484883200080       0.33982500242073271     
   4.2988181852800080       0.33979869487282105     
   4.3147878822400081       0.33983871459161780     
   4.3307575792000081       0.33996893767543429     
   4.3467272761600082       0.34020029902569626     
   4.3626969731200083       0.34045914096353186     
   4.3786666700800083       0.34063782126486197     
   4.3946363670400084       0.34062860566905812     
   4.4106060640000084       0.34032375991549180     
   4.4265757609600085       0.33961767004410809     
   4.4425454579200085       0.33846332327493434     
   4.4585151548800086       0.33687835574072800     
   4.4744848518400087       0.33488373708016211     
   4.4904545488000087       0.33250043693190967     
   4.5064242457600088       0.32974942524081091     
   4.5223939427200088       0.32665228683134639     
   4.5383636396800089       0.32323251006479814     
   4.5543333366400089       0.31951395054007070     
   4.5703030336000090       0.31552046385606880     
   4.5862727305600091       0.31127590561169699     
   4.6022424275200091       0.30679577677754510     
   4.6182121244800092       0.30201218511769790     
   4.6341818214400092       0.29680931077704953     
   4.6501515184000093       0.29107076191507397     
   4.6661212153600093       0.28468014669124514     
   4.6820909123200094       0.27752213506728002     
   4.6980606092800095       0.26954510513947533     
   4.7140303062400095       0.26079618261272608     
   4.7300000032000096       0.25133098760987138     
   4.7459697001600096       0.24120514025375028     
   4.7619393971200097       0.23047426066720178     
   4.7779090940800097       0.21917034773221566     
   4.7938787910400098       0.20721788751304895     
   4.8098484880000099       0.19451079398532198     
   4.8258181849600099       0.18094297898027803     
   4.8417878819200100       0.16640835432916037     
   4.8577575788800100       0.15080372684343540     
   4.8737272758400101       0.13407272386220698     
   4.8896969728000101       0.11619689535137132     
   4.9056666697600102        9.7158881857008980E-002
   4.9216363667200103        7.6941323925200603E-002
   4.9376060636800103        5.5526038790096412E-002
   4.9535757606400104        3.2729499022599251E-002
   4.9695454576000104        8.0036890547697248E-003
   4.9855151545600105       -1.9248046846555553E-002
   5.0014848515200105       -4.9622364414539974E-002
   5.0174545484800106       -8.3715919382346932E-002
   5.0334242454400107      -0.12184151940031662     
   5.0493939424000107      -0.16239272201998567     
   5.0653636393600108      -0.20296809189523576     
   5.0813333363200108      -0.24116364701453533     
   5.0973030332800109      -0.27457540536635283     
   5.1132727302400109      -0.30095103961484271     
   5.1292424272000110      -0.32246787783007552     
   5.1452121241600111      -0.34632929864324680     
   5.1611818211200111      -0.38001021128634360     
   5.1771515180800112      -0.43098552499135279     
   5.1931212150400112      -0.50672755379700363     
   5.2090909120000113      -0.60715291638929081     
   5.2250606089600113      -0.70803403442001234     
   5.2410303059200114      -0.78033089022341073     
   5.2570000028800115      -0.79500346613372885     
   5.2729696998400115      -0.72301174448520911     
   5.2889393968000116      -0.53952772133171034     
   5.3049090937600116      -0.26337053880525774     
   5.3208787907200117        6.0816395289211123E-002
   5.3368484876800117       0.38805298831501289     
   5.3528181846400118       0.67335914763546378     
   5.3687878816000119       0.87209035895226039     
   5.3847575785600119       0.96138812357113579     
   5.4007272755200120       0.95314763540806058     
   5.4166969724800120       0.86237186213426797     
   5.4326666694400121       0.70406377142099175     
   5.4486363664000121       0.49322633093946483     
   5.4646060633600122       0.24486250836092083     
   5.4805757603200123       -2.6024728643407546E-002
   5.4965454572800123      -0.30443241240228580     
   5.5125151542400124      -0.57535757524448139     
   5.5284848512000124      -0.82379724949876210     
   5.5444545481600125       -1.0353066896684033     
   5.5604242451200125       -1.2048773846019167     
   5.5763939420800126       -1.3353622807611085     
   5.5923636390400127       -1.4298542963439376     
   5.6083333360000127       -1.4914463495483632     
   5.6243030329600128       -1.5232313585723443     
   5.6402727299200128       -1.5283022416138403     
   5.6562424268800129       -1.5097519168708100     
   5.6722121238400129       -1.4706733025412129     
   5.6881818208000130       -1.4141593168230073     
   5.7041515177600131       -1.3433028779141529     
   5.7201212147200131       -1.2611969040126085     
   5.7360909116800132       -1.1709343133163337     
   5.7520606086400132       -1.0756080240232866     
   5.7680303056000133      -0.97831095433142767     
   5.7840000025600133      -0.88213602243871503     
   5.7999696995200134      -0.79012945541727331     
   5.8159393964800135      -0.70389421158070087     
   5.8319090934400135      -0.62334896095181502     
   5.8478787904000136      -0.54831711784929960     
   5.8638484873600136      -0.47862209659183796     
   5.8798181843200137      -0.41408731149811390     
   5.8957878812800137      -0.35453617688681083     
   5.9117575782400138      -0.29979210707661275     
   5.9277272752000139      -0.24967851638620286     
   5.9436969721600139      -0.20401881913426523     
   5.9596666691200140      -0.16263642963948299     
   5.9756363660800140      -0.12535476222054021     
   5.9916060630400141       -9.1997231196120244E-002
   6.0075757600000141       -6.2387250884906931E-002
   6.0235454569600142       -3.6348235605583645E-002
   6.0395151539200143       -1.3703599676834322E-002
   6.0554848508800143        5.7232981965221448E-003
   6.0714545478400144        2.2113017499169350E-002
   6.0874242448000144        3.5652551109679742E-002
   6.1033939417600145        4.6529489668068948E-002
   6.1193636387200145        5.4931423814352592E-002
   6.1353333356800146        6.1045944188546329E-002
   6.1513030326400147        6.5060641430665769E-002
   6.1672727296000147        6.7163106180726545E-002
   6.1832424265600148        6.7540929078744302E-002
   6.1992121235200148        6.6381700764734652E-002
   6.2151818204800149        6.3873011878713262E-002
   6.2311515174400149        6.0202453060695736E-002
   6.2471212144000150        5.5557614950697672E-002
   6.2630909113600151        5.0126088188734791E-002
   6.2790606083200151        4.4095463414822601E-002
   6.2950303052800152        3.7653331268976895E-002
   6.3110000022400152        3.0987282391213195E-002
   6.3269696992000153        2.4284907421547101E-002
   6.3429393961600153        1.7733796999994306E-002
   6.3589090931200154        1.1521541766570503E-002
   6.3748787900800155        5.8357323612911989E-003
   6.3908484870400155        8.6395942417208729E-004
   6.4068181840000156       -3.2290156126236363E-003
   6.4227878809600156       -6.4437014293697251E-003
   6.4387575779200157       -8.8533517181030742E-003
   6.4547272748800157       -1.0531535759501944E-002
   6.4706969718400158       -1.1551822834244590E-002
   6.4866666688000159       -1.1987782223009273E-002
   6.5026363657600159       -1.1912983206474246E-002
   6.5186060627200160       -1.1400995065317776E-002
   6.5345757596800160       -1.0525387080218116E-002
   6.5505454566400161       -9.3597285318535190E-003
   6.5665151536000161       -7.9775887009022536E-003
   6.5824848505600162       -6.4525368680425623E-003
   6.5984545475200163       -4.8581423139527243E-003
   6.6144242444800163       -3.2679743193109933E-003
   6.6303939414400164       -1.7556021647955966E-003
   6.6463636384000164       -3.9459513108484298E-004
   6.6623333353600165        7.4627022096984805E-004
   6.6783030323200165        1.6518133612717740E-003
   6.6942727292800166        2.3404513982983504E-003
   6.7102424262400167        2.8311189553965341E-003
   6.7262121232000167        3.1427506559132826E-003
   6.7421818201600168        3.2942811231955527E-003
   6.7581515171200168        3.3046449805903023E-003
   6.7741212140800169        3.1927768514444879E-003
   6.7900909110400169        2.9776113591050667E-003
   6.8060606080000170        2.6780831269189948E-003
   6.8220303049600171        2.3131267782332326E-003
   6.8380000019200171        1.9016769363947345E-003
   6.8539696988800172        1.4626682247504564E-003
   6.8699393958400172        1.0150352666473581E-003
   6.8859090928000173        5.7771268543239701E-004
   6.9018787897600173        1.6963510445252666E-004
   6.9178484867200174       -1.9087120720382317E-004
   6.9338181836800175       -4.9674066065710993E-004
   6.9497878806400175       -7.5083214597098118E-004
   6.9657575776000176       -9.5634432989542980E-004
   6.9817272745600176       -1.1164758791804487E-003
   6.9976969715200177       -1.2344254605760306E-003
   7.0136666684800177       -1.3133917408321687E-003
   7.0296363654400178       -1.3565733866988555E-003
   7.0456060624000179       -1.3671690649260839E-003
   7.0615757593600179       -1.3483774422638471E-003
   7.0775454563200180       -1.3033971854621376E-003
   7.0935151532800180       -1.2354269612709484E-003
   7.1094848502400181       -1.1476654364402732E-003
   7.1254545472000181       -1.0433112777201033E-003
   7.1414242441600182       -9.2556315186043342E-004
   7.1573939411200183       -7.9761972561125474E-004
   7.1733636380800183       -6.6267966572256085E-004
   7.1893333350400184       -5.2394163894434371E-004
   7.2053030320000184       -3.8460431202659914E-004
   7.2212727289600185       -2.4786635171931710E-004
   7.2372424259200185       -1.1692642477249146E-004
   7.2532121228800186        5.0168384693310091E-006
   7.2691818198400187        1.1528381334430479E-004
   7.2851515168000187        2.1302005827866083E-004
   7.3011212137600188        2.9777213512292974E-004
   7.3170909107200188        3.6908660572764217E-004
   7.3330606076800189        4.2651003194332858E-004
   7.3490303046400189        4.6958897562051960E-004
   7.3650000016000190        4.9786999860974618E-004
   7.3809696985600191        5.1089966276153835E-004
   7.3969393955200191        5.0822452992642711E-004
   7.4129090924800192        4.8939116195494299E-004
   7.4288787894400192        4.5394612069761655E-004
   7.4448484864000193        4.0143596800497821E-004
   7.4608181833600193        3.3140726572755897E-004
   7.4767878803200194        2.4340657571588921E-004
   7.4927575772800195        1.3698045982049931E-004
   7.5087272742400195        1.1675479891920563E-005
   7.5246969712000196       -1.3204482468160610E-004
   7.5406666681600196       -2.8896385986477052E-004
   7.5566363651200197       -4.5232970195072548E-004
   7.5726060620800197       -6.1538966274544266E-004
   7.5885757590400198       -7.7139105405489388E-004
   7.6045454560000199       -9.1358118768505067E-004
   7.6205151529600199       -1.0352073754418851E-003
   7.6364848499200200       -1.1295169291313683E-003
   7.6524545468800200       -1.1897571605594727E-003
   7.6684242438400201       -1.2091753815321696E-003
   7.6843939408000201       -1.1810189038554306E-003
   7.7003636377600202       -1.0985350393352279E-003
   7.7163333347200203       -9.5497109977753269E-004
   7.7323030316800203       -7.4357439698831678E-004
   7.7482727286400204       -4.5759224277355266E-004
   7.7642424256000204       -9.0271948939211108E-005
   7.7802121225600205        3.6411155379304991E-004
   7.7961818195200205        9.0331044715536433E-004
   7.8121515164800206        1.5213499164372524E-003
   7.8281212134400207        2.2122340142780457E-003
   7.8440909104000207        2.9699667933170740E-003
   7.8600606073600208        3.7885523061936687E-003
   7.8760303043200208        4.6619946055471611E-003
   7.8920000012800209        5.5842977440168813E-003
   7.9079696982400209        6.5494657742421591E-003
   7.9239393952000210        7.5515027488623271E-003
   7.9399090921600211        8.5844127205167153E-003
   7.9558787891200211        9.6421997418446558E-003
   7.9718484860800212        1.0718867865485477E-002
   7.9878181830400212        1.1808421144078511E-002
   8.0037878800000204        1.2904863630263027E-002
   8.0197575769600196        1.4002199376678416E-002
   8.0357272739200187        1.5094432435964011E-002
   8.0516969708800179        1.6175566860759147E-002
   8.0676666678400171        1.7239606703703152E-002
   8.0836363648000162        1.8280556017435359E-002
   8.0996060617600154        1.9292418854595098E-002
   8.1155757587200146        2.0269218522763779E-002
   8.1315454556800137        2.1206747440868697E-002
   8.1475151526400129        2.2103967318679897E-002
   8.1634848496000121        2.2960169358568011E-002
   8.1794545465600113        2.3774644762903665E-002
   8.1954242435200104        2.4546684734057491E-002
   8.2113939404800096        2.5275580474400115E-002
   8.2273636374400088        2.5960623186302170E-002
   8.2433333344000079        2.6601104072134278E-002
   8.2593030313600071        2.7196314334267072E-002
   8.2752727283200063        2.7745545175071176E-002
   8.2912424252800054        2.8248087796917225E-002
   8.3072121222400046        2.8703233402175846E-002
   8.3231818192000038        2.9110273193217663E-002
   8.3391515161600029        2.9468498372413311E-002
   8.3551212131200021        2.9777200142133413E-002
   8.3710909100800013        3.0035672326243060E-002
   8.3870606070400004        3.0244368614144809E-002
   8.4030303039999996        3.0406719861991220E-002
   8.4190000009599988        3.0526627953492497E-002
   8.4349696979199980        3.0607994772358853E-002
   8.4509393948799971        3.0654722202300488E-002
   8.4669090918399963        3.0670712127027617E-002
   8.4828787887999955        3.0659866430250444E-002
   8.4988484857599946        3.0626086995679175E-002
   8.5148181827199938        3.0573275707024020E-002
   8.5307878796799930        3.0505334447995188E-002
   8.5467575766399921        3.0426165102302883E-002
   8.5627272735999913        3.0339669553657314E-002
   8.5786969705599905        3.0249749685768691E-002
   8.5946666675199896        3.0160307382347221E-002
   8.6106363644799888        3.0075244527103109E-002
   8.6266060614399880        2.9998462996020811E-002
   8.6425757583999872        2.9933036691809609E-002
   8.6585454553599863        2.9878934438250779E-002
   8.6745151523199855        2.9835397302172703E-002
   8.6904848492799847        2.9801666350403769E-002
   8.7064545462399838        2.9776982649772365E-002
   8.7224242431999830        2.9760587267106876E-002
   8.7383939401599822        2.9751721269235691E-002
   8.7543636371199813        2.9749625722987200E-002
   8.7703333340799805        2.9753541695189782E-002
   8.7863030310399797        2.9762710252671833E-002
   8.8022727279999788        2.9776372462261735E-002
   8.8182424249599780        2.9793769390787872E-002
   8.8342121219199772        2.9814142105078639E-002
   8.8501818188799763        2.9836731671962418E-002
   8.8661515158399755        2.9860779158267597E-002
   8.8821212127999747        2.9885525630822564E-002
   8.8980909097599739        2.9910212156455705E-002
   8.9140606067199730        2.9934079801995406E-002
   8.9300303036799722        2.9956369634270057E-002
   8.9460000006399714        2.9976322720108042E-002
   8.9619696975999705        2.9993180126337747E-002
   8.9779393945599697        3.0006211380388208E-002
   8.9939090915199689        3.0015293569803436E-002
   9.0098787884799680        3.0020886307169061E-002
   9.0258484854399672        3.0023472655877331E-002
   9.0418181823999664        3.0023535679320493E-002
   9.0577878793599655        3.0021558440890793E-002
   9.0737575763199647        3.0018024003980476E-002
   9.0897272732799639        3.0013415431981789E-002
   9.1056969702399631        3.0008215788286979E-002
   9.1216666671999622        3.0002908136288288E-002
   9.1376363641599614        2.9997975539377966E-002
   9.1536060611199606        2.9993901060948253E-002
   9.1695757580799597        2.9991167764391403E-002
   9.1855454550399589        2.9990258713099655E-002
   9.2015151519999581        2.9991656970465255E-002
   9.2174848489599572        2.9995845599880454E-002
   9.2334545459199564        3.0003294827899190E-002
   9.2494242428799556        3.0013935592254154E-002
   9.2653939398399547        3.0026974053569723E-002
   9.2813636367999539        3.0041565418748421E-002
   9.2973333337599531        3.0056864894692774E-002
   9.3133030307199522        3.0072027688305299E-002
   9.3292727276799514        3.0086209006488524E-002
   9.3452424246399506        3.0098564056144972E-002
   9.3612121215999498        3.0108248044177166E-002
   9.3771818185599489        3.0114416177487630E-002
   9.3931515155199481        3.0116223662978885E-002
   9.4091212124799473        3.0112825707553453E-002
   9.4250909094399464        3.0103377518113865E-002
   9.4410606063999456        3.0087034301562635E-002
   9.4570303033599448        3.0062951264802292E-002
   9.4730000003199439        3.0030283614735358E-002
   9.4889696972799431        2.9988187271425527E-002
   9.5049393942399423        2.9935897927059987E-002
   9.5209090911999414        2.9872802814400853E-002
   9.5368787881599406        2.9798306113452539E-002
   9.5528484851199398        2.9711812004219455E-002
   9.5688181820799389        2.9612724666706027E-002
   9.5847878790399381        2.9500448280916660E-002
   9.6007575759999373        2.9374387026855773E-002
   9.6167272729599365        2.9233945084527781E-002
   9.6326969699199356        2.9078526633937098E-002
   9.6486666668799348        2.8907535855088144E-002
   9.6646363638399340        2.8720376927985326E-002
   9.6806060607999331        2.8516454032633063E-002
   9.6965757577599323        2.8295171349035773E-002
   9.7125454547199315        2.8055933057197866E-002
   9.7285151516799306        2.7798143337123760E-002
   9.7444848486399298        2.7521206368817868E-002
   9.7604545455999290        2.7224526332284608E-002
   9.7764242425599281        2.6907507407528390E-002
   9.7923939395199273        2.6569553774553636E-002
   9.8083636364799265        2.6210069613364757E-002
   9.8243333334399257        2.5828459103966167E-002
   9.8403030303999248        2.5424126426362284E-002
   9.8562727273599240        2.4996475760557517E-002
   9.8722424243199232        2.4544911286556292E-002
   9.8882121212799223        2.4068837184363014E-002
   9.9041818182399215        2.3567657633982102E-002
   9.9201515151999207        2.3040776815417972E-002
   9.9361212121599198        2.2487598908675036E-002
   9.9520909091199190        2.1907528093757709E-002
   9.9680606060799182        2.1299968550670415E-002
   9.9840303030399173        2.0664324459417554E-002
