   2.0151515199999999        23.870000000000001     
   2.0311212169599999        24.769477290943026     
   2.0470909139200000        25.675180912940732     
   2.0630606108800000        26.587175222234517     
   2.0790303078400001        27.505524575065781     
   2.0950000048000001        28.430293327675919     
   2.1109697017600002        29.361579997941515     
   2.1269393987200003        30.299949273577251     
   2.1429090956800003        31.246302998732357     
   2.1588787926400004        32.201550524389575     
   2.1748484896000004        33.166601201531641     
   2.1908181865600005        34.142353729709157     
   2.2067878835200005        35.128382950692981     
   2.2227575804800006        36.121673515392189     
   2.2387272774400007        37.118909800590714     
   2.2546969744000007        38.116776183072488     
   2.2706666713600008        39.111957039621437     
   2.2866363683200008        40.101629199117433     
   2.3026060652800009        41.085881215926392     
   2.3185757622400009        42.065867932967187     
   2.3345454592000010        43.042745794364969     
   2.3505151561600011        44.017671244244880     
   2.3664848531200011        44.991758766957687     
   2.3824545500800012        45.965132965530067     
   2.3984242470400012        46.936914580932232     
   2.4143939440000013        47.906179598041099     
   2.4303636409600013        48.872004001733600     
   2.4463333379200014        49.833463986750431     
   2.4623030348800015        50.789812267622530     
   2.4782727318400015        51.740798839354497     
   2.4942424288000016        52.686260631794426     
   2.5102121257600016        53.626034574790417     
   2.5261818227200017        54.559957598190557     
   2.5421515196800017        55.487853626147327     
   2.5581212166400018        56.409430287406032     
   2.5740909136000019        57.324333992020655     
   2.5900606105600019        58.232210602754606     
   2.6060303075200020        59.132705982371291     
   2.6220000044800020        60.025462876352236     
   2.6379697014400021        60.909974037835511     
   2.6539393984000021        61.785518847391664     
   2.6699090953600022        62.651360396564634     
   2.6858787923200023        63.506761776898394     
   2.7018484892800023        64.350986079936902     
   2.7178181862400024        65.183511958002597     
   2.7337878832000024        66.004708575160251     
   2.7497575801600025        66.815175020730237     
   2.7657272771200025        67.615510384309744     
   2.7816969740800026        68.406313755495958     
   2.7976666710400027        69.188053112272755     
   2.8136363680000027        69.959331471782860     
   2.8296060649600028        70.717364179673694     
   2.8455757619200028        71.459333550471086     
   2.8615454588800029        72.182421898700881     
   2.8775151558400029        72.883826819383387     
   2.8934848528000030        73.562867317645143     
   2.9094545497600031        74.223137837292072     
   2.9254242467200031        74.868746440759907     
   2.9413939436800032        75.503801190484381     
   2.9573636406400032        76.132410148901201     
   2.9733333376000033        76.757989046075039     
   2.9893030345600033        77.379721575425464     
   3.0052727315200034        77.995192810200081     
   3.0212424284800035        78.601984852855495     
   3.0372121254400035        79.197679805848281     
   3.0531818224000036        79.779922993487432     
   3.0691515193600036        80.347930189782517     
   3.0851212163200037        80.902555111376358     
   3.1010909132800037        81.444728202843748     
   3.1170606102400038        81.975379908759464     
   3.1330303072000039        82.495440450727756     
   3.1490000041600039        83.005597298381446     
   3.1649697011200040        83.505832309279896     
   3.1809393980800040        83.995999850678132     
   3.1969090950400041        84.475954289831179     
   3.2128787920000041        84.945549993994092     
   3.2288484889600042        85.404678462142712     
   3.2448181859200043        85.853575494947520     
   3.2607878828800043        86.292663540252249     
   3.2767575798400044        86.722366891076774     
   3.2927272768000044        87.143109840440957     
   3.3086969737600045        87.555313468355138     
   3.3246666707200045        87.959232860293000     
   3.3406363676800046        88.354880133076193     
   3.3566060646400047        88.742248091785854     
   3.3725757616000047        89.121329541503059     
   3.3885454585600048        89.492117287308943     
   3.4045151555200048        89.854664075216192     
   3.4204848524800049        90.209278397778803     
   3.4364545494400049        90.556336942693761     
   3.4524242464000050        90.896216398294342     
   3.4683939433600051        91.229293452913851     
   3.4843636403200051        91.555918668269385     
   3.5003333372800052        91.876054985588141     
   3.5163030342400052        92.189368639517213     
   3.5322727312000053        92.495518329043776     
   3.5482424281600053        92.794162753154993     
   3.5642121251200054        93.084963162681959     
   3.5801818220800055        93.367978835336032     
   3.5961515190400055        93.644095448700782     
   3.6121212160000056        93.914301527353928     
   3.6280909129600056        94.179585595873192     
   3.6440606099200057        94.440936178836324     
   3.6600303068800057        94.699187274947747     
   3.6760000038400058        94.954196189967917     
   3.6919697008000059        95.205439722758783     
   3.7079393977600059        95.452393812171607     
   3.7239090947200060        95.694534397057680     
   3.7398787916800060        95.931352588463639     
   3.7558484886400061        96.162736793788085     
   3.7718181856000061        96.389001583617045     
   3.7877878825600062        96.610482483004134     
   3.8037575795200063        96.827515017002952     
   3.8197272764800063        97.040434653059990     
   3.8356969734400064        97.249493230408248     
   3.8516666704000064        97.454691740000499     
   3.8676363673600065        97.655984336244671     
   3.8836060643200065        97.853325173548683     
   3.8995757612800066        98.046668406320464     
   3.9155454582400067        98.235985625045572     
   3.9315151552000067        98.421416132268817     
   3.9474848521600068        98.603192847945621     
   3.9634545491200068        98.781549710954266     
   3.9794242460800069        98.956720660172977     
   3.9953939430400069        99.128937246806260     
   4.0113636400000070        99.298298256511643     
   4.0273333369600071        99.464702506237970     
   4.0433030339200071        99.628032273780676     
   4.0592727308800072        99.788169836935140     
   4.0752424278400072        99.944997473496784     
   4.0912121248000073        100.09845103581985     
   4.1071818217600073        100.24870246349411     
   4.1231515187200074        100.39598870786010     
   4.1391212156800075        100.54054672224258     
   4.1550909126400075        100.68261345996638     
   4.1710606096000076        100.82241570911999     
   4.1870303065600076        100.96002285083247     
   4.2030000035200077        101.09538032222378     
   4.2189697004800077        101.22843020783918     
   4.2349393974400078        101.35911459222402     
   4.2509090944000079        101.48737564716592     
   4.2668787913600079        101.61317093068966     
   4.2828484883200080        101.73649091545782     
   4.2988181852800080        101.85733031647355     
   4.3147878822400081        101.97568384874002     
   4.3307575792000081        102.09154622726039     
   4.3467272761600082        102.20492045962621     
   4.3626969731200083        102.31586375950083     
   4.3786666700800083        102.42445511750125     
   4.3946363670400084        102.53077358322055     
   4.4106060640000084        102.63489820625182     
   4.4265757609600085        102.73690797245615     
   4.4425454579200085        102.83688010626068     
   4.4585151548800086        102.93488988887584     
   4.4744848518400087        103.03101250131357     
   4.4904545488000087        103.12532312458580     
   4.5064242457600088        103.21789693239907     
   4.5223939427200088        103.30879442693492     
   4.5383636396800089        103.39803069044892     
   4.5543333366400089        103.48561204261023     
   4.5703030336000090        103.57154480308800     
   4.5862727305600091        103.65583529155145     
   4.6022424275200091        103.73848346650453     
   4.6182121244800092        103.81942579135094     
   4.6341818214400092        103.89856223768503     
   4.6501515184000093        103.97579234159484     
   4.6661212153600093        104.05101563916840     
   4.6820909123200094        104.12413472824514     
   4.6980606092800095        104.19523591174838     
   4.7140303062400095        104.26469023548150     
   4.7300000032000096        104.33289323925905     
   4.7459697001600096        104.40024046289561     
   4.7619393971200097        104.46712744620574     
   4.7779090940800097        104.53373191245909     
   4.7938787910400098        104.59924018609736     
   4.8098484880000099        104.66255667975416     
   4.8258181849600099        104.72258578628932     
   4.8417878819200100        104.77823189856269     
   4.8577575788800100        104.82852744638696     
   4.8737272758400101        104.87457560176580     
   4.8896969728000101        104.91915674939683     
   4.9056666697600102        104.96509950731709     
   4.9216363667200103        105.01523249356360     
   4.9376060636800103        105.07237017251713     
   4.9535757606400104        105.13648454819544     
   4.9695454576000104        105.20128166436639     
   4.9855151545600105        105.25963138575835     
   5.0014848515200105        105.30440357709969     
   5.0174545484800106        105.32846810311879     
   5.0334242454400107        105.32761704809910     
   5.0493939424000107        105.31740120004353     
   5.0653636393600108        105.32155580875788     
   5.0813333363200108        105.36384234200014     
   5.0973030332800109        105.46802226752830     
   5.1132727302400109        105.65616636116081     
   5.1292424272000110        105.90096226788999     
   5.1452121241600111        106.11906570930680     
   5.1611818211200111        106.22410530219297     
   5.1771515180800112        106.12970966333032     
   5.1931212150400112        105.74953635882480     
   5.2090909120000113        105.08152657169495     
   5.2250606089600113        104.39294947642652     
   5.2410303059200114        104.00475690316040     
   5.2570000028800115        104.23790068203742     
   5.2729696998400115        105.41333264319847     
   5.2889393968000116        107.76562478515366     
   5.3049090937600116        110.63423494478631     
   5.3208787907200117        112.82901781205145     
   5.3368484876800117        113.15292335602358     
   5.3528181846400118        110.40890154577721     
   5.3687878816000119        103.41105939091655     
   5.3847575785600119        91.697827944869857     
   5.4007272755200120        75.963101271226805     
   5.4166969724800120        57.004098212858175     
   5.4326666694400121        35.618037612634794     
   5.4486363664000121        12.602138313427488     
   5.4646060633600122       -11.246380841893014     
   5.4805757603200123       -35.130301010455824     
   5.4965454572800123       -58.252403349390235     
   5.5125151542400124       -79.815469015825371     
   5.5284848512000124       -99.022279166890499     
   5.5444545481600125       -115.10866461022721     
   5.5604242451200125       -127.86913021105372     
   5.5763939420800126       -137.56361993482696     
   5.5923636390400127       -144.46628531949889     
   5.6083333360000127       -148.85127790302150     
   5.6243030329600128       -150.99274922334678     
   5.6402727299200128       -151.16485081842666     
   5.6562424268800129       -149.64173422621315     
   5.6722121238400129       -146.69755098465819     
   5.6881818208000130       -142.60645263171375     
   5.7041515177600131       -137.64259070533180     
   5.7201212147200131       -132.08011674346437     
   5.7360909116800132       -126.19318228406335     
   5.7520606086400132       -120.25593886508076     
   5.7680303056000133       -114.54253802446851     
   5.7840000025600133       -109.32713130017868     
   5.7999696995200134       -104.87894409639473     
   5.8159393964800135       -101.31493016308249     
   5.8319090934400135       -98.574342899734120     
   5.8478787904000136       -96.586385780243177     
   5.8638484873600136       -95.280262278503187     
   5.8798181843200137       -94.585175868407731     
   5.8957878812800137       -94.430330023850331     
   5.9117575782400138       -94.744928218724553     
   5.9277272752000139       -95.458173926923948     
   5.9436969721600139       -96.499270622342038     
   5.9596666691200140       -97.797421778872405     
   5.9756363660800140       -99.281830870408569     
   5.9916060630400141       -100.88170137084410     
   6.0075757600000141       -102.52623675407254     
   6.0235454569600142       -104.14464049398744     
   6.0395151539200143       -105.66611606448234     
   6.0554848508800143       -107.02029084687295     
   6.0714545478400144       -108.16665796957435     
   6.0874242448000144       -109.11374803474619     
   6.1033939417600145       -109.87464798162048     
   6.1193636387200145       -110.46244474942917     
   6.1353333356800146       -110.89022527740421     
   6.1513030326400147       -111.17107650477757     
   6.1672727296000147       -111.31808537078123     
   6.1832424265600148       -111.34433881464713     
   6.1992121235200148       -111.26292377560725     
   6.2151818204800149       -111.08692719289354     
   6.2311515174400149       -110.82943600573797     
   6.2471212144000150       -110.50353715337251     
   6.2630909113600151       -110.12231757502911     
   6.2790606083200151       -109.69886420993976     
   6.2950303052800152       -109.24626399733638     
   6.3110000022400152       -108.77760387645097     
   6.3269696992000153       -108.30597078651547     
   6.3429393961600153       -107.84445166676187     
   6.3589090931200154       -107.40613345642211     
   6.3748787900800155       -107.00410309472818     
   6.3908484870400155       -106.65144752091200     
   6.4068181840000156       -106.35966049111602     
   6.4227878809600156       -106.12870204773994     
   6.4387575779200157       -105.95345557334753     
   6.4547272748800157       -105.82878242650203     
   6.4706969718400158       -105.74954396576665     
   6.4866666688000159       -105.71060154970462     
   6.5026363657600159       -105.70681653687916     
   6.5186060627200160       -105.73305028585348     
   6.5345757596800160       -105.78416415519082     
   6.5505454566400161       -105.85501950345440     
   6.5665151536000161       -105.94047768920743     
   6.5824848505600162       -106.03540007101314     
   6.5984545475200163       -106.13464800743475     
   6.6144242444800163       -106.23308285703548     
   6.6303939414400164       -106.32556597837856     
   6.6463636384000164       -106.40695873002721     
   6.6623333353600165       -106.47245758061416     
   6.6783030323200165       -106.52100646790058     
   6.6942727292800166       -106.55389849826277     
   6.7102424262400167       -106.57246296305135     
   6.7262121232000167       -106.57802915361694     
   6.7421818201600168       -106.57192636131018     
   6.7581515171200168       -106.55548387748168     
   6.7741212140800169       -106.53003099348207     
   6.7900909110400169       -106.49689700066197     
   6.8060606080000170       -106.45741119037201     
   6.8220303049600171       -106.41290285396283     
   6.8380000019200171       -106.36470128278503     
   6.8539696988800172       -106.31413576818925     
   6.8699393958400172       -106.26253560152610     
   6.8859090928000173       -106.21123007414620     
   6.9018787897600173       -106.16154847740020     
   6.9178484867200174       -106.11477657028706     
   6.9338181836800175       -106.07139432490806     
   6.9497878806400175       -106.03117154178061     
   6.9657575776000176       -105.99385370782858     
   6.9817272745600176       -105.95918630997582     
   6.9976969715200177       -105.92691483514619     
   7.0136666684800177       -105.89678477026354     
   7.0296363654400178       -105.86854160225174     
   7.0456060624000179       -105.84193081803463     
   7.0615757593600179       -105.81669790453606     
   7.0775454563200180       -105.79258834867991     
   7.0935151532800180       -105.76934763739001     
   7.1094848502400181       -105.74672125759024     
   7.1254545472000181       -105.72445469620445     
   7.1414242441600182       -105.70229344015648     
   7.1573939411200183       -105.67998297637020     
   7.1733636380800183       -105.65726879176945     
   7.1893333350400184       -105.63389637327811     
   7.2053030320000184       -105.60961120782001     
   7.2212727289600185       -105.58415878231902     
   7.2372424259200185       -105.55728458369900     
   7.2532121228800186       -105.52873410327852     
   7.2691818198400187       -105.49831548469174     
   7.2851515168000187       -105.46605720046439     
   7.3011212137600188       -105.43203613067135     
   7.3170909107200188       -105.39632915538752     
   7.3330606076800189       -105.35901315468777     
   7.3490303046400189       -105.32016500864697     
   7.3650000016000190       -105.27986159734000     
   7.3809696985600191       -105.23817980084176     
   7.3969393955200191       -105.19519649922712     
   7.4129090924800192       -105.15098857257095     
   7.4288787894400192       -105.10563290094814     
   7.4448484864000193       -105.05920636443356     
   7.4608181833600193       -105.01178584310210     
   7.4767878803200194       -104.96344821702864     
   7.4927575772800195       -104.91427036628805     
   7.5087272742400195       -104.86432917095522     
   7.5246969712000196       -104.81369002202440     
   7.5406666681600196       -104.76235875807363     
   7.5566363651200197       -104.71032198108500     
   7.5726060620800197       -104.65756628346213     
   7.5885757590400198       -104.60407825760862     
   7.6045454560000199       -104.54984449592810     
   7.6205151529600199       -104.49485159082417     
   7.6364848499200200       -104.43908613470046     
   7.6524545468800200       -104.38253471996056     
   7.6684242438400201       -104.32518393900810     
   7.6843939408000201       -104.26702038424669     
   7.7003636377600202       -104.20803064807994     
   7.7163333347200203       -104.14820132291146     
   7.7323030316800203       -104.08751900114488     
   7.7482727286400204       -104.02597027518379     
   7.7642424256000204       -103.96354173743184     
   7.7802121225600205       -103.90021928412582     
   7.7961818195200205       -103.83598341022071     
   7.8121515164800206       -103.77081208579470     
   7.8281212134400207       -103.70468326660956     
   7.8440909104000207       -103.63757490842704     
   7.8600606073600208       -103.56946496700890     
   7.8760303043200208       -103.50033139811690     
   7.8920000012800209       -103.43015215751279     
   7.9079696982400209       -103.35890520095836     
   7.9239393952000210       -103.28656848421532     
   7.9399090921600211       -103.21311996304547     
   7.9558787891200211       -103.13853759321056     
   7.9718484860800212       -103.06279933047233     
   7.9878181830400212       -102.98588313059255     
   8.0037878800000204       -102.90776694933299     
   8.0197575769600196       -102.82842874245540     
   8.0357272739200187       -102.74784646572154     
   8.0516969708800179       -102.66599807489317     
   8.0676666678400171       -102.58286152573204     
   8.0836363648000162       -102.49841477399991     
   8.0996060617600154       -102.41263577545854     
   8.1155757587200146       -102.32550250598042     
   8.1315454556800137       -102.23699478917598     
   8.1475151526400129       -102.14709575880295     
   8.1634848496000121       -102.05578889275567     
   8.1794545465600113       -101.96305766892850     
   8.1954242435200104       -101.86888556521573     
   8.2113939404800096       -101.77325605951175     
   8.2273636374400088       -101.67615262971087     
   8.2433333344000079       -101.57755875370745     
   8.2593030313600071       -101.47745790939580     
   8.2752727283200063       -101.37583357467028     
   8.2912424252800054       -101.27266922742523     
   8.3072121222400046       -101.16794834555498     
   8.3231818192000038       -101.06165440695386     
   8.3391515161600029       -100.95377088951624     
   8.3551212131200021       -100.84428127113642     
   8.3710909100800013       -100.73316901813887     
   8.3870606070400004       -100.62041247780513     
   8.4030303039999996       -100.50597685775219     
   8.4190000009599988       -100.38982528672648     
   8.4349696979199980       -100.27192089347449     
   8.4509393948799971       -100.15222680674265     
   8.4669090918399963       -100.03070615527746     
   8.4828787887999955       -99.907322067825334     
   8.4988484857599946       -99.782037673132763     
   8.5148181827199938       -99.654816099946203     
   8.5307878796799930       -99.525620477012112     
   8.5467575766399921       -99.394413933076947     
   8.5627272735999913       -99.261159596887168     
   8.5786969705599905       -99.125820597189247     
   8.5946666675199896       -98.988360062729626     
   8.6106363644799888       -98.848741122254779     
   8.6266060614399880       -98.706926904480852     
   8.6425757583999872       -98.562877291435228     
   8.6585454553599863       -98.416539989359748     
   8.6745151523199855       -98.267859850780511     
   8.6904848492799847       -98.116781728223643     
   8.7064545462399838       -97.963250474215272     
   8.7224242431999830       -97.807210941281525     
   8.7383939401599822       -97.648607981948501     
   8.7543636371199813       -97.487386448742342     
   8.7703333340799805       -97.323491194189145     
   8.7863030310399797       -97.156867070815053     
   8.8022727279999788       -96.987458931146165     
   8.8182424249599780       -96.815211627708607     
   8.8342121219199772       -96.640070013028520     
   8.8501818188799763       -96.461978939631990     
   8.8661515158399755       -96.280883260045158     
   8.8821212127999747       -96.096727826794137     
   8.8980909097599739       -95.909457492405039     
   8.9140606067199730       -95.719017109404007     
   8.9300303036799722       -95.525351530317138     
   8.9460000006399714       -95.328405607670561     
   8.9619696975999705       -95.128124193990402     
   8.9779393945599697       -94.924451393819794     
   8.9939090915199689       -94.717315344202518     
   9.0098787884799680       -94.506628872638501     
   9.0258484854399672       -94.292304190308826     
   9.0418181823999664       -94.074253508394577     
   9.0577878793599655       -93.852389038076851     
   9.0737575763199647       -93.626622990536703     
   9.0897272732799639       -93.396867576955259     
   9.1056969702399631       -93.163035008513575     
   9.1216666671999622       -92.925037496392761     
   9.1376363641599614       -92.682787251773888     
   9.1536060611199606       -92.436196485838039     
   9.1695757580799597       -92.185177409766311     
   9.1855454550399589       -91.929642234739788     
   9.2015151519999581       -91.669503171939553     
   9.2174848489599572       -91.404672432546704     
   9.2334545459199564       -91.135062052931119     
   9.2494242428799556       -90.860576725464341     
   9.2653939398399547       -90.581111272552747     
   9.2813636367999539       -90.296559822718351     
   9.2973333337599531       -90.006816504483226     
   9.3133030307199522       -89.711775446369387     
   9.3292727276799514       -89.411330776898893     
   9.3452424246399506       -89.105376624593788     
   9.3612121215999498       -88.793807117976101     
   9.3771818185599489       -88.476516385567905     
   9.3931515155199481       -88.153398555891229     
   9.4091212124799473       -87.824347757468118     
   9.4250909094399464       -87.489258118820615     
   9.4410606063999456       -87.148023768470765     
   9.4570303033599448       -86.800538834940610     
   9.4730000003199439       -86.446697446752196     
   9.4889696972799431       -86.086393742139350     
   9.5049393942399423       -85.719522945667237     
   9.5209090911999414       -85.345982345570192     
   9.5368787881599406       -84.965669460869009     
   9.5528484851199398       -84.578481810584393     
   9.5688181820799389       -84.184316913737135     
   9.5847878790399381       -83.783072289347956     
   9.6007575759999373       -83.374645456437634     
   9.6167272729599365       -82.958933934026902     
   9.6326969699199356       -82.535835241136525     
   9.6486666668799348       -82.105246896787250     
   9.6646363638399340       -81.667066419999827     
   9.6806060607999331       -81.221191329795005     
   9.6965757577599323       -80.767519145193546     
   9.7125454547199315       -80.305947385216186     
   9.7285151516799306       -79.836373568883687     
   9.7444848486399298       -79.358695215216798     
   9.7604545455999290       -78.872809843236283     
   9.7764242425599281       -78.378614971962875     
   9.7923939395199273       -77.876008120417339     
   9.8083636364799265       -77.364886807620408     
   9.8243333334399257       -76.845148552592860     
   9.8403030303999248       -76.316690874355430     
   9.8562727273599240       -75.779411291928881     
   9.8722424243199232       -75.233207324333947     
   9.8882121212799223       -74.677976490591405     
   9.9041818182399215       -74.113616309721976     
   9.9201515151999207       -73.540024300746438     
   9.9361212121599198       -72.957097982685539     
   9.9520909091199190       -72.364734874560014     
   9.9680606060799182       -71.762832495390626     
   9.9840303030399173       -71.151288364198138     
