   2.0151515199999999        0.0000000000000000     
   2.0311212169599999      -0.33984257512972421     
   2.0470909139200000      -0.52437624552787399     
   2.0630606108800000      -0.55360101119444949     
   2.0790303078400001      -0.42751687212945072     
   2.0950000048000001      -0.14612382833287779     
   2.1109697017600002       0.28357090993405037     
   2.1269393987200003       0.75893970745325978     
   2.1429090956800003        1.1081976414447754     
   2.1588787926400004        1.1580199927873895     
   2.1748484896000004       0.73508204235989427     
   2.1908181865600005      -0.33175611478767286     
   2.2067878835200005       -1.9420856193339342     
   2.2227575804800006       -3.4641995084019590     
   2.2387272774400007       -4.2047988045707481     
   2.2546969744000007       -3.4705845304193010     
   2.2706666713600008      -0.56825770852661961     
   2.2866363683200008        4.9989105161394267     
   2.3026060652800009        12.565387247868550     
   2.3185757622400009        21.040013478100128     
   2.3345454592000010        29.330991051201909     
   2.3505151561600011        36.346521811541656     
   2.3664848531200011        41.030646227712509     
   2.3824545500800012        43.172880830070802     
   2.3984242470400012        43.420159414468642     
   2.4143939440000013        42.457642788991237     
   2.4303636409600013        40.970491761723821     
   2.4463333379200014        39.643631154675113     
   2.4623030348800015        38.963494094230910     
   2.4782727318400015        38.857335360466280     
   2.4942424288000016        39.154653870114466     
   2.5102121257600016        39.684948539908689     
   2.5261818227200017        40.277718286582200     
   2.5421515196800017        40.773774128863344     
   2.5581212166400018        41.115078576880563     
   2.5740909136000019        41.296840972061574     
   2.5900606105600019        41.314746678578004     
   2.6060303075200020        41.164481060601510     
   2.6220000044800020        40.843290587576625     
   2.6379697014400021        40.423536475522162     
   2.6539393984000021        40.084434903642013     
   2.6699090953600022        40.013359441540658     
   2.6858787923200023        40.397683658822572     
   2.7018484892800023        41.424781125092224     
   2.7178181862400024        43.131248240782796     
   2.7337878832000024        44.930799820171352     
   2.7497575801600025        46.076326062739376     
   2.7657272771200025        45.820716974360664     
   2.7816969740800026        43.416862560908996     
   2.7976666710400027        38.191715145589235     
   2.8136363680000027        30.525705977914459     
   2.8296060649600028        21.583134067383327     
   2.8455757619200028        12.546957040717110     
   2.8615454588800029        4.6001325246370826     
   2.8775151558400029       -1.0786441461411502     
   2.8934848528000030       -3.9024169532550990     
   2.9094545497600031       -4.4768070013470114     
   2.9254242467200031       -3.5507025247700774     
   2.9413939436800032       -1.8729917578774897     
   2.9573636406400032      -0.19256293502244379     
   2.9733333376000033       0.84243272777703315     
   2.9893030345600033        1.1996215961119363     
   3.0052727315200034        1.0792354088044869     
   3.0212424284800035       0.68193816618247294     
   3.0372121254400035       0.20839386857368503     
   3.0531818224000036      -0.14553754699795371     
   3.0691515193600036      -0.30333051109605191     
   3.0851212163200037      -0.31292243340350451     
   3.1010909132800037      -0.22808107858609317     
   3.1170606102400038      -0.10257421130959987     
   3.1330303072000039        9.8445300426060478E-003
   3.1490000041600039        7.0801038628606580E-002
   3.1649697011200040        8.6625203538655535E-002
   3.1809393980800040        7.1724051796277180E-002
   3.1969090950400041        4.0504610424995695E-002
   3.2128787920000041        7.3739064483353874E-003
   3.2288484889600042       -1.4451186729393292E-002
   3.2448181859200043       -2.2789425041347667E-002
   3.2607878828800043       -2.1442018337548233E-002
   3.2767575798400044       -1.4269318436285506E-002
   3.2927272768000044       -5.1316771558500293E-003
   3.3086969737600045        2.1470015492936236E-003
   3.3246666707200045        5.6258290663604724E-003
   3.3406363676800046        6.1201141162324111E-003
   3.3566060646400047        4.6642347004602408E-003
   3.3725757616000047        2.2925688205947619E-003
   3.3885454585600048        3.9494478186774403E-005
   3.4045151555200048       -1.2653987773094582E-003
   3.4204848524800049       -1.6662805612100695E-003
   3.4364545494400049       -1.4403094897984686E-003
   3.4524242464000050       -8.6464635336045586E-004
   3.4683939433600051       -2.1645194218182907E-004
   3.4843636403200051        2.3990084053892942E-004
   3.5003333372800052        4.2976312725712872E-004
   3.5163030342400052        4.2371152546228676E-004
   3.5322727312000053        2.9601103334141296E-004
   3.5482424281600053        1.2092664908151658E-004
   3.5642121251200054       -2.7457323844102530E-005
   3.5801818220800055       -1.0324065424678446E-004
   3.5961515190400055       -1.1904004757747152E-004
   3.6121212160000056       -9.4754750395174459E-005
   3.6280909129600056       -5.0284009258903928E-005
   3.6440606099200057       -5.5270707276707732E-006
   3.6600303068800057        2.2194443470134328E-005
   3.6760000038400058        3.1850992217872882E-005
   3.6919697008000059        2.8760217617796253E-005
   3.7079393977600059        1.8254107491629037E-005
   3.7239090947200060        5.6646496610958456E-006
   3.7398787916800060       -3.7954981445527046E-006
   3.7558484886400061       -8.0384343238125342E-006
   3.7718181856000061       -8.3280525401699251E-006
   3.7877878825600062       -6.0930544164140170E-006
   3.8037575795200063       -2.7621415753339600E-006
   3.8197272764800063        2.3625799579809719E-007
   3.8356969734400064        1.8709526386564468E-006
   3.8516666704000064        2.3022869701466582E-006
   3.8676363673600065        1.9130804917093723E-006
   3.8836060643200065        1.0861527047852320E-006
   3.8995757612800066        2.0432311081487568E-007
   3.9155454582400067       -3.7983848925656026E-007
   3.9315151552000067       -6.0472449781970971E-007
   3.9474848521600068       -5.7114335449159469E-007
   3.9634545491200068       -3.8167121930958808E-007
   3.9794242460800069       -1.3888425231106372E-007
   3.9953939430400069        5.5524464272742343E-008
   4.0113636400000070        1.4896500006504214E-007
   4.0273333369600071        1.6280557190901724E-007
   4.0433030339200071        1.2453137942078073E-007
   4.0592727308800072        6.1627622216445419E-008
   4.0752424278400072        1.5794999121244633E-009
   4.0912121248000073       -3.3391936449178884E-008
   4.1071818217600073       -4.4263181654960906E-008
   4.1231515187200074       -3.8398678849115016E-008
   4.1391212156800075       -2.3163066144757386E-008
   4.1550909126400075       -5.9209816550040825E-009
   4.1710606096000076        6.2848520407534878E-009
   4.1870303065600076        1.1396519810780309E-008
   4.2030000035200077        1.1281199934893485E-008
   4.2189697004800077        7.9122409606259885E-009
   4.2349393974400078        3.2629914355108105E-009
   4.2509090944000079       -6.9734768391643838E-010
   4.2668787913600079       -2.7310528825903847E-009
   4.2828484883200080       -3.1651961780413266E-009
   4.2988181852800080       -2.5285347964704985E-009
   4.3147878822400081       -1.3498259640791308E-009
   4.3307575792000081       -1.5782690706846010E-010
   4.3467272761600082        5.8462899244250494E-010
   4.3626969731200083        8.4563202371825451E-010
   4.3786666700800083        7.6639339205928845E-010
   4.3946363670400084        4.8859314681425660E-010
   4.4106060640000084        1.5391133733180769E-010
   4.4265757609600085       -9.8931472959730513E-011
   4.4425454579200085       -2.1300942913981487E-010
   4.4585151548800086       -2.2163272553982963E-010
   4.4744848518400087       -1.6276441747935041E-010
   4.4904545488000087       -7.4367560277953195E-011
   4.5064242457600088        5.5998973391059595E-012
   4.5223939427200088        4.9435647257590712E-011
   4.5383636396800089        6.1186666984628728E-011
   4.5543333366400089        5.1025128016222177E-011
   4.5703030336000090        2.9123201848373107E-011
   4.5862727305600091        5.6530599770836624E-012
   4.6022424275200091       -9.9814559483460583E-012
   4.6182121244800092       -1.6045725117067075E-011
   4.6341818214400092       -1.5212769873339999E-011
   4.6501515184000093       -1.0208214957804000E-011
   4.6661212153600093       -3.7576851110982612E-012
   4.6820909123200094        1.4345279742521932E-012
   4.6980606092800095        3.9441154925641509E-012
   4.7140303062400095        4.3307421127562711E-012
   4.7300000032000096        3.3247368886588381E-012
   4.7459697001600096        1.6564288741021346E-012
   4.7619393971200097        5.6147122916437719E-014
   4.7779090940800097       -8.8104599203485461E-013
   4.7938787910400098       -1.1757586339513797E-012
   4.8098484880000099       -1.0236695724628214E-012
   4.8258181849600099       -6.2046985694190134E-013
   4.8417878819200100       -1.6185053676134273E-013
   4.8577575788800100        1.6459303526723770E-013
   4.8737272758400101        3.0219724174092106E-013
   4.8896969728000101        3.0034757635626767E-013
   4.9056666697600102        2.1147929673514935E-013
   4.9216363667200103        8.8027660499437870E-014
   4.9376060636800103       -1.7666565349889475E-014
   4.9535757606400104       -7.2239042203970197E-014
   4.9695454576000104       -8.4157341421116188E-014
   4.9855151545600105       -6.7471413580268657E-014
   5.0014848515200105       -3.6231209260368866E-014
   5.0174545484800106       -4.4866790403580253E-015
   5.0334242454400107        1.5397405828654668E-014
   5.0493939424000107        2.2450681129331191E-014
   5.0653636393600108        2.0422580585458579E-014
   5.0813333363200108        1.3077657233474175E-014
   5.0973030332800109        4.1804641098153436E-015
   5.1132727302400109       -2.5777150691277061E-015
   5.1292424272000110       -5.6457075869455397E-015
   5.1452121241600111       -5.9005896781422617E-015
   5.1611818211200111       -4.3506228664454022E-015
   5.1771515180800112       -2.0040686755824887E-015
   5.1931212150400112        1.3090211233179696E-016
   5.2090909120000113        1.3103055846757715E-015
   5.2250606089600113        1.6343660099554113E-015
   5.2410303059200114        1.3715758594794722E-015
   5.2570000028800115        7.9042760455670922E-016
   5.2729696998400115        1.5941371649587750E-016
   5.2889393968000116       -2.7199058621592333E-016
   5.3049090937600116       -4.5137706235397749E-016
   5.3208787907200117       -4.4293409689834065E-016
   5.3368484876800117       -3.1237020771389731E-016
   5.3528181846400118       -1.2539391266553185E-016
   5.3687878816000119        5.2687960134880008E-017
   5.3847575785600119        1.8264660438487180E-016
   5.4007272755200120        2.6685364087793905E-016
   5.4166969724800120        3.1140071857800763E-016
   5.4326666694400121        3.2237948644900359E-016
   5.4486363664000121        3.0588159345485288E-016
   5.4646060633600122        2.6799868855948137E-016
   5.4805757603200123        2.1482242072681509E-016
   5.4965454572800123        1.5244443892078021E-016
   5.5125151542400124        8.6956392105301860E-017
   5.5284848512000124        2.4449929244307324E-017
   5.5444545481600125       -2.9199519732466352E-017
   5.5604242451200125       -7.1771509540557935E-017
   5.5763939420800126       -1.0409061325928128E-016
   5.5923636390400127       -1.2707435344110302E-016
   5.6083333360000127       -1.4164025263848981E-016
   5.6243030329600128       -1.4870583340390827E-016
   5.6402727299200128       -1.4918861828982508E-016
   5.6562424268800129       -1.4400612984870691E-016
   5.6722121238400129       -1.3407589063302035E-016
   5.6881818208000130       -1.2031542319523203E-016
   5.7041515177600131       -1.0364225008780876E-016
   5.7201212147200131       -8.4973893863216952E-017
   5.7360909116800132       -6.5227877073923309E-017
   5.7520606086400132       -4.5321722272394721E-017
   5.7680303056000133       -2.6172952011097498E-017
   5.7840000025600133       -8.6990888424983560E-018
   5.7999696995200134        6.1988422654022706E-018
   5.8159393964800135        1.8129772954677808E-017
   5.8319090934400135        2.7297751987536905E-017
   5.8478787904000136        3.3940485250464603E-017
   5.8638484873600136        3.8295678629945936E-017
   5.8798181843200137        4.0601038012465917E-017
   5.8957878812800137        4.1094269284509613E-017
   5.9117575782400138        4.0013078332562033E-017
   5.9277272752000139        3.7595171043108221E-017
   5.9436969721600139        3.4078253302633188E-017
   5.9596666691200140        2.9700030997622031E-017
   5.9756363660800140        2.4698210014559693E-017
   5.9916060630400141        1.9310496239931281E-017
   6.0075757600000141        1.3774595560221816E-017
   6.0235454569600142        8.3282138619162844E-018
   6.0395151539200143        3.2090570314997397E-018
   6.0554848508800143       -1.3465933541694697E-018
   6.0714545478400144       -5.2028032679033540E-018
   6.0874242448000144       -8.3884023603131504E-018
   6.1033939417600145       -1.0947529367001412E-017
   6.1193636387200145       -1.2924323023570681E-017
   6.1353333356800146       -1.4362922065623509E-017
   6.1513030326400147       -1.5307465228762449E-017
   6.1672727296000147       -1.5802091248590045E-017
   6.1832424265600148       -1.5890938860708843E-017
   6.1992121235200148       -1.5618146800721393E-017
   6.2151818204800149       -1.5027853804230248E-017
   6.2311515174400149       -1.4164198606837946E-017
   6.2471212144000150       -1.3071319944147050E-017
   6.2630909113600151       -1.1793356551760106E-017
   6.2790606083200151       -1.0374447165279657E-017
   6.2950303052800152       -8.8587305203082351E-018
   6.3110000022400152       -7.2903453524484401E-018
   6.3269696992000153       -5.7134303973027552E-018
   6.3429393961600153       -4.1721243904737684E-018
   6.3589090931200154       -2.7105660675640145E-018
   6.3748787900800155       -1.3728941641760573E-018
   6.3908484870400155       -2.0324741591242962E-019
   6.4068181840000156        7.5960765415715978E-019
   6.4227878809600156        1.5157961995855914E-018
   6.4387575779200157        2.0825618681995070E-018
   6.4547272748800157        2.4772225727438065E-018
   6.4706969718400158        2.7170962259633881E-018
   6.4866666688000159        2.8195007406031504E-018
   6.5026363657600159        2.8017540294079928E-018
   6.5186060627200160        2.6811740051228142E-018
   6.5345757596800160        2.4750785804925127E-018
   6.5505454566400161        2.2007856682619865E-018
   6.5665151536000161        1.8756131811761384E-018
   6.5824848505600162        1.5168790319798617E-018
   6.5984545475200163        1.1419011334180586E-018
   6.6144242444800163        7.6799739823562699E-019
   6.6303939414400164        4.1248573917746836E-019
   6.6463636384000164        9.2684068988475894E-020
   6.6623333353600165       -1.7521941396239222E-019
   6.6783030323200165       -3.8766988204877830E-019
   6.6942727292800166       -5.4903196395861945E-019
   6.7102424262400167       -6.6379227422693357E-019
   6.7262121232000167       -7.3643742738873867E-019
   6.7421818201600168       -7.7145403797905242E-019
   6.7581515171200168       -7.7332872053289291E-019
   6.7741212140800169       -7.4654808958527790E-019
   6.7900909110400169       -6.9559875967122565E-019
   6.8060606080000170       -6.2496734532575385E-019
   6.8220303049600171       -5.3914046108388017E-019
   6.8380000019200171       -4.4260472148062316E-019
   6.8539696988800172       -3.3984674105099979E-019
   6.8699393958400172       -2.3535313433002907E-019
   6.8859090928000173       -1.3361051585272838E-019
   6.9018787897600173       -3.9105500154114819E-020
   6.9178484867200174        4.3821515662390879E-020
   6.9338181836800175        1.1353662945927833E-019
   6.9497878806400175        1.7079127922065567E-019
   6.9657575776000176        2.1641856796987160E-019
   6.9817272745600176        2.5125159873027491E-019
   6.9976969715200177        2.7612347452521421E-019
   7.0136666684800177        2.9186729837803840E-019
   7.0296363654400178        2.9931617331209603E-019
   7.0456060624000179        2.9930320235073593E-019
   7.0615757593600179        2.9266148851730687E-019
   7.0775454563200180        2.8022413483515736E-019
   7.0935151532800180        2.6282424432763641E-019
   7.1094848502400181        2.4129492001809261E-019
   7.1254545472000181        2.1646926492987470E-019
   7.1414242441600182        1.8918038208633125E-019
   7.1573939411200183        1.6026137451081111E-019
   7.1733636380800183        1.3054534522666320E-019
   7.1893333350400184        1.0086539725723609E-019
   7.2053030320000184        7.2054633625878280E-020
   7.2212727289600185        4.4946157355938697E-020
   7.2372424259200185        2.0373071470766311E-020
   7.2532121228800186       -8.3153638909467306E-022
   7.2691818198400187       -1.8053879926423707E-020
   7.2851515168000187       -3.1451388104956614E-020
   7.3011212137600188       -4.1350930402390803E-020
   7.3170909107200188       -4.8079376296423668E-020
   7.3330606076800189       -5.1963595264752628E-020
   7.3490303046400189       -5.3330456785075074E-020
   7.3650000016000190       -5.2506830335088412E-020
   7.3809696985600191       -4.9819585392490047E-020
   7.3969393955200191       -4.5595591434977354E-020
   7.4129090924800192       -4.0161717940247780E-020
   7.4288787894400192       -3.3844834385998706E-020
   7.4448484864000193       -2.6971810249927538E-020
   7.4608181833600193       -1.9869515009731683E-020
   7.4767878803200194       -1.2864818143108545E-020
   7.4927575772800195       -6.2845891277554783E-021
   7.5087272742400195       -4.5569744136992773E-022
   7.5246969712000196        4.3473574079045771E-021
   7.5406666681600196        8.1215300282127342E-021
   7.5566363651200197        1.0951460019802996E-020
   7.5726060620800197        1.2921830643939272E-020
   7.5885757590400198        1.4117325161885480E-020
   7.6045454560000199        1.4622626834905526E-020
   7.6205151529600199        1.4522418924263330E-020
   7.6364848499200200        1.3901384691222792E-020
   7.6524545468800200        1.2844207397047843E-020
   7.6684242438400201        1.1435570303002390E-020
   7.6843939408000201        9.7601566703503293E-021
   7.7003636377600202        7.9026497603555880E-021
   7.7163333347200203        5.9477328342820918E-021
   7.7323030316800203        3.9800891533937230E-021
   7.7482727286400204        2.0844019789544132E-021
   7.7642424256000204        3.4535457222807723E-022
   7.7802121225600205       -1.1604632941652436E-021
   7.7961818195200205       -2.4192560155884134E-021
   7.8121515164800206       -3.4465816737986995E-021
   7.8281212134400207       -4.2581647905261203E-021
   7.8440909104000207       -4.8697298875006945E-021
   7.8600606073600208       -5.2970014864524422E-021
   7.8760303043200208       -5.5557041091113836E-021
   7.8920000012800209       -5.6615622772075350E-021
   7.9079696982400209       -5.6303005124709179E-021
   7.9239393952000210       -5.4776433366315519E-021
   7.9399090921600211       -5.2193152714194525E-021
   7.9558787891200211       -4.8710408385646405E-021
   7.9718484860800212       -4.4485445597971383E-021
   7.9878181830400212       -3.9675509568469616E-021
   8.0037878800000204       -3.4437845514441568E-021
   8.0197575769600196       -2.8929698653187244E-021
   8.0357272739200187       -2.3308314202006714E-021
   8.0516969708800179       -1.7730937378200179E-021
   8.0676666678400171       -1.2354813399067871E-021
   8.0836363648000162       -7.3371874819098163E-022
   8.0996060617600154       -2.8353048440262861E-022
   8.1155757587200146        9.9438664309907476E-023
   8.1315454556800137        4.0686978861500610E-022
   8.1475151526400129        6.4356799058600695E-022
   8.1634848496000121        8.1570279887062118E-022
   8.1794545465600113        9.2944374211656056E-022
   8.1954242435200104        9.9096034897153685E-022
   8.2113939404800096        1.0064221480832613E-021
   8.2273636374400088        9.8199866809944532E-022
   8.2433333344000079        9.2385943766780060E-022
   8.2593030313600071        8.3817398543603890E-022
   8.2752727283200063        7.3111184005187158E-022
   8.2912424252800054        6.0884253016300955E-022
   8.3072121222400046        4.7753558441716557E-022
   8.3231818192000038        3.4336053146205041E-022
   8.3391515161600029        2.1248689994537574E-022
   8.3551212131200021        9.1084218514852362E-023
   8.3710909100800013       -1.4682400735340348E-023
   8.3870606070400004       -1.0060192508072637E-022
   8.4030303039999996       -1.6747909296886795E-022
   8.4190000009599988       -2.1691220486226051E-022
   8.4349696979199980       -2.5049956122339948E-022
   8.4509393948799971       -2.6983946251478032E-022
   8.4669090918399963       -2.7653020919889851E-022
   8.4828787887999955       -2.7217010173824934E-022
   8.4988484857599946       -2.5835744059532829E-022
   8.5148181827199938       -2.3669052623263093E-022
   8.5307878796799930       -2.0876765911265237E-022
   8.5467575766399921       -1.7618713969788833E-022
   8.5627272735999913       -1.4054726845083445E-022
   8.5786969705599905       -1.0344634583398546E-022
   8.5946666675199896       -6.6482672309837513E-023
   8.6106363644799888       -3.1254548340885740E-023
   8.6266060614399880        6.3972875139899991E-025
   8.6425757583999872        2.7938486893729476E-023
   8.6585454553599863        5.0642471528125439E-023
   8.6745151523199855        6.9048308860188825E-023
   8.6904848492799847        8.3452625095521605E-023
   8.7064545462399838        9.4152046439725704E-023
   8.7224242431999830        1.0144319909840308E-022
   8.7383939401599822        1.0562270927715568E-022
   8.7543636371199813        1.0698720318158545E-022
   8.7703333340799805        1.0583330701729427E-022
   8.7863030310399797        1.0245764698988420E-022
   8.8022727279999788        9.7156849304957120E-023
   8.8182424249599780        9.0227540168115005E-023
   8.8342121219199772        8.1966345784959728E-023
   8.8501818188799763        7.2669892361093319E-023
   8.8661515158399755        6.2634806102117680E-023
   8.8821212127999747        5.2157713213634772E-023
   8.8980909097599739        4.1535239901246602E-023
   8.9140606067199730        3.1064012370554965E-023
   8.9300303036799722        2.1040656827161854E-023
   8.9460000006399714        1.1761799476669443E-023
   8.9619696975999705        3.5240665246793286E-024
   8.9779393945599697       -3.3853606898249177E-024
   8.9939090915199689       -8.8809242693471464E-024
   9.0098787884799680       -1.3070381678525753E-023
   9.0258484854399672       -1.6069272710393596E-023
   9.0418181823999664       -1.7993137157983526E-023
   9.0577878793599655       -1.8957514814328396E-023
   9.0737575763199647       -1.9077945472461074E-023
   9.0897272732799639       -1.8469968925414402E-023
   9.1056969702399631       -1.7249124966221233E-023
   9.1216666671999622       -1.5530953387914435E-023
   9.1376363641599614       -1.3430993983526875E-023
   9.1536060611199606       -1.1064786546091373E-023
   9.1695757580799597       -8.5478708686408127E-024
   9.1855454550399589       -5.9957867442080377E-024
   9.2015151519999581       -3.5240739658258951E-024
   9.2174848489599572       -1.2482723265272597E-024
   9.2334545459199564        7.1745310350064723E-025
   9.2494242428799556        2.3166907791455511E-024
   9.2653939398399547        3.5706469942887353E-024
   9.2813636367999539        4.5059847794187462E-024
   9.2973333337599531        5.1493671650241324E-024
   9.3133030307199522        5.5274571815934405E-024
   9.3292727276799514        5.6669178596152177E-024
   9.3452424246399506        5.5944122295780105E-024
   9.3612121215999498        5.3366033219703669E-024
   9.3771818185599489        4.9201541672808349E-024
   9.3931515155199481        4.3717277959979602E-024
   9.4091212124799473        3.7179872386102886E-024
   9.4250909094399464        2.9855955256063710E-024
   9.4410606063999456        2.2012156874747524E-024
   9.4570303033599448        1.3915107547039823E-024
   9.4730000003199439        5.8314375778260571E-025
   9.4889696972799431       -1.9729864666598683E-025
   9.5049393942399423       -9.3177275924752501E-025
   9.5209090911999414       -1.6184636656813391E-024
   9.5368787881599406       -2.2573713659674290E-024
   9.5528484851199398       -2.8484958601057948E-024
   9.5688181820799389       -3.3918371480964369E-024
   9.5847878790399381       -3.8873952299393541E-024
   9.6007575759999373       -4.3351701056345471E-024
   9.6167272729599365       -4.7351617751820157E-024
   9.6326969699199356       -5.0873702385817616E-024
   9.6486666668799348       -5.3917954958337825E-024
   9.6646363638399340       -5.6484375469380783E-024
   9.6806060607999331       -5.8572963918946507E-024
   9.6965757577599323       -6.0183720307034995E-024
   9.7125454547199315       -6.1316644633646241E-024
   9.7285151516799306       -6.1971736898780236E-024
   9.7444848486399298       -6.2148997102436997E-024
   9.7604545455999290       -6.1848425244616522E-024
   9.7764242425599281       -6.1070021325318790E-024
   9.7923939395199273       -5.9813785344543829E-024
   9.8083636364799265       -5.8079717302291627E-024
   9.8243333334399257       -5.5867817198562166E-024
   9.8403030303999248       -5.3178085033355486E-024
   9.8562727273599240       -5.0010520806671562E-024
   9.8722424243199232       -4.6365124518510374E-024
   9.8882121212799223       -4.2241896168871973E-024
   9.9041818182399215       -3.7640835757756300E-024
   9.9201515151999207       -3.2561943285163413E-024
   9.9361212121599198       -2.7005218751093284E-024
   9.9520909091199190       -2.0970662155545887E-024
   9.9680606060799182       -1.4458273498521274E-024
   9.9840303030399173       -7.4680527800193934E-025
