   2.0151515199999999       -23.940000000000001     
   2.0311212169599999       -25.179983614466206     
   2.0470909139200000       -26.261757022662845     
   2.0630606108800000       -27.184161957867072     
   2.0790303078400001       -27.946040153356037     
   2.0950000048000001       -28.546233342406889     
   2.1109697017600002       -28.991262249391145     
   2.1269393987200003       -29.392435148120128     
   2.1429090956800003       -29.936847705033742     
   2.1588787926400004       -30.813283003097254     
   2.1748484896000004       -32.210524125275924     
   2.1908181865600005       -34.314959882358444     
   2.2067878835200005       -37.015396956898428     
   2.2227575804800006       -39.618408410141789     
   2.2387272774400007       -41.363070466000323     
   2.2546969744000007       -41.488459348385824     
   2.2706666713600008       -39.233651281210058     
   2.2866363683200008       -34.049841467038576     
   2.3026060652800009       -26.642422707236108     
   2.3185757622400009       -18.176081287085420     
   2.3345454592000010       -9.8161931959931579     
   2.3505151561600011       -2.7281344233659581     
   2.3664848531200011        1.9606733860872210     
   2.3824545500800012        4.0181970289094480     
   2.3984242470400012        4.1204378913562518     
   2.4143939440000013        2.9838810900276518     
   2.4303636409600013        1.3250117415236662     
   2.4463333379200014      -0.13993924136256247     
   2.4623030348800015      -0.90855586836322932     
   2.4782727318400015       -1.0807681285676640     
   2.4942424288000016      -0.86180846354933616     
   2.5102121257600016      -0.45690931488171438     
   2.5261818227200017       -7.1303124138269877E-002
   2.5421515196800017       0.11085700406158125     
   2.5581212166400018        9.3906927763996006E-002
   2.5740909136000019       -1.8595626301453758E-002
   2.5900606105600019      -0.12220589521852603     
   2.6060303075200020      -0.11247911607097899     
   2.6220000044800020       0.11244790180459703     
   2.6379697014400021       0.53022241764114686     
   2.6539393984000021       0.94178752291030599     
   2.6699090953600022        1.1345965764697998     
   2.6858787923200023       0.89610293717735368     
   2.7018484892800023        1.3759963890692187E-002
   2.7178181862400024       -1.5703609627722717     
   2.7337878832000024       -3.2754397764898040     
   2.7497575801600025       -4.3557349979257998     
   2.7657272771200025       -4.0655049492045565     
   2.7816969740800026       -1.6590079524503660     
   2.7976666710400027        3.5368564494047559     
   2.8136363680000027        11.161923781140130     
   2.8296060649600028        20.087202543359908     
   2.8455757619200028        29.165400638165835     
   2.8615454588800029        37.249225967659648     
   2.8775151558400029        43.195473811952127     
   2.8934848528000030        46.428395239149992     
   2.9094545497600031        47.515878003952466     
   2.9254242467200031        47.163197659599973     
   2.9413939436800032        46.075629759332969     
   2.9573636406400032        44.958449856391866     
   2.9733333376000033        44.422521599345359     
   2.9893030345600033        44.501594728740194     
   3.0052727315200034        45.011418525246683     
   3.0212424284800035        45.767337149027014     
   3.0372121254400035        46.584694760243352     
   3.0531818224000036        47.283265233436637     
   3.0691515193600036        47.792857871606650     
   3.0851212163200037        48.158046378918691     
   3.1010909132800037        48.428780493463400     
   3.1170606102400038        48.655009953331422     
   3.1330303072000039        48.886671328935755     
   3.1490000041600039        49.159365308972916     
   3.1649697011200040        49.467022184298671     
   3.1809393980800040        49.796043219692351     
   3.1969090950400041        50.132829679933273     
   3.2128787920000041        50.463782829800770     
   3.2288484889600042        50.776454377041631     
   3.2448181859200043        51.069063444060667     
   3.2607878828800043        51.345611996692099     
   3.2767575798400044        51.610159169408192     
   3.2927272768000044        51.866764096681223     
   3.3086969737600045        52.119447545055948     
   3.3246666707200045        52.370248068992353     
   3.3406363676800046        52.618302829880598     
   3.3566060646400047        52.862518379319219     
   3.3725757616000047        53.101801268906755     
   3.3885454585600048        53.335058050241742     
   3.4045151555200048        53.561475429635621     
   3.4204848524800049        53.781435433474897     
   3.4364545494400049        53.995638821775863     
   3.4524242464000050        54.204786357528889     
   3.4683939433600051        54.409578803724344     
   3.4843636403200051        54.610671361111933     
   3.5003333372800052        54.808043258553937     
   3.5163030342400052        55.001156297913340     
   3.5322727312000053        55.189459139605802     
   3.5482424281600053        55.372400444046974     
   3.5642121251200054        55.549431335095655     
   3.5801818220800055        55.720387175075444     
   3.5961515190400055        55.885901098103695     
   3.6121212160000056        56.046705522474511     
   3.6280909129600056        56.203532866482021     
   3.6440606099200057        56.357115548420353     
   3.6600303068800057        56.508104850976544     
   3.6760000038400058        56.656639232847418     
   3.6919697008000059        56.802657363157024     
   3.7079393977600059        56.946097459470799     
   3.7239090947200060        57.086897739354193     
   3.7398787916800060        57.224995759854941     
   3.7558484886400061        57.360311781824116     
   3.7718181856000061        57.492747513205671     
   3.7877878825600062        57.622203749696098     
   3.8037575795200063        57.748581286991886     
   3.8197272764800063        57.871780946728158     
   3.8356969734400064        57.991741205619789     
   3.8516666704000064        58.108513489249042     
   3.8676363673600065        58.222170312179514     
   3.8836060643200065        58.332784188974799     
   3.8995757612800066        58.440427634198478     
   3.9155454582400067        58.545180810119376     
   3.9315151552000067        58.647197439839132     
   3.9474848521600068        58.746672308352743     
   3.9634545491200068        58.843800647568884     
   3.9794242460800069        58.938777689396233     
   3.9953939430400069        59.031796788468718     
   4.0113636400000070        59.122946914386581     
   4.0273333369600071        59.212159814180872     
   4.0433030339200071        59.299354231207140     
   4.0592727308800072        59.384448908820936     
   4.0752424278400072        59.467362590377817     
   4.0912121248000073        59.548045899283089     
   4.1071818217600073        59.626589944892480     
   4.1231515187200074        59.703124522421120     
   4.1391212156800075        59.777779428264878     
   4.1550909126400075        59.850684458819607     
   4.1710606096000076        59.921963148748219     
   4.1870303065600076        59.991642070840584     
   4.2030000035200077        60.059671449017948     
   4.2189697004800077        60.125999442032906     
   4.2349393974400078        60.190574208638061     
   4.2509090944000079        60.253344122106377     
   4.2668787913600079        60.314295388951471     
   4.2828484883200080        60.373495149537590     
   4.2988181852800080        60.431020975726369     
   4.3147878822400081        60.486950439379449     
   4.3307575792000081        60.541361112358480     
   4.3467272761600082        60.594335489938430     
   4.3626969731200083        60.645988250216391     
   4.3786666700800083        60.696447000538917     
   4.3946363670400084        60.745839383267402     
   4.4106060640000084        60.794293040763243     
   4.4265757609600085        60.841930183977254     
   4.4425454579200085        60.888722909733353     
   4.4585151548800086        60.934477708717878     
   4.4744848518400087        60.978992532431974     
   4.4904545488000087        61.022065332376776     
   4.5064242457600088        61.063494112727405     
   4.5223939427200088        61.103182663486940     
   4.5383636396800089        61.141362265119035     
   4.5543333366400089        61.178327378803395     
   4.5703030336000090        61.214372465719755     
   4.5862727305600091        61.249791987047828     
   4.6022424275200091        61.284850733241235     
   4.6182121244800092        61.319517331130712     
   4.6341818214400092        61.353590196831640     
   4.6501515184000093        61.386865715103610     
   4.6661212153600093        61.419140270706187     
   4.6820909123200094        61.450212331888601     
   4.6980606092800095        61.480005376278385     
   4.7140303062400095        61.508636646039506     
   4.7300000032000096        61.536240051253031     
   4.7459697001600096        61.562949502000031     
   4.7619393971200097        61.588898908361564     
   4.7779090940800097        61.614210517188027     
   4.7938787910400098        61.638953489770024     
   4.8098484880000099        61.663181892114864     
   4.8258181849600099        61.686949789171059     
   4.8417878819200100        61.710311245887127     
   4.8577575788800100        61.733344929536898     
   4.8737272758400101        61.756527400907927     
   4.8896969728000101        61.780657497532253     
   4.9056666697600102        61.806543324987473     
   4.9216363667200103        61.834992988851141     
   4.9376060636800103        61.866810421521869     
   4.9535757606400104        61.901961461297205     
   4.9695454576000104        61.938564439859888     
   4.9855151545600105        61.974491143072875     
   5.0014848515200105        62.007613356799126     
   5.0174545484800106        62.035802866901605     
   5.0334242454400107        62.057240732416048     
   5.0493939424000107        62.072199175233834     
   5.0653636393600108        62.081816619946601     
   5.0813333363200108        62.087234265923556     
   5.0973030332800109        62.089593312533886     
   5.1132727302400109        62.090021524478544     
   5.1292424272000110        62.089254255537725     
   5.1452121241600111        62.087581615573633     
   5.1611818211200111        62.085269660303560     
   5.1771515180800112        62.082584445444802     
   5.1931212150400112        62.079792015703447     
   5.2090909120000113        62.077126357579509     
   5.2250606089600113        62.074719015692004     
   5.2410303059200114        62.072681115868022     
   5.2570000028800115        62.071123783934624     
   5.2729696998400115        62.070158145718892     
   5.2889393968000116        62.069892510196482     
   5.3049090937600116        62.070405996617168     
   5.3208787907200117        62.071760453840724     
   5.3368484876800117        62.074017505563567     
   5.3528181846400118        62.077238775482115     
   5.3687878816000119        62.081483399163560     
   5.3847575785600119        62.086648980825224     
   5.4007272755200120        62.092375445126002     
   5.4166969724800120        62.098279674287909     
   5.4326666694400121        62.103978550532936     
   5.4486363664000121        62.109088956083099     
   5.4646060633600122        62.113227773160382     
   5.4805757603200123        62.116011883986801     
   5.4965454572800123        62.117058170784361     
   5.5125151542400124        62.115983515775056     
   5.5284848512000124        62.112404801180894     
   5.5444545481600125        62.105974881109162     
   5.5604242451200125        62.096954681425828     
   5.5763939420800126        62.086111721006517     
   5.5923636390400127        62.074228982526321     
   5.6083333360000127        62.062089448660323     
   5.6243030329600128        62.050476102083621     
   5.6402727299200128        62.040171925471292     
   5.6562424268800129        62.031959901498432     
   5.6722121238400129        62.026623012840126     
   5.6881818208000130        62.024944242171472     
   5.7041515177600131        62.027706572167546     
   5.7201212147200131        62.035692985503445     
   5.7360909116800132        62.049686464854261     
   5.7520606086400132        62.070469992895070     
   5.7680303056000133        62.098826552300977     
   5.7840000025600133        62.135539125747066     
   5.7999696995200134        62.181339411185071     
   5.8159393964800135        62.235373845177833     
   5.8319090934400135        62.294938871222499     
   5.8478787904000136        62.357226305601806     
   5.8638484873600136        62.419427964598512     
   5.8798181843200137        62.478735664495360     
   5.8957878812800137        62.532341221575102     
   5.9117575782400138        62.577436452120473     
   5.9277272752000139        62.611213172414232     
   5.9436969721600139        62.630863198739114     
   5.9596666691200140        62.633578347377878     
   5.9756363660800140        62.616550434613266     
   5.9916060630400141        62.576971276728024     
   6.0075757600000141        62.512032690004901     
   6.0235454569600142        62.418926490726641     
   6.0395151539200143        62.294844495175994     
   6.0554848508800143        62.137028760983362     
   6.0714545478400144        61.946261022851452     
   6.0874242448000144        61.729134918360202     
   6.1033939417600145        61.492784100439415     
   6.1193636387200145        61.244342222018872     
   6.1353333356800146        60.990942936028382     
   6.1513030326400147        60.739719895397734     
   6.1672727296000147        60.497806753056715     
   6.1832424265600148        60.272337161935127     
   6.1992121235200148        60.070444774962766     
   6.2151818204800149        59.899263245069420     
   6.2311515174400149        59.765926225184884     
   6.2471212144000150        59.677567368238954     
   6.2630909113600151        59.641320327161417     
   6.2790606083200151        59.664318754882082     
   6.2950303052800152        59.753696304330731     
   6.3110000022400152        59.916586628437159     
   6.3269696992000153        60.160123380131161     
   6.3429393961600153        60.491440212342539     
   6.3589090931200154        60.917670778001082     
   6.3748787900800155        61.445948730036577     
   6.3908484870400155        62.083407721378826     
   6.4068181840000156        62.833199729807326     
   6.4227878809600156        63.669651733827308     
   6.4387575779200157        64.554403149260366     
   6.4547272748800157        65.449038349656860     
   6.4706969718400158        66.315141708567111     
   6.4866666688000159        67.114297599541487     
   6.5026363657600159        67.808090396130311     
   6.5186060627200160        68.358104471883948     
   6.5345757596800160        68.725924200352722     
   6.5505454566400161        68.873133955086985     
   6.5665151536000161        68.761318109637088     
   6.5824848505600162        68.352061037553369     
   6.5984545475200163        67.606947112386166     
   6.6144242444800163        66.487560707685844     
   6.6303939414400164        64.955486197002713     
   6.6463636384000164        62.972307953887153     
   6.6623333353600165        60.504672797814607     
   6.6783030323200165        57.575839872223334     
   6.6942727292800166        54.244556776927070     
   6.7102424262400167        50.570117751463400     
   6.7262121232000167        46.611817035369889     
   6.7421818201600168        42.428948868184115     
   6.7581515171200168        38.080807489443657     
   6.7741212140800169        33.626687138686087     
   6.7900909110400169        29.125882055448976     
   6.8060606080000170        24.637686479269917     
   6.8220303049600171        20.221394649686452     
   6.8380000019200171        15.936300806236190     
   6.8539696988800172        11.841699188456694     
   6.8699393958400172        7.9968840358855431     
   6.8859090928000173        4.4611495880602945     
   6.9018787897600173        1.2937900845185411     
   6.9178484867200174       -1.4482867849191778     
   6.9338181836800175       -3.7523485339248719     
   6.9497878806400175       -5.6445960148978882     
   6.9657575776000176       -7.1525630107518063     
   6.9817272745600176       -8.3037833044001985     
   6.9976969715200177       -9.1257906787566458     
   7.0136666684800177       -9.6461189167347232     
   7.0296363654400178       -9.8923018012480082     
   7.0456060624000179       -9.8918731152100765     
   7.0615757593600179       -9.6723666415345040     
   7.0775454563200180       -9.2613161631348717     
   7.0935151532800180       -8.6862554629247448     
   7.1094848502400181       -7.9747183238177142     
   7.1254545472000181       -7.1542385287273529     
   7.1414242441600182       -6.2523498605672341     
   7.1573939411200183       -5.2965861022509415     
   7.1733636380800183       -4.3144810366920314     
   7.1893333350400184       -3.3335684468041089     
   7.2053030320000184       -2.3813821155007360     
   7.2212727289600185       -1.4854558256954895     
   7.2372424259200185      -0.67332336030194584     
   7.2532121228800186        2.7482006162986291E-002
   7.2691818198400187       0.59667483697734081     
   7.2851515168000187        1.0394581079920517     
   7.3011212137600188        1.3666347487221486     
   7.3170909107200188        1.5890076886826610     
   7.3330606076800189        1.7173798573886192     
   7.3490303046400189        1.7625541843550525     
   7.3650000016000190        1.7353335990969911     
   7.3809696985600191        1.6465210311294645     
   7.3969393955200191        1.5069194099675030     
   7.4129090924800192        1.3273316651261347     
   7.4288787894400192        1.1185607261203929     
   7.4448484864000193       0.89140952246530281     
   7.4608181833600193       0.65668098367589800     
   7.4767878803200194       0.42517803926720554     
   7.4927575772800195       0.20770361875425650     
   7.5087272742400195        1.5060651652082544E-002
   7.5246969712000196      -0.14367874291925328     
   7.5406666681600196      -0.26841391575325158     
   7.5566363651200197      -0.36194217800329809     
   7.5726060620800197      -0.42706228380508421     
   7.5885757590400198      -0.46657298729430141     
   7.6045454560000199      -0.48327304260664111     
   7.6205151529600199      -0.47996120387779467     
   7.6364848499200200      -0.45943622524345351     
   7.6524545468800200      -0.42449686083930932     
   7.6684242438400201      -0.37794186480105307     
   7.6843939408000201      -0.32256999126437641     
   7.7003636377600202      -0.26117999436497091     
   7.7163333347200203      -0.19657062823852733     
   7.7323030316800203      -0.13154064702073814     
   7.7482727286400204       -6.8888804847294025E-002
   7.7642424256000204       -1.1413855853886391E-002
   7.7802121225600205        3.8352932980949335E-002
   7.7961818195200205        7.9955621428219673E-002
   7.8121515164800206       0.11390839901028962     
   7.8281212134400207       0.14073095603628075     
   7.8440909104000207       0.16094298281531452     
   7.8600606073600208       0.17506416965651245     
   7.8760303043200208       0.18361420686899604     
   7.8920000012800209       0.18711278476188686     
   7.9079696982400209       0.18607959364430643     
   7.9239393952000210       0.18103432382537618     
   7.9399090921600211       0.17249666561421770     
   7.9558787891200211       0.16098630931995242     
   7.9718484860800212       0.14702294525170198     
   7.9878181830400212       0.13112626371858774     
   8.0037878800000204       0.11381595502973220     
   8.0197575769600196        9.5611709494256236E-002
   8.0357272739200187        7.7033217421281011E-002
   8.0516969708800179        5.8600169119927908E-002
   8.0676666678400171        4.0832254899318618E-002
   8.0836363648000162        2.4249165068574156E-002
   8.0996060617600154        9.3705899368165119E-003
   8.1155757587200146       -3.2864153887231353E-003
   8.1315454556800137       -1.3446913670758752E-002
   8.1475151526400129       -2.1269711963948310E-002
   8.1634848496000121       -2.6958711175747857E-002
   8.1794545465600113       -3.0717812213613437E-002
   8.1954242435200104       -3.2750915985001100E-002
   8.2113939404800096       -3.3261923397366895E-002
   8.2273636374400088       -3.2454735358166863E-002
   8.2433333344000079       -3.0533252774857057E-002
   8.2593030313600071       -2.7701376554893530E-002
   8.2752727283200063       -2.4163007605732312E-002
   8.2912424252800054       -2.0122046834829471E-002
   8.3072121222400046       -1.5782395149641030E-002
   8.3231818192000038       -1.1347953457623060E-002
   8.3391515161600029       -7.0226226662316116E-003
   8.3551212131200021       -3.0103036829227060E-003
   8.3710909100800013        4.8524855049983639E-004
   8.3870606070400004        3.3248607773941129E-003
   8.4030303039999996        5.5351293407049649E-003
   8.4190000009599988        7.1688775488728384E-003
   8.4349696979199980        8.2789287103381803E-003
   8.4509393948799971        8.9181061335414386E-003
   8.4669090918399963        9.1392331269230589E-003
   8.4828787887999955        8.9951329989234885E-003
   8.4988484857599946        8.5386290579831763E-003
   8.5148181827199938        7.8225446125425625E-003
   8.5307878796799930        6.8997029710421050E-003
   8.5467575766399921        5.8229274419222352E-003
   8.5627272735999913        4.6450413336234153E-003
   8.5786969705599905        3.4188679545860872E-003
   8.5946666675199896        2.1972306132506856E-003
   8.6106363644799888        1.0329526180576818E-003
   8.6266060614399880       -2.1142826362329146E-005
   8.6425757583999872       -9.2335786992307810E-004
   8.6585454553599863       -1.6737171492399296E-003
   8.6745151523199855       -2.2820240635595857E-003
   8.6904848492799847       -2.7580820121287479E-003
   8.7064545462399838       -3.1116943941941182E-003
   8.7224242431999830       -3.3526646090023993E-003
   8.7383939401599822       -3.4907960558002919E-003
   8.7543636371199813       -3.5358921338344974E-003
   8.7703333340799805       -3.4977562423517197E-003
   8.7863030310399797       -3.3861917805986601E-003
   8.8022727279999788       -3.2110021478220195E-003
   8.8182424249599780       -2.9819907432684992E-003
   8.8342121219199772       -2.7089609661848021E-003
   8.8501818188799763       -2.4017162158176310E-003
   8.8661515158399755       -2.0700598914136872E-003
   8.8821212127999747       -1.7237953922196721E-003
   8.8980909097599739       -1.3727261174822857E-003
   8.9140606067199730       -1.0266554664482338E-003
   8.9300303036799722       -6.9538683836421820E-004
   8.9460000006399714       -3.8872363247693465E-004
   8.9619696975999705       -1.1646924803308905E-004
   8.9779393945599697        1.1188506547860458E-004
   8.9939090915199689        2.9351164748055928E-004
   9.0098787884799680        4.3197184699626161E-004
   9.0258484854399672        5.3108421646171034E-004
   9.0418181823999664        5.9466730831290407E-004
   9.0577878793599655        6.2653967498584203E-004
   9.0737575763199647        6.3051986891652257E-004
   9.0897272732799639        6.1042644254094471E-004
   9.1056969702399631        5.7007794829510693E-004
   9.1216666671999622        5.1329293861500835E-004
   9.1376363641599614        4.4388996593664793E-004
   9.1536060611199606        3.6568758269602366E-004
   9.1695757580799597        2.8250434132913487E-004
   9.1855454550399589        1.9815879427198066E-004
   9.2015151519999581        1.1646949396055922E-004
   9.2174848489599572        4.1254992830869629E-005
   9.2334545459199564       -2.3711590822291214E-005
   9.2494242428799556       -7.6565873851327992E-005
   9.2653939398399547       -1.1800871734516386E-004
   9.2813636367999539       -1.4892132575596709E-004
   9.2973333337599531       -1.7018490353590588E-004
   9.3133030307199522       -1.8268065513714856E-004
   9.3292727276799514       -1.8728978501186331E-004
   9.3452424246399506       -1.8489349761221851E-004
   9.3612121215999498       -1.7637299739038239E-004
   9.3771818185599489       -1.6260948879852306E-004
   9.3931515155199481       -1.4448417628880897E-004
   9.4091212124799473       -1.2287826431340830E-004
   9.4250909094399464       -9.8672957324489301E-005
   9.4410606063999456       -7.2749459774220220E-005
   9.4570303033599448       -4.5988976114769411E-005
   9.4730000003199439       -1.9272710798305063E-005
   9.4889696972799431        6.5206558543118354E-006
   9.5049393942399423        3.0794785469367815E-005
   9.5209090911999414        5.3489695722456109E-005
   9.5368787881599406        7.4605386613576732E-005
   9.5528484851199398        9.4141858142729652E-005
   9.5688181820799389        1.1209911030991491E-004
   9.5847878790399381        1.2847714311513248E-004
   9.6007575759999373        1.4327595655838236E-004
   9.6167272729599365        1.5649555063966460E-004
   9.6326969699199356        1.6813592535897911E-004
   9.6486666668799348        1.7819708071632596E-004
   9.6646363638399340        1.8667901671170513E-004
   9.6806060607999331        1.9358173334511658E-004
   9.6965757577599323        1.9890523061656039E-004
   9.7125454547199315        2.0264950852603652E-004
   9.7285151516799306        2.0481456707354496E-004
   9.7444848486399298        2.0540040625908570E-004
   9.7604545455999290        2.0440702608265877E-004
   9.7764242425599281        2.0183442654426418E-004
   9.7923939395199273        1.9768260764390191E-004
   9.8083636364799265        1.9195156938157191E-004
   9.8243333334399257        1.8464131175727430E-004
   9.8403030303999248        1.7575183477100894E-004
   9.8562727273599240        1.6528313842277588E-004
   9.8722424243199232        1.5323522271257524E-004
   9.8882121212799223        1.3960808764040684E-004
   9.9041818182399215        1.2440173320627074E-004
   9.9201515151999207        1.0761615941016707E-004
   9.9361212121599198        8.9251366252095604E-005
   9.9520909091199190        6.9307353732056564E-005
   9.9680606060799182        4.7784121850049739E-005
   9.9840303030399173        2.4681670606075231E-005
