   2.0151515199999999        22.910000000000000     
   2.0311212169599999        23.706812104858827     
   2.0470909139200000        24.514503842714319     
   2.0630606108800000        25.332174340451331     
   2.0790303078400001        26.158922724954714     
   2.0950000048000001        26.993848123109331     
   2.1109697017600002        27.835970808343909     
   2.1269393987200003        28.683235019445359     
   2.1429090956800003        29.532806755225351     
   2.1588787926400004        30.381834686877475     
   2.1748484896000004        31.227467485595312     
   2.1908181865600005        32.066878408697598     
   2.2067878835200005        32.900296502864286     
   2.2227575804800006        33.733929612347303     
   2.2387272774400007        34.574678687932419     
   2.2546969744000007        35.429444680405425     
   2.2706666713600008        36.305128540552090     
   2.2866363683200008        37.206676176866296     
   2.3026060652800009        38.127473903487697     
   2.3185757622400009        39.056674852823910     
   2.3345454592000010        39.983425800469298     
   2.3505151561600011        40.896873522018247     
   2.3664848531200011        41.786504914874008     
   2.3824545500800012        42.649830757202871     
   2.3984242470400012        43.492499034377403     
   2.4143939440000013        44.320520520265255     
   2.4303636409600013        45.139905988734078     
   2.4463333379200014        45.956664006190096     
   2.4623030348800015        46.774946407618977     
   2.4782727318400015        47.593674360788647     
   2.4942424288000016        48.410854605372506     
   2.5102121257600016        49.224493881043934     
   2.5261818227200017        50.032598927476336     
   2.5421515196800017        50.833314329854268     
   2.5581212166400018        51.626017271781592     
   2.5740909136000019        52.410733785032207     
   2.5900606105600019        53.187495702034767     
   2.6060303075200020        53.956334855217960     
   2.6220000044800020        54.717298014019427     
   2.6379697014400021        55.471150662792063     
   2.6539393984000021        56.219680698388466     
   2.6699090953600022        56.964754069420948     
   2.6858787923200023        57.708236724501823     
   2.7018484892800023        58.451994612243389     
   2.7178181862400024        59.195884842106729     
   2.7337878832000024        59.931465727894832     
   2.7497575801600025        60.648152879813999     
   2.7657272771200025        61.335361905491041     
   2.7816969740800026        61.982508412552768     
   2.7976666710400027        62.580004173664413     
   2.8136363680000027        63.132430635259368     
   2.8296060649600028        63.654912549535396     
   2.8455757619200028        64.162825633861374     
   2.8615454588800029        64.671545605606156     
   2.8775151558400029        65.196397321822047     
   2.8934848528000030        65.745644638361881     
   2.9094545497600031        66.313320839839946     
   2.9254242467200031        66.891749658459958     
   2.9413939436800032        67.473254826425574     
   2.9573636406400032        68.050160075940497     
   2.9733333376000033        68.615714262392601     
   2.9893030345600033        69.168821263786697     
   3.0052727315200034        69.710521100601312     
   3.0212424284800035        70.241857763009037     
   3.0372121254400035        70.763875241182461     
   3.0531818224000036        71.277598294571646     
   3.0691515193600036        71.783573985735700     
   3.0851212163200037        72.281851150449796     
   3.1010909132800037        72.772455285508840     
   3.1170606102400038        73.255411887707751     
   3.1330303072000039        73.730746451101339     
   3.1490000041600039        74.198481486533623     
   3.1649697011200040        74.658630833489340     
   3.1809393980800040        75.111206764708172     
   3.1969090950400041        75.556221552929827     
   3.2128787920000041        75.993687470893988     
   3.2288484889600042        76.423636288214922     
   3.2448181859200043        76.846280558127972     
   3.2607878828800043        77.261930837312562     
   3.2767575798400044        77.670898651300789     
   3.2927272768000044        78.073495525624750     
   3.3086969737600045        78.470029920554950     
   3.3246666707200045        78.860651934965333     
   3.3406363676800046        79.245279871817544     
   3.3566060646400047        79.623813610369311     
   3.3725757616000047        79.996153029878300     
   3.3885454585600048        80.362198009602210     
   3.4045151555200048        80.721938240755236     
   3.4204848524800049        81.075746610084792     
   3.4364545494400049        81.424098183918289     
   3.4524242464000050        81.767468029536545     
   3.4683939433600051        82.106331214220404     
   3.4843636403200051        82.441122160719175     
   3.5003333372800052        82.771672280159351     
   3.5163030342400052        83.097351404568712     
   3.5322727312000053        83.417517642935067     
   3.5482424281600053        83.731529104246206     
   3.5642121251200054        84.038746921960922     
   3.5801818220800055        84.339003974992124     
   3.5961515190400055        84.633112599677119     
   3.6121212160000056        84.922007027643090     
   3.6280909129600056        85.206621490517222     
   3.6440606099200057        85.487890219926726     
   3.6600303068800057        85.766611919727367     
   3.6760000038400058        86.042728679828926     
   3.6919697008000059        86.315848864462311     
   3.7079393977600059        86.585580083581320     
   3.7239090947200060        86.851529947139753     
   3.7398787916800060        87.113317389949856     
   3.7558484886400061        87.370857897510078     
   3.7718181856000061        87.624385052842499     
   3.7877878825600062        87.874148079842058     
   3.8037575795200063        88.120396202403683     
   3.8197272764800063        88.363378573786051     
   3.8356969734400064        88.603241804677069     
   3.8516666704000064        88.839824922635998     
   3.8676363673600065        89.072909525563887     
   3.8836060643200065        89.302277211361826     
   3.8995757612800066        89.527709577930878     
   3.9155454582400067        89.749016683566595     
   3.9315151552000067        89.966282338005243     
   3.9474848521600068        90.179743159917322     
   3.9634545491200068        90.389637431130893     
   3.9794242460800069        90.596203433474116     
   3.9953939430400069        90.799678085276781     
   4.0113636400000070        91.000222488148225     
   4.0273333369600071        91.197883550128424     
   4.0433030339200071        91.392698734454797     
   4.0592727308800072        91.584705504364763     
   4.0752424278400072        91.773941323095784     
   4.0912121248000073        91.960437686937084     
   4.1071818217600073        92.144199797602013     
   4.1231515187200074        92.325225616021044     
   4.1391212156800075        92.503513102903653     
   4.1550909126400075        92.679060218959293     
   4.1710606096000076        92.851863984608016     
   4.1870303065600076        93.021906860047224     
   4.2030000035200077        93.189159840591387     
   4.2189697004800077        93.353593611440189     
   4.2349393974400078        93.515178857793259     
   4.2509090944000079        93.673886511210924     
   4.2668787913600079        93.829730951911557     
   4.2828484883200080        93.982819506610980     
   4.2988181852800080        94.133271481822533     
   4.3147878822400081        94.281206184059556     
   4.3307575792000081        94.426742919835405     
   4.3467272761600082        94.569983184857250     
   4.3626969731200083        94.710912051130109     
   4.3786666700800083        94.849467818157692     
   4.3946363670400084        94.985588658774986     
   4.4106060640000084        95.119212745816981     
   4.4265757609600085        95.250281379477613     
   4.4425454579200085        95.378822294358983     
   4.4585151548800086        95.504958579636352     
   4.4744848518400087        95.628818241273450     
   4.4904545488000087        95.750529285234080     
   4.5064242457600088        95.870219697101476     
   4.5223939427200088        95.987976531972265     
   4.5383636396800089        96.103760132847754     
   4.5543333366400089        96.217506396945723     
   4.5703030336000090        96.329151221483926     
   4.5862727305600091        96.438630503680130     
   4.6022424275200091        96.545891608242769     
   4.6182121244800092        96.650996364675166     
   4.6341818214400092        96.754072387516800     
   4.6501515184000093        96.855248076409381     
   4.6661212153600093        96.954651830994621     
   4.6820909123200094        97.052410866969041     
   4.6980606092800095        97.148581363319508     
   4.7140303062400095        97.243109392132752     
   4.7300000032000096        97.335931553934273     
   4.7459697001600096        97.426984449249517     
   4.7619393971200097        97.516204678603984     
   4.7779090940800097        97.603499993351036     
   4.7938787910400098        97.688646836933415     
   4.8098484880000099        97.771384314389309     
   4.8258181849600099        97.851451528137972     
   4.8417878819200100        97.928587580598617     
   4.8577575788800100        98.002588801953664     
   4.8737272758400101        98.074177067246723     
   4.8896969728000101        98.144823903311377     
   4.9056666697600102        98.216022395492701     
   4.9216363667200103        98.289265629135826     
   4.9376060636800103        98.366036450305558     
   4.9535757606400104        98.445761363736452     
   4.9695454576000104        98.523333845944506     
   4.9855151545600105        98.593042450492035     
   5.0014848515200105        98.649175730941380     
   5.0174545484800106        98.686022240854896     
   5.0334242454400107        98.700467214448565     
   5.0493939424000107        98.706953445431267     
   5.0653636393600108        98.727196430066783     
   5.0813333363200108        98.782934961858516     
   5.0973030332800109        98.895907834309853     
   5.1132727302400109        99.086278843318013     
   5.1292424272000110        99.328207949889233     
   5.1452121241600111        99.543657465556095     
   5.1611818211200111        99.651769742332391     
   5.1771515180800112        99.571687132231929     
   5.1931212150400112        99.222579175865107     
   5.2090909120000113        98.602772814554854     
   5.2250606089600113        97.963542175858748     
   5.2410303059200114        97.606579008702141     
   5.2570000028800115        97.833575062010397     
   5.2729696998400115        98.946222084708893     
   5.2889393968000116        101.16499808679296     
   5.3049090937600116        103.86880074101317     
   5.3208787907200117        105.93859838986825     
   5.3368484876800117        106.24886760354860     
   5.3528181846400118        103.67408495224468     
   5.3687878816000119        97.099217476724320     
   5.3847575785600119        86.090282004213250     
   5.4007272755200120        71.299726004465484     
   5.4166969724800120        53.477148656425427     
   5.4326666694400121        33.372149139037504     
   5.4486363664000121        11.734326631246134     
   5.4646060633600122       -10.686719688004288     
   5.4805757603200123       -33.141390639769327     
   5.4965454572800123       -54.880087045104602     
   5.5125151542400124       -75.153209725065693     
   5.5284848512000124       -93.211159500708135     
   5.5444545481600125       -108.33541618818202     
   5.5604242451200125       -120.33282153713868     
   5.5763939420800126       -129.44790360521651     
   5.5923636390400127       -135.93855086594405     
   5.6083333360000127       -140.06265179284998     
   5.6243030329600128       -142.07809485946282     
   5.6402727299200128       -142.24276853931119     
   5.6562424268800129       -140.81456130592372     
   5.6722121238400129       -138.05136163282896     
   5.6881818208000130       -134.21105799355553     
   5.7041515177600131       -129.55153886163205     
   5.7201212147200131       -124.33069271058710     
   5.7360909116800132       -118.80640801394928     
   5.7520606086400132       -113.23657324524714     
   5.7680303056000133       -107.87907687800934     
   5.7840000025600133       -102.99180738576446     
   5.7999696995200134       -98.828016472644009     
   5.8159393964800135       -95.497628726725324     
   5.8319090934400135       -92.943306622293008     
   5.8478787904000136       -91.098253047341558     
   5.8638484873600136       -89.895670889865443     
   5.8798181843200137       -89.268763037859173     
   5.8957878812800137       -89.150732379317233     
   5.9117575782400138       -89.474781802234091     
   5.9277272752000139       -90.174114194604257     
   5.9436969721600139       -91.181932444422216     
   5.9596666691200140       -92.431439439682435     
   5.9756363660800140       -93.855838068379427     
   5.9916060630400141       -95.388331218507659     
   6.0075757600000141       -96.962121778061629     
   6.0235454569600142       -98.510412635035820     
   6.0395151539200143       -99.966406677424729     
   6.0554848508800143       -101.26370704276033     
   6.0714545478400144       -102.36411583570194     
   6.0874242448000144       -103.27573589818957     
   6.1033939417600145       -104.01097212423960     
   6.1193636387200145       -104.58222940786845     
   6.1353333356800146       -105.00191264309250     
   6.1513030326400147       -105.28242672392815     
   6.1672727296000147       -105.43617654439180     
   6.1832424265600148       -105.47556699849984     
   6.1992121235200148       -105.41300298026866     
   6.2151818204800149       -105.26088938371467     
   6.2311515174400149       -105.03163110285425     
   6.2471212144000150       -104.73763303170381     
   6.2630909113600151       -104.39130006427973     
   6.2790606083200151       -104.00503709459842     
   6.2950303052800152       -103.59124901667627     
   6.3110000022400152       -103.16234072452968     
   6.3269696992000153       -102.73071711217503     
   6.3429393961600153       -102.30878307362873     
   6.3589090931200154       -101.90894350290716     
   6.3748787900800155       -101.54360329402675     
   6.3908484870400155       -101.22516734100385     
   6.4068181840000156       -100.96453184357740     
   6.4227878809600156       -100.76167093732684     
   6.4387575779200157       -100.61175132063654     
   6.4547272748800157       -100.50991883585510     
   6.4706969718400158       -100.45131932533106     
   6.4866666688000159       -100.43109863141297     
   6.5026363657600159       -100.44440259644939     
   6.5186060627200160       -100.48637706278889     
   6.5345757596800160       -100.55216787278003     
   6.5505454566400161       -100.63692086877137     
   6.5665151536000161       -100.73578189311145     
   6.5824848505600162       -100.84389678814885     
   6.5984545475200163       -100.95641139623211     
   6.6144242444800163       -101.06847155970981     
   6.6303939414400164       -101.17522312093050     
   6.6463636384000164       -101.27181192224272     
   6.6623333353600165       -101.35370045374721     
   6.6783030323200165       -101.41989221425720     
   6.6942727292800166       -101.47161044776546     
   6.7102424262400167       -101.51011258968967     
   6.7262121232000167       -101.53665607544754     
   6.7421818201600168       -101.55249834045676     
   6.7581515171200168       -101.55889682013506     
   6.7741212140800169       -101.55710894990010     
   6.7900909110400169       -101.54839216516957     
   6.8060606080000170       -101.53400390136120     
   6.8220303049600171       -101.51520159389268     
   6.8380000019200171       -101.49324267818170     
   6.8539696988800172       -101.46938458964595     
   6.8699393958400172       -101.44488476370314     
   6.8859090928000173       -101.42100063577095     
   6.9018787897600173       -101.39898964126711     
   6.9178484867200174       -101.38006844918691     
   6.9338181836800175       -101.36469913917387     
   6.9497878806400175       -101.35267874169205     
   6.9657575776000176       -101.34378151843271     
   6.9817272745600176       -101.33778173108706     
   6.9976969715200177       -101.33445364134639     
   7.0136666684800177       -101.33357151090190     
   7.0296363654400178       -101.33490960144486     
   7.0456060624000179       -101.33824217466650     
   7.0615757593600179       -101.34334349225809     
   7.0775454563200180       -101.34998781591082     
   7.0935151532800180       -101.35794940731599     
   7.1094848502400181       -101.36700252816480     
   7.1254545472000181       -101.37692144014852     
   7.1414242441600182       -101.38748040495837     
   7.1573939411200183       -101.39845368428563     
   7.1733636380800183       -101.40961553982150     
   7.1893333350400184       -101.42074023325725     
   7.2053030320000184       -101.43160202628411     
   7.2212727289600185       -101.44197518059335     
   7.2372424259200185       -101.45163395787618     
   7.2532121228800186       -101.46035262391257     
   7.2691818198400187       -101.46796373424016     
   7.2851515168000187       -101.47450483151623     
   7.3011212137600188       -101.48005849526987     
   7.3170909107200188       -101.48470730503026     
   7.3330606076800189       -101.48853384032650     
   7.3490303046400189       -101.49162068068773     
   7.3650000016000190       -101.49405040564309     
   7.3809696985600191       -101.49590559472172     
   7.3969393955200191       -101.49726882745274     
   7.4129090924800192       -101.49822268336528     
   7.4288787894400192       -101.49884974198851     
   7.4448484864000193       -101.49923258285150     
   7.4608181833600193       -101.49945378548344     
   7.4767878803200194       -101.49959592941343     
   7.4927575772800195       -101.49974159417063     
   7.5087272742400195       -101.49997335928414     
   7.5246969712000196       -101.50036184397818     
   7.5406666681600196       -101.50091567251988     
   7.5566363651200197       -101.50162344359205     
   7.5726060620800197       -101.50247374590610     
   7.5885757590400198       -101.50345516817345     
   7.6045454560000199       -101.50455629910553     
   7.6205151529600199       -101.50576572741377     
   7.6364848499200200       -101.50707204180961     
   7.6524545468800200       -101.50846383100445     
   7.6684242438400201       -101.50992968370973     
   7.6843939408000201       -101.51145818863688     
   7.7003636377600202       -101.51303793449732     
   7.7163333347200203       -101.51465751000248     
   7.7323030316800203       -101.51630550386378     
   7.7482727286400204       -101.51797050479266     
   7.7642424256000204       -101.51964110150054     
   7.7802121225600205       -101.52130660993879     
   7.7961818195200205       -101.52296198842511     
   7.8121515164800206       -101.52460483285097     
   7.8281212134400207       -101.52623275406330     
   7.8440909104000207       -101.52784336290901     
   7.8600606073600208       -101.52943427023504     
   7.8760303043200208       -101.53100308688833     
   7.8920000012800209       -101.53254742371578     
   7.9079696982400209       -101.53406489156434     
   7.9239393952000210       -101.53555310128091     
   7.9399090921600211       -101.53700966371245     
   7.9558787891200211       -101.53843218970586     
   7.9718484860800212       -101.53981829010807     
   7.9878181830400212       -101.54116557576603     
   8.0037878800000204       -101.54247165752663     
   8.0197575769600196       -101.54373414623683     
   8.0357272739200187       -101.54495065274354     
   8.0516969708800179       -101.54611878789368     
   8.0676666678400171       -101.54723616253419     
   8.0836363648000162       -101.54830038751200     
   8.0996060617600154       -101.54930907367402     
   8.1155757587200146       -101.55025985428240     
   8.1315454556800137       -101.55115242207037     
   8.1475151526400129       -101.55199015922972     
   8.1634848496000121       -101.55277683152357     
   8.1794545465600113       -101.55351620471509     
   8.1954242435200104       -101.55421204456745     
   8.2113939404800096       -101.55486811684378     
   8.2273636374400088       -101.55548818730723     
   8.2433333344000079       -101.55607602172097     
   8.2593030313600071       -101.55663538584815     
   8.2752727283200063       -101.55717004545191     
   8.2912424252800054       -101.55768376629543     
   8.3072121222400046       -101.55818031414182     
   8.3231818192000038       -101.55866345475428     
   8.3391515161600029       -101.55913695389593     
   8.3551212131200021       -101.55960457732995     
   8.3710909100800013       -101.56007009058915     
   8.3870606070400004       -101.56053715730377     
   8.4030303039999996       -101.56100917953832     
   8.4190000009599988       -101.56148951797412     
   8.4349696979199980       -101.56198153329251     
   8.4509393948799971       -101.56248858617481     
   8.4669090918399963       -101.56301403730232     
   8.4828787887999955       -101.56356124735639     
   8.4988484857599946       -101.56413357701832     
   8.5148181827199938       -101.56473438696946     
   8.5307878796799930       -101.56536703789112     
   8.5467575766399921       -101.56603489046462     
   8.5627272735999913       -101.56674130537129     
   8.5786969705599905       -101.56748964329245     
   8.5946666675199896       -101.56828326490941     
   8.6106363644799888       -101.56912553090352     
   8.6266060614399880       -101.57001980193795     
   8.6425757583999872       -101.57096749398480     
   8.6585454553599863       -101.57196273000396     
   8.6745151523199855       -101.57299792364599     
   8.6904848492799847       -101.57406548856142     
   8.7064545462399838       -101.57515783840081     
   8.7224242431999830       -101.57626738681472     
   8.7383939401599822       -101.57738654745370     
   8.7543636371199813       -101.57850773396828     
   8.7703333340799805       -101.57962336000904     
   8.7863030310399797       -101.58072583922652     
   8.8022727279999788       -101.58180758527126     
   8.8182424249599780       -101.58286101179384     
   8.8342121219199772       -101.58387853244477     
   8.8501818188799763       -101.58485256087464     
   8.8661515158399755       -101.58577551073398     
   8.8821212127999747       -101.58663979567335     
   8.8980909097599739       -101.58743782934330     
   8.9140606067199730       -101.58816202539437     
   8.9300303036799722       -101.58880479747712     
   8.9460000006399714       -101.58935855924211     
   8.9619696975999705       -101.58981572433989     
   8.9779393945599697       -101.59016915231753     
   8.9939090915199689       -101.59042122145850     
   9.0098787884799680       -101.59058343655430     
   9.0258484854399672       -101.59066766980378     
   9.0418181823999664       -101.59068579340580     
   9.0577878793599655       -101.59064967955919     
   9.0737575763199647       -101.59057120046280     
   9.0897272732799639       -101.59046222831552     
   9.1056969702399631       -101.59033463531615     
   9.1216666671999622       -101.59020029366357     
   9.1376363641599614       -101.59007107555661     
   9.1536060611199606       -101.58995885319413     
   9.1695757580799597       -101.58987549877500     
   9.1855454550399589       -101.58983288449804     
   9.2015151519999581       -101.58984288256211     
   9.2174848489599572       -101.58991736516604     
   9.2334545459199564       -101.59006804198252     
   9.2494242428799556       -101.59029979479016     
   9.2653939398399547       -101.59060832902084     
   9.2813636367999539       -101.59098870498529     
   9.2973333337599531       -101.59143598299426     
   9.3133030307199522       -101.59194522335848     
   9.3292727276799514       -101.59251148638869     
   9.3452424246399506       -101.59312983239562     
   9.3612121215999498       -101.59379532169001     
   9.3771818185599489       -101.59450301458261     
   9.3931515155199481       -101.59524797138414     
   9.4091212124799473       -101.59602525240535     
   9.4250909094399464       -101.59682991795698     
   9.4410606063999456       -101.59765702834974     
   9.4570303033599448       -101.59850164389441     
   9.4730000003199439       -101.59935882490170     
   9.4889696972799431       -101.60022364071162     
   9.5049393942399423       -101.60109217065288     
   9.5209090911999414       -101.60196241269763     
   9.5368787881599406       -101.60283257938576     
   9.5528484851199398       -101.60370088325716     
   9.5688181820799389       -101.60456553685172     
   9.5847878790399381       -101.60542475270931     
   9.6007575759999373       -101.60627674336983     
   9.6167272729599365       -101.60711972137315     
   9.6326969699199356       -101.60795189925918     
   9.6486666668799348       -101.60877148956779     
   9.6646363638399340       -101.60957670483887     
   9.6806060607999331       -101.61036575761230     
   9.6965757577599323       -101.61113686042798     
   9.7125454547199315       -101.61188822582578     
   9.7285151516799306       -101.61261806634559     
   9.7444848486399298       -101.61332459452730     
   9.7604545455999290       -101.61400602291080     
   9.7764242425599281       -101.61466056403597     
   9.7923939395199273       -101.61528643044269     
   9.8083636364799265       -101.61588183467087     
   9.8243333334399257       -101.61644498926037     
   9.8403030303999248       -101.61697410675109     
   9.8562727273599240       -101.61746739968289     
   9.8722424243199232       -101.61792308059570     
   9.8882121212799223       -101.61833936202937     
   9.9041818182399215       -101.61871445652382     
   9.9201515151999207       -101.61904657661890     
   9.9361212121599198       -101.61933393485451     
   9.9520909091199190       -101.61957474377054     
   9.9680606060799182       -101.61976721590688     
   9.9840303030399173       -101.61990956380340     
