   2.0151515199999999       -13.820000000000000     
   2.0311212169599999       -14.537318313637481     
   2.0470909139200000       -15.163001414376886     
   2.0630606108800000       -15.696405820867076     
   2.0790303078400001       -16.136888051756905     
   2.0950000048000001       -16.483804625695235     
   2.1109697017600002       -16.740945203524827     
   2.1269393987200003       -16.972594125807269     
   2.1429090956800003       -17.286788393303766     
   2.1588787926400004       -17.792539165659861     
   2.1748484896000004       -18.598857602521090     
   2.1908181865600005       -19.813372631299714     
   2.2067878835200005       -21.371916666999159     
   2.2227575804800006       -22.874194057587822     
   2.2387272774400007       -23.880942693870132     
   2.2546969744000007       -23.952900466650537     
   2.2706666713600008       -22.650805266733464     
   2.2866363683200008       -19.657849026829162     
   2.3026060652800009       -15.381258682532948     
   2.3185757622400009       -10.493406437834874     
   2.3345454592000010       -5.6670626556178192     
   2.3505151561600011       -1.5749976987646654     
   2.3664848531200011        1.1319293256866829     
   2.3824545500800012        2.3197720745248964     
   2.3984242470400012        2.3787976607253967     
   2.4143939440000013        1.7226446816141505     
   2.4303636409600013       0.76495173451712584     
   2.4463333379200014       -8.0789339146641770E-002
   2.4623030348800015      -0.52452545859638622     
   2.4782727318400015      -0.62394747172162623     
   2.4942424288000016      -0.49753900959693803     
   2.5102121257600016      -0.26378370329689893     
   2.5261818227200017       -4.1165183896084243E-002
   2.5421515196800017        6.4002221140574272E-002
   2.5581212166400018        5.4220672207536083E-002
   2.5740909136000019       -1.0725932864839739E-002
   2.5900606105600019       -7.0541601739053855E-002
   2.6060303075200020       -6.4930342077606687E-002
   2.6220000044800020        6.4913519509209955E-002
   2.6379697014400021       0.30608689210079337     
   2.6539393984000021       0.54367692344621943     
   2.6699090953600022       0.65498325734494756     
   2.6858787923200023       0.51730553759643694     
   2.7018484892800023        7.9434080001475841E-003
   2.7178181862400024      -0.90654478342782807     
   2.7337878832000024       -1.8908604903623658     
   2.7497575801600025       -2.5144984664076957     
   2.7657272771200025       -2.3469533505540636     
   2.7816969740800026      -0.95771978179171435     
   2.7976666710400027        2.0417743421485857     
   2.8136363680000027        6.4436330951715615     
   2.8296060649600028        11.596143360708480     
   2.8455757619200028        16.837027721046226     
   2.8615454588800029        21.504008758471688     
   2.8775151558400029        24.937168375198770     
   2.8934848528000030        26.804135802158697     
   2.9094545497600031        27.432671243727253     
   2.9254242467200031        27.229838010112413     
   2.9413939436800032        26.602699411522153     
   2.9573636406400032        25.958318758164449     
   2.9733333376000033        25.649272084054751     
   2.9893030345600033        25.695069746689597     
   3.0052727315200034        25.989409036784586     
   3.0212424284800035        26.425753440715752     
   3.0372121254400035        26.897566444859123     
   3.0531818224000036        27.300865670527955     
   3.0691515193600036        27.595114213873671     
   3.0851212163200037        27.805947330582576     
   3.1010909132800037        27.962100050930999     
   3.1170606102400038        28.092307405195271     
   3.1330303072000039        28.225296888275292     
   3.1490000041600039        28.381592098533986     
   3.1649697011200040        28.557870202053223     
   3.1809393980800040        28.746499780889355     
   3.1969090950400041        28.939849417098728     
   3.2128787920000041        29.130287692737692     
   3.2288484889600042        29.310822209945385     
   3.2448181859200043        29.480385846942177     
   3.2607878828800043        29.641123595187874     
   3.2767575798400044        29.795212200787116     
   3.2927272768000044        29.944828409844540     
   3.3086969737600045        30.092127625534257     
   3.3246666707200045        30.238162605734015     
   3.3406363676800046        30.382372150135154     
   3.3566060646400047        30.524066777099296     
   3.3725757616000047        30.662557004988066     
   3.3885454585600048        30.797153352163093     
   3.4045151555200048        30.927364743930259     
   3.4204848524800049        31.053546637146113     
   3.4364545494400049        31.176280217389969     
   3.4524242464000050        31.296146672347398     
   3.4683939433600051        31.413727189703966     
   3.4843636403200051        31.529564451164187     
   3.5003333372800052        31.643629854836320     
   3.5163030342400052        31.755457506150552     
   3.5322727312000053        31.864570404315902     
   3.5482424281600053        31.970491548541386     
   3.5642121251200054        32.072745917676251     
   3.5801818220800055        32.171167267302948     
   3.5961515190400055        32.266230448029184     
   3.6121212160000056        32.358490095925511     
   3.6280909129600056        32.448500847062498     
   3.6440606099200057        32.536817337510719     
   3.6600303068800057        32.623917398124547     
   3.6760000038400058        32.709793406344630     
   3.6919697008000059        32.794248613260287     
   3.7079393977600059        32.877085842502964     
   3.7239090947200060        32.958107917704091     
   3.7398787916800060        33.037125274159798     
   3.7558484886400061        33.114147664835741     
   3.7718181856000061        33.189398642428976     
   3.7877878825600062        33.263112272181225     
   3.8037575795200063        33.335522619334213     
   3.8197272764800063        33.406863660453318     
   3.8356969734400064        33.477240640759653     
   3.8516666704000064        33.546372667411738     
   3.8676363673600065        33.613906750710719     
   3.8836060643200065        33.679489900957755     
   3.8995757612800066        33.742769128453986     
   3.9155454582400067        33.803438725264613     
   3.9315151552000067        33.861647771635283     
   3.9474848521600068        33.917799212035902     
   3.9634545491200068        33.972298753970009     
   3.9794242460800069        34.025552104941148     
   3.9953939430400069        34.077961460329085     
   4.0113636400000070        34.129733725420486     
   4.0273333369600071        34.180781663620877     
   4.0433030339200071        34.230993710240938     
   4.0592727308800072        34.280258300591349     
   4.0752424278400072        34.328463869982791     
   4.0912121248000073        34.375521831343818     
   4.1071818217600073        34.421444853168978     
   4.1231515187200074        34.466273486873348     
   4.1391212156800075        34.510048284723041     
   4.1550909126400075        34.552809798984157     
   4.1710606096000076        34.594595437957850     
   4.1870303065600076        34.635393926181365     
   4.2030000035200077        34.675155654049043     
   4.2189697004800077        34.713829975050928     
   4.2349393974400078        34.751366242677058     
   4.2509090944000079        34.787714162968051     
   4.2668787913600079        34.822885618485763     
   4.2828484883200080        34.857025501420502     
   4.2988181852800080        34.890295847464159     
   4.3147878822400081        34.922858692308594     
   4.3307575792000081        34.954876071645700     
   4.3467272761600082        34.986473300739775     
   4.3626969731200083        35.017535664837347     
   4.3786666700800083        35.047852018611941     
   4.3946363670400084        35.077210955584924     
   4.4106060640000084        35.105401069277676     
   4.4265757609600085        35.132219337062082     
   4.4425454579200085        35.157694450407504     
   4.4585151548800086        35.182110728134958     
   4.4744848518400087        35.205765670034047     
   4.4904545488000087        35.228956775894375     
   4.5064242457600088        35.251981492046554     
   4.5223939427200088        35.275029902424031     
   4.5383636396800089        35.297959719776237     
   4.5543333366400089        35.320564534528629     
   4.5703030336000090        35.342637937106659     
   4.5862727305600091        35.363973517935804     
   4.6022424275200091        35.384385625159936     
   4.6182121244800092        35.403895803776429     
   4.6341818214400092        35.422644678649064     
   4.6501515184000093        35.440774295783534     
   4.6661212153600093        35.458426701185523     
   4.6820909123200094        35.475743214143442     
   4.6980606092800095        35.492821550909063     
   4.7140303062400095        35.509691843027376     
   4.7300000032000096        35.526378408305163     
   4.7459697001600096        35.542905564549194     
   4.7619393971200097        35.559297629566260     
   4.7779090940800097        35.575540411044123     
   4.7938787910400098        35.591444436657554     
   4.8098484880000099        35.606770391874512     
   4.8258181849600099        35.621278958666927     
   4.8417878819200100        35.634730819006748     
   4.8577575788800100        35.646924902999167     
   4.8737272758400101        35.658278727973396     
   4.8896969728000101        35.669710840478487     
   4.9056666697600102        35.682154195678756     
   4.9216363667200103        35.696541748738518     
   4.9376060636800103        35.713802908856984     
   4.9535757606400104        35.734154953678441     
   4.9695454576000104        35.756245327869372     
   4.9855151545600105        35.778511985231468     
   5.0014848515200105        35.799392879566419     
   5.0174545484800106        35.817325964675916     
   5.0334242454400107        35.830961484675178     
   5.0493939424000107        35.840385093075746     
   5.0653636393600108        35.846277019508236     
   5.0813333363200108        35.849319398257315     
   5.0973030332800109        35.850194363607663     
   5.1132727302400109        35.849579379030516     
   5.1292424272000110        35.848015479009320     
   5.1452121241600111        35.845888900661116     
   5.1611818211200111        35.843577518230092     
   5.1771515180800112        35.841459205960426     
   5.1931212150400112        35.839911792535617     
   5.2090909120000113        35.839180460378230     
   5.2250606089600113        35.839086521266275     
   5.2410303059200114        35.839366800765475     
   5.2570000028800115        35.839758124441573     
   5.2729696998400115        35.839997317860288     
   5.2889393968000116        35.839852612084321     
   5.3049090937600116        35.839417678786063     
   5.3208787907200117        35.838978739793461     
   5.3368484876800117        35.838824527314330     
   5.3528181846400118        35.839243773556483     
   5.3687878816000119        35.840522062624515     
   5.3847575785600119        35.842740601230254     
   5.4007272755200120        35.845654567259800     
   5.4166969724800120        35.848989984177024     
   5.4326666694400121        35.852472875445798     
   5.4486363664000121        35.855829264530016     
   5.4646060633600122        35.858785174893541     
   5.4805757603200123        35.861066630000252     
   5.4965454572800123        35.862399653314029     
   5.5125151542400124        35.862510268298756     
   5.5284848512000124        35.861124498418292     
   5.5444545481600125        35.857991119135541     
   5.5604242451200125        35.853243507608390     
   5.5763939420800126        35.847335457997147     
   5.5923636390400127        35.840730545221419     
   5.6083333360000127        35.833892344200791     
   5.6243030329600128        35.827284429854835     
   5.6402727299200128        35.821370377103158     
   5.6562424268800129        35.816613760865337     
   5.6722121238400129        35.813478156060967     
   5.6881818208000130        35.812427137609632     
   5.7041515177600131        35.813924280430911     
   5.7201212147200131        35.818433159444410     
   5.7360909116800132        35.826417349569702     
   5.7520606086400132        35.838340425726379     
   5.7680303056000133        35.854665962834034     
   5.7840000025600133        35.875857535812251     
   5.7999696995200134        35.902348825036988     
   5.8159393964800135        35.933649441050761     
   5.8319090934400135        35.968190608966417     
   5.8478787904000136        36.004342565309500     
   5.8638484873600136        36.040475546605563     
   5.8798181843200137        36.074959789380166     
   5.8957878812800137        36.106165530158862     
   5.9117575782400138        36.132463005467194     
   5.9277272752000139        36.152222451830717     
   5.9436969721600139        36.163814105774989     
   5.9596666691200140        36.165608203825563     
   5.9756363660800140        36.155974982507985     
   5.9916060630400141        36.133284678347813     
   6.0075757600000141        36.095907527870601     
   6.0235454569600142        36.042213767601893     
   6.0395151539200143        35.970573634067250     
   6.0554848508800143        35.879386450845388     
   6.0714545478400144        35.769100825222068     
   6.0874242448000144        35.643530145402352     
   6.1033939417600145        35.506800439596418     
   6.1193636387200145        35.363037736014455     
   6.1353333356800146        35.216368062866643     
   6.1513030326400147        35.070917448363154     
   6.1672727296000147        34.930811920714170     
   6.1832424265600148        34.800177508129877     
   6.1992121235200148        34.683140238820449     
   6.2151818204800149        34.583826140996067     
   6.2311515174400149        34.506361242866916     
   6.2471212144000150        34.454871572643171     
   6.2630909113600151        34.433483158535019     
   6.2790606083200151        34.446322028752633     
   6.2950303052800152        34.497514211506193     
   6.3110000022400152        34.591185735005887     
   6.3269696992000153        34.731462627461887     
   6.3429393961600153        34.922470917084382     
   6.3589090931200154        35.168336632083545     
   6.3748787900800155        35.473185800669555     
   6.3908484870400155        35.841144451052600     
   6.4068181840000156        36.274038374105047     
   6.4227878809600156        36.757040987743125     
   6.4387575779200157        37.267996029708506     
   6.4547272748800157        37.784715439496459     
   6.4706969718400158        38.285011156602266     
   6.4866666688000159        38.746695120521196     
   6.5026363657600159        39.147579270748523     
   6.5186060627200160        39.465475546779516     
   6.5345757596800160        39.678195888109457     
   6.5505454566400161        39.763552234233607     
   6.5665151536000161        39.699356524647250     
   6.5824848505600162        39.463420698845660     
   6.5984545475200163        39.033556696324105     
   6.6144242444800163        38.387576456577854     
   6.6303939414400164        37.503291919102196     
   6.6463636384000164        36.358515023392386     
   6.6623333353600165        34.933981229194643     
   6.6783030323200165        33.243119140637546     
   6.6942727292800166        31.319851649082121     
   6.7102424262400167        29.198417325765554     
   6.7262121232000167        26.913054741925023     
   6.7421818201600168        24.498002468797701     
   6.7581515171200168        21.987499077620761     
   6.7741212140800169        19.415783139631390     
   6.7900909110400169        16.817093226066760     
   6.8060606080000170        14.225667908164048     
   6.8220303049600171        11.675745757160435     
   6.8380000019200171        9.2015653442930976     
   6.8539696988800172        6.8373652407992083     
   6.8699393958400172        4.6173840179159455     
   6.8859090928000173        2.5758602468805023     
   6.9018787897600173       0.74703249893002521     
   6.9178484867200174      -0.83623870451267124     
   6.9338181836800175       -2.1666006412289849     
   6.9497878806400175       -3.2591816124725681     
   6.9657575776000176       -4.1298795848573091     
   6.9817272745600176       -4.7945925249970989     
   6.9976969715200177       -5.2692183995058262     
   7.0136666684800177       -5.5696551749973802     
   7.0296363654400178       -5.7118008180856510     
   7.0456060624000179       -5.7115532953845287     
   7.0615757593600179       -5.5848105735079017     
   7.0775454563200180       -5.3474706190696617     
   7.0935151532800180       -5.0154313986836954     
   7.1094848502400181       -4.6045908789638945     
   7.1254545472000181       -4.1308470265241448     
   7.1414242441600182       -3.6100978079783412     
   7.1573939411200183       -3.0582411899403712     
   7.1733636380800183       -2.4911751390241239     
   7.1893333350400184       -1.9247976218434886     
   7.2053030320000184       -1.3750066050123595     
   7.2212727289600185      -0.85770005514461767     
   7.2372424259200185      -0.38877593885415679     
   7.2532121228800186        1.5868070792641666E-002
   7.2691818198400187       0.34451919183746871     
   7.2851515168000187       0.60018161504592737     
   7.3011212137600188       0.78909293636700961     
   7.3170909107200188       0.91749075174970718     
   7.3330606076800189       0.99161265714301183     
   7.3490303046400189        1.0176962484959153     
   7.3650000016000190        1.0019791217574094     
   7.3809696985600191       0.95069887287648625     
   7.3969393955200191       0.87009309780213695     
   7.4129090924800192       0.76639939248335387     
   7.4288787894400192       0.64585535286912910     
   7.4448484864000193       0.51469857490845361     
   7.4608181833600193       0.37916665455031923     
   7.4767878803200194       0.24549718774371848     
   7.4927575772800195       0.11992777043764152     
   7.5087272742400195        8.6959985810817295E-003
   7.5246969712000196       -8.2959899307173832E-002
   7.5406666681600196      -0.15498180852019469     
   7.5566363651200197      -0.20898489249065633     
   7.5726060620800197      -0.24658514782713833     
   7.5885757590400198      -0.26939857113822041     
   7.6045454560000199      -0.27904115903248217     
   7.6205151529600199      -0.27712890811850310     
   7.6364848499200200      -0.26527781500486292     
   7.6524545468800200      -0.24510387630014133     
   7.6684242438400201      -0.21822308861291784     
   7.6843939408000201      -0.18625144855177198     
   7.7003636377600202      -0.15080495272528383     
   7.7163333347200203      -0.11349959774203219     
   7.7323030316800203       -7.5951380210597538E-002
   7.7482727286400204       -3.9776296739558736E-002
   7.7642424256000204       -6.5903439374962354E-003
   7.7802121225600205        2.2144928286451350E-002
   7.7961818195200205        4.6166260700480848E-002
   7.8121515164800206        6.5770545594526567E-002
   7.8281212134400207        8.1257851404876652E-002
   7.8440909104000207        9.2928246567819381E-002
   7.8600606073600208       0.10108179951964288     
   7.8760303043200208       0.10601857869663540     
   7.8920000012800209       0.10803865253508514     
   7.9079696982400209       0.10744208947128027     
   7.9239393952000210       0.10452895794150897     
   7.9399090921600211        9.9599326382059511E-002
   7.9558787891200211        9.2953263229220096E-002
   7.9718484860800212        8.4890836919278914E-002
   7.9878181830400212        7.5712115888524070E-002
   8.0037878800000204        6.5717168573244458E-002
   8.0197575769600196        5.5206063409727647E-002
   8.0357272739200187        4.4478868834261900E-002
   8.0516969708800179        3.3835653283135245E-002
   8.0676666678400171        2.3576485192635960E-002
   8.0836363648000162        1.4001432999052134E-002
   8.0996060617600154        5.4105651386719168E-003
   8.1155757587200146       -1.8975715139938306E-003
   8.1315454556800137       -7.7642285939635560E-003
   8.1475151526400129       -1.2281101065962143E-002
   8.1634848496000121       -1.5565921020398407E-002
   8.1794545465600113       -1.7736420547681171E-002
   8.1954242435200104       -1.8910331738219256E-002
   8.2113939404800096       -1.9205386682421475E-002
   8.2273636374400088       -1.8739317470696654E-002
   8.2433333344000079       -1.7629856193453617E-002
   8.2593030313600071       -1.5994734941101166E-002
   8.2752727283200063       -1.3951685804048134E-002
   8.2912424252800054       -1.1618440872703330E-002
   8.3072121222400046       -9.1127322374755949E-003
   8.3231818192000038       -6.5522919887737278E-003
   8.3391515161600029       -4.0548522170065718E-003
   8.3551212131200021       -1.7381450125829097E-003
   8.3710909100800013        2.8018181444587273E-004
   8.3870606070400004        1.9197698260625957E-003
   8.4030303039999996        3.1959757123928333E-003
   8.4190000009599988        4.1392995756803393E-003
   8.4349696979199980        4.7802415181688674E-003
   8.4509393948799971        5.1493016421021729E-003
   8.4669090918399963        5.2769800497240085E-003
   8.4828787887999955        5.1937768432781277E-003
   8.4988484857599946        4.9301921250082840E-003
   8.5148181827199938        4.5167259971582354E-003
   8.5307878796799930        3.9838785619717310E-003
   8.5467575766399921        3.3621499216925262E-003
   8.5627272735999913        2.6820401785643735E-003
   8.5786969705599905        1.9740494348310321E-003
   8.5946666675199896        1.2686777927362512E-003
   8.6106363644799888        5.9642535452378417E-004
   8.6266060614399880       -1.2207837502264544E-005
   8.6425757583999872       -5.3314550473450902E-004
   8.6585454553599863       -9.6640187231919450E-004
   8.6745151523199855       -1.3176374088674048E-003
   8.6904848492799847       -1.5925125829902235E-003
   8.7064545462399838       -1.7966878632987343E-003
   8.7224242431999830       -1.9358237184040213E-003
   8.7383939401599822       -2.0155806169171687E-003
   8.7543636371199813       -2.0416190274492592E-003
   8.7703333340799805       -2.0195994186113773E-003
   8.7863030310399797       -1.9551822590146064E-003
   8.8022727279999788       -1.8540280172700311E-003
   8.8182424249599780       -1.7217971619887342E-003
   8.8342121219199772       -1.5641501617818009E-003
   8.8501818188799763       -1.3867474852603124E-003
   8.8661515158399755       -1.1952496010353558E-003
   8.8821212127999747       -9.9531697771801093E-004
   8.8980909097599739       -7.9261008391936583E-004
   8.9140606067199730       -5.9278938825050329E-004
   8.9300303036799722       -4.0151535932250341E-004
   8.9460000006399714       -2.2444846574645380E-004
   8.9619696975999705       -6.7249176133438475E-005
   8.9779393945599697        6.4602275726326552E-005
   8.9939090915199689        1.6947320268631742E-004
   9.0098787884799680        2.4941992254542213E-004
   9.0258484854399672        3.0664726198261329E-004
   9.0418181823999664        3.4336004767686362E-004
   9.0577878793599655        3.6176310630714578E-004
   9.0737575763199647        3.6406126455243231E-004
   9.0897272732799639        3.5245934909169583E-004
   9.1056969702399631        3.2916218660390917E-004
   9.1216666671999622        2.9637460376804496E-004
   9.1376363641599614        2.5630142726307573E-004
   9.1536060611199606        2.1114748376797413E-004
   9.1695757580799597        1.6311759996171296E-004
   9.1855454550399589        1.1441660252326468E-004
   9.2015151519999581        6.7249318131602150E-005
   9.2174848489599572        2.3820573465697613E-005
   9.2334545459199564       -1.3691038403194363E-005
   9.2494242428799556       -4.4209025329805951E-005
   9.2653939398399547       -6.8138063497851309E-005
   9.2813636367999539       -8.5986959089341610E-005
   9.2973333337599531       -9.8264518286288053E-005
   9.3133030307199522       -1.0547954727070182E-004
   9.3292727276799514       -1.0814085222459411E-004
   9.3452424246399506       -1.0675723932997609E-004
   9.3612121215999498       -1.0183751476885898E-004
   9.3771818185599489       -9.3890484723253923E-005
   9.3931515155199481       -8.3424955375172128E-005
   9.4091212124799473       -7.0949732906624836E-005
   9.4250909094399464       -5.6973623499623166E-005
   9.4410606063999456       -4.2005433336178215E-005
   9.4570303033599448       -2.6553968598301390E-005
   9.4730000003199439       -1.1128035468003798E-005
   9.4889696972799431        3.7650173024861188E-006
   9.5049393942399423        1.7780864794735299E-005
   9.5209090911999414        3.0884873300987743E-005
   9.5368787881599406        4.3077042821243439E-005
   9.5528484851199398        5.4357373355502406E-005
   9.5688181820799389        6.4725864903764617E-005
   9.5847878790399381        7.4182517466030111E-005
   9.6007575759999373        8.2727331042298848E-005
   9.6167272729599365        9.0360305632570842E-005
   9.6326969699199356        9.7081441236846107E-005
   9.6486666668799348        1.0289073785512464E-004
   9.6646363638399340        1.0778819548740641E-004
   9.6806060607999331        1.1177381413369144E-004
   9.6965757577599323        1.1484759379397975E-004
   9.7125454547199315        1.1700953446827132E-004
   9.7285151516799306        1.1825963615656614E-004
   9.7444848486399298        1.1859789885886421E-004
   9.7604545455999290        1.1802432257516556E-004
   9.7764242425599281        1.1653890730547014E-004
   9.7923939395199273        1.1414165304977802E-004
   9.8083636364799265        1.1083255980808912E-004
   9.8243333334399257        1.0661162758040352E-004
   9.8403030303999248        1.0147885636672114E-004
   9.8562727273599240        9.5434246167042067E-005
   9.8722424243199232        8.8477796981366211E-005
   9.8882121212799223        8.0609508809693651E-005
   9.9041818182399215        7.1829381652024308E-005
   9.9201515151999207        6.2137415508358275E-005
   9.9361212121599198        5.1533610378695452E-005
   9.9520909091199190        4.0017966263035933E-005
   9.9680606060799182        2.7590483161379631E-005
   9.9840303030399173        1.4251161073726639E-005
