   2.0151515199999999        0.0000000000000000     
   2.0311212169599999      -0.68018476017876395     
   2.0470909139200000       -1.0495233879147399     
   2.0630606108800000       -1.1080158832079277     
   2.0790303078400001      -0.85566224605832775     
   2.0950000048000001      -0.29246247646593948     
   2.1109697017600002       0.56755870359545102     
   2.1269393987200003        1.5189951485836832     
   2.1429090956800003        2.2180244682087142     
   2.1588787926400004        2.3177424158101361     
   2.1748484896000004        1.4712447447275403     
   2.1908181865600005      -0.66399995141443036     
   2.2067878835200005       -3.8870263407374344     
   2.2227575804800006       -6.9334918114198532     
   2.2387272774400007       -8.4157791747993258     
   2.2546969744000007       -6.9462712422134931     
   2.2706666713600008       -1.1373508249999946     
   2.2866363683200008        10.004203142289262     
   2.3026060652800009        25.139662581039534     
   2.3185757622400009        42.076327879185811     
   2.3345454592000010        58.620217047035432     
   2.3505151561600011        72.577348094895740     
   2.3664848531200011        81.825788944905568     
   2.3824545500800012        85.943351218139739     
   2.3984242470400012        86.231596811164124     
   2.4143939440000013        84.068939143740749     
   2.4303636409600013        80.833791635631684     
   2.4463333379200014        77.904091593194508     
   2.4623030348800015        76.257309658109193     
   2.4782727318400015        75.742746920154872     
   2.4942424288000016        76.012477253018204     
   2.5102121257600016        76.718574530385865     
   2.5261818227200017        77.513112625944515     
   2.5421515196800017        78.072621625123304     
   2.5581212166400018        78.292316194944931     
   2.5740909136000019        78.182528049770639     
   2.5900606105600019        77.754618041872945     
   2.6060303075200020        77.019947023524423     
   2.6220000044800020        75.992259315824342     
   2.6379697014400021        74.799983150046401     
   2.6539393984000021        73.734691087419378     
   2.6699090953600022        73.100410253297227     
   2.6858787923200023        73.201167773033930     
   2.7018484892800023        74.340990771983456     
   2.7178181862400024        76.576802324442554     
   2.7337878832000024        78.944704089144324     
   2.7497575801600025        80.217227225096181     
   2.7657272771200025        79.166902574007850     
   2.7816969740800026        74.566260977589053     
   2.7976666710400027        65.310885206472904     
   2.8136363680000027        52.046676123324104     
   2.8296060649600028        36.721903236064549     
   2.8455757619200028        21.315836687257679     
   2.8615454588800029        7.8077466194669114     
   2.8775151558400029       -1.8302675963468593     
   2.8934848528000030       -6.6216337563386549     
   2.9094545497600031       -7.5961410594330001     
   2.9254242467200031       -6.0246076776856388     
   2.9413939436800032       -3.1778517831523136     
   2.9573636406400032      -0.32669154788877014     
   2.9733333376000033        1.4290241317466219     
   2.9893030345600033        2.0345343405398384     
   3.0052727315200034        1.8298523271532114     
   3.0212424284800035        1.1557249676458505     
   3.0372121254400035       0.35289913807685969     
   3.0531818224000036      -0.24605240971114858     
   3.0691515193600036      -0.51160461127249923     
   3.0851212163200037      -0.52600643329436969     
   3.1010909132800037      -0.38142720421647508     
   3.1170606102400038      -0.17003625247853010     
   3.1330303072000039        1.6021978960348671E-002
   3.1490000041600039       0.11169630654377455     
   3.1649697011200040       0.13068807275065827     
   3.1809393980800040       0.10092766160567590     
   3.1969090950400041        5.0345457133503461E-002
   3.2128787920000041        6.8718433588170827E-003
   3.2288484889600042       -4.6563756861948318E-003
   3.2448181859200043        1.1912565753458221E-002
   3.2607878828800043        3.7180172151864671E-002
   3.2767575798400044        5.1594219584692486E-002
   3.2927272768000044        3.5602484127609545E-002
   3.3086969737600045       -2.9827274238459118E-002
   3.3246666707200045      -0.13686323360289723     
   3.3406363676800046      -0.23835224831269405     
   3.3566060646400047      -0.28401581808149162     
   3.3725757616000047      -0.22357544262293197     
   3.3885454585600048       -6.7526216506570919E-003
   3.4045151555200048       0.38053075375235079     
   3.4204848524800049       0.79789865505826441     
   3.4364545494400049        1.0637896600638790     
   3.4524242464000050       0.99664196226826007     
   3.4683939433600051       0.41489375517047267     
   3.4843636403200051      -0.83181244913021279     
   3.5003333372800052       -2.4308796868543538     
   3.5163030342400052       -3.7153395518653483     
   3.5322727312000053       -4.0092234241788578     
   3.5482424281600053       -2.6365626838105447     
   3.5642121251200054        1.0724740072560714     
   3.5801818220800055        6.8304481529509573     
   3.5961515190400055        12.362398032649597     
   3.6121212160000056        15.146010980560893     
   3.6280909129600056        12.658974330893747     
   3.6440606099200057        2.3789754178570699     
   3.6600303068800057       -17.552237400275018     
   3.6760000038400058       -44.795665798253360     
   3.6919697008000059       -75.377117322421896     
   3.7079393977600059       -105.31870370076841     
   3.7239090947200060       -130.64253666128062     
   3.7398787916800060       -147.48543977772073     
   3.7558484886400061       -154.98806018232798     
   3.7718181856000061       -155.51312096097178     
   3.7877878825600062       -151.58177485308153     
   3.8037575795200063       -145.71517459808661     
   3.8197272764800063       -140.43399006029034     
   3.8356969734400064       -137.55790190298040     
   3.8516666704000064       -136.80392796459489     
   3.8676363673600065       -137.49649235487152     
   3.8836060643200065       -138.96001918354810     
   3.8995757612800066       -140.51893256036243     
   3.9155454582400067       -141.55104750187022     
   3.9315151552000067       -141.94772909723557     
   3.9474848521600068       -141.88700773700577     
   3.9634545491200068       -141.55003384910688     
   3.9794242460800069       -141.11795786146499     
   3.9953939430400069       -140.77036999470161     
   4.0113636400000070       -140.60010583053074     
   4.0273333369600071       -140.56933291584534     
   4.0433030339200071       -140.62941141325382     
   4.0592727308800072       -140.73170148536471     
   4.0752424278400072       -140.82756329478642     
   4.0912121248000073       -140.87767129251969     
   4.1071818217600073       -140.88374524370440     
   4.1231515187200074       -140.85880763269515     
   4.1391212156800075       -140.81588128882149     
   4.1550909126400075       -140.76798904141302     
   4.1710606096000076       -140.72758578866200     
   4.1870303065600076       -140.69833211141272     
   4.2030000035200077       -140.67696384618509     
   4.2189697004800077       -140.66002952135563     
   4.2349393974400078       -140.64407766530104     
   4.2509090944000079       -140.62566382572439     
   4.2668787913600079       -140.60258149278374     
   4.2828484883200080       -140.57527239527471     
   4.2988181852800080       -140.54451959129196     
   4.3147878822400081       -140.51110613893016     
   4.3307575792000081       -140.47581509628395     
   4.3467272761600082       -140.43934595028998     
   4.3626969731200083       -140.40185190920917     
   4.3786666700800083       -140.36326671722784     
   4.3946363670400084       -140.32352352418238     
   4.4106060640000084       -140.28255547990906     
   4.4265757609600085       -140.24029470103761     
   4.4425454579200085       -140.19664474828122     
   4.4585151548800086       -140.15147767942173     
   4.4744848518400087       -140.10466392784849     
   4.4904545488000087       -140.05607392695086     
   4.5064242457600088       -140.00557814497785     
   4.5223939427200088       -139.95311705931908     
   4.5383636396800089       -139.89884788079775     
   4.5543333366400089       -139.84296963328245     
   4.5703030336000090       -139.78568134064179     
   4.5862727305600091       -139.72718202674440     
   4.6022424275200091       -139.66764215380718     
   4.6182121244800092       -139.60694709084706     
   4.6341818214400092       -139.54481835854253     
   4.6501515184000093       -139.48097552214719     
   4.6661212153600093       -139.41513814691464     
   4.6820909123200094       -139.34703084165113     
   4.6980606092800095       -139.27668082832233     
   4.7140303062400095       -139.20458437929119     
   4.7300000032000096       -139.13127811534184     
   4.7459697001600096       -139.05729865725843     
   4.7619393971200097       -138.98318262582512     
   4.7779090940800097       -138.90911567690983     
   4.7938787910400098       -138.83368603856917     
   4.8098484880000099       -138.75502769809415     
   4.8258181849600099       -138.67127461091465     
   4.8417878819200100       -138.58056073246041     
   4.8577575788800100       -138.48123134696652     
   4.8737272758400101       -138.37504956034610     
   4.8896969728000101       -138.26654676803159     
   4.9056666697600102       -138.16033397601899     
   4.9216363667200103       -138.06102219030436     
   4.9376060636800103       -137.97320272827079     
   4.9535757606400104       -137.89751286878428     
   4.9695454576000104       -137.82587355169102     
   4.9855151545600105       -137.74904253997391     
   5.0014848515200105       -137.65777759661572     
   5.0174545484800106       -137.54283648459932     
   5.0334242454400107       -137.39858346987020     
   5.0493939424000107       -137.24376833156302     
   5.0653636393600108       -137.10724183033795     
   5.0813333363200108       -137.01788708415100     
   5.0973030332800109       -137.00458721095816     
   5.1132727302400109       -137.09414430302755     
   5.1292424272000110       -137.25257613030891     
   5.1452121241600111       -137.37693232656528     
   5.1611818211200111       -137.36053654643811     
   5.1771515180800112       -137.09671244456896     
   5.1931212150400112       -136.47881950394043     
   5.2090909120000113       -135.50452852606082     
   5.2250606089600113       -134.50483675160845     
   5.2410303059200114       -133.87718029513150     
   5.2570000028800115       -134.01899527117808     
   5.2729696998400115       -135.32771779429632     
   5.2889393968000116       -138.09375445975192     
   5.3049090937600116       -141.49841455834516     
   5.3208787907200117       -144.06679899106931     
   5.3368484876800117       -144.31545331743720     
   5.3528181846400118       -140.76092309696176     
   5.3687878816000119       -131.93345963202265     
   5.3847575785600119       -117.25310207425093     
   5.4007272755200120       -97.559305312567119     
   5.4166969724800120       -73.818452416607016     
   5.4326666694400121       -46.996926456006406     
   5.4486363664000121       -18.061110500401085     
   5.4646060633600122        12.022612380573150     
   5.4805757603200123        42.287859117280561     
   5.4965454572800123        71.768246640085295     
   5.5125151542400124        99.497391879351625     
   5.5284848512000124        124.50891176544366     
   5.5444545481600125        145.87426576884542     
   5.5604242451200125        163.30460682456547     
   5.5763939420800126        177.04402535865819     
   5.5923636390400127        187.35287976442737     
   5.6083333360000127        194.49152843517686     
   5.6243030329600128        198.72032976421053     
   5.6402727299200128        200.29964214483221     
   5.6562424268800129        199.48982397034573     
   5.6722121238400129        196.55123363405491     
   5.6881818208000130        191.74422952926361     
   5.7041515177600131        185.32917004927566     
   5.7201212147200131        177.56641358739489     
   5.7360909116800132        168.71631853692514     
   5.7520606086400132        159.03924329117032     
   5.7680303056000133        148.79554624343413     
   5.7840000025600133        138.24558578702050     
   5.7999696995200134        127.64652729170049     
   5.8159393964800135        117.15683662005696     
   5.8319090934400135        106.81979774406383     
   5.8478787904000136        96.672180470540980     
   5.8638484873600136        86.750754606308249     
   5.8798181843200137        77.092289958185532     
   5.8957878812800137        67.733556332992691     
   5.9117575782400138        58.711323537549575     
   5.9277272752000139        50.062361378676073     
   5.9436969721600139        41.823439663192019     
   5.9596666691200140        34.031328197917304     
   5.9756363660800140        26.722796789671776     
   5.9916060630400141        19.934615245275324     
   6.0075757600000141        13.703553371547784     
   6.0235454569600142        8.0663809753090447     
   6.0395151539200143        3.0598678633789689     
   6.0554848508800143       -1.2796142529638002     
   6.0714545478400144       -4.9437408730637662     
   6.0874242448000144       -7.9702390599506323     
   6.1033939417600145       -10.401114776663212     
   6.1193636387200145       -12.278373986240322     
   6.1353333356800146       -13.644022651720778     
   6.1513030326400147       -14.540066736143395     
   6.1672727296000147       -15.008512202546985     
   6.1832424265600148       -15.091365013970368     
   6.1992121235200148       -14.830631133452357     
   6.2151818204800149       -14.268316524031764     
   6.2311515174400149       -13.446427148747420     
   6.2471212144000150       -12.406968970638118     
   6.2630909113600151       -11.191947952742684     
   6.2790606083200151       -9.8433700580999339     
   6.2950303052800152       -8.4032412497486781     
   6.3110000022400152       -6.9135674907277354     
   6.3269696992000153       -5.4163547440759228     
   6.3429393961600153       -3.9536089728320638     
   6.3589090931200154       -2.5673361400349490     
   6.3748787900800155       -1.2995422087234096     
   6.3908484870400155      -0.19223314193627111     
   6.4068181840000156       0.71771967838543493     
   6.4227878809600156        1.4306162343195821     
   6.4387575779200157        1.9631177923464824     
   6.4547272748800157        2.3319565988719577     
   6.4706969718400158        2.5538649003018317     
   6.4866666688000159        2.6455749430419231     
   6.5026363657600159        2.6238189734980550     
   6.5186060627200160        2.5053292380760492     
   6.5345757596800160        2.3068379831817274     
   6.5505454566400161        2.0450774552209130     
   6.5665151536000161        1.7367799005994247     
   6.5824848505600162        1.3986775657230852     
   6.5984545475200163        1.0475026969977164     
   6.6144242444800163       0.69998754082914094     
   6.6303939414400164       0.37286434362318116     
   6.6463636384000164        8.2865351785657196E-002
   6.6623333353600165      -0.15441923060163157     
   6.6783030323200165      -0.33617043118618622     
   6.6942727292800166      -0.46757515457587490     
   6.7102424262400167      -0.55394362238971917     
   6.7262121232000167      -0.60058605624674122     
   6.7421818201600168      -0.61281267776596249     
   6.7581515171200168      -0.59593370856640504     
   6.7741212140800169      -0.55525937026709038     
   6.7900909110400169      -0.49609988448704051     
   6.8060606080000170      -0.42376547284527721     
   6.8220303049600171      -0.34356635696082183     
   6.8380000019200171      -0.26081275845269675     
   6.8539696988800172      -0.18081489893992353     
   6.8699393958400172      -0.10888300004152425     
   6.8859090928000173       -5.0327283376519968E-002
   6.9018787897600173       -1.0457970563932825E-002
   6.9178484867200174        5.6556818804993818E-003
   6.9338181836800175       -2.5953015113148654E-003
   6.9497878806400175       -3.1888875654803889E-002
   6.9657575776000176       -7.8768412164349766E-002
   6.9817272745600176      -0.13977728265433453     
   6.9976969715200177      -0.21145885873914028     
   7.0136666684800177      -0.29035651203314905     
   7.0296363654400178      -0.37301361415074286     
   7.0456060624000179      -0.45597353670630397     
   7.0615757593600179      -0.53577965131421401     
   7.0775454563200180      -0.60897532958885547     
   7.0935151532800180      -0.67210394314461042     
   7.1094848502400181      -0.72170886359586051     
   7.1254545472000181      -0.75433346255698830     
   7.1414242441600182      -0.76652111164237546     
   7.1573939411200183      -0.75481518246640433     
   7.1733636380800183      -0.71575904664345669     
   7.1893333350400184      -0.64589607578791497     
   7.2053030320000184      -0.54176964151416074     
   7.2212727289600185      -0.39992311543657649     
   7.2372424259200185      -0.21689986916954332     
   7.2532121228800186        1.0756485402873290E-002
   7.2691818198400187       0.28307698809396448     
   7.2851515168000187       0.58804678403588206     
   7.3011212137600188       0.91100446468216101     
   7.3170909107200188        1.2372886214863359     
   7.3330606076800189        1.5522378459019415     
   7.3490303046400189        1.8411907293825123     
   7.3650000016000190        2.0894858633815834     
   7.3809696985600191        2.2824618393526896     
   7.3969393955200191        2.4054572487493653     
   7.4129090924800192        2.4438106830251454     
   7.4288787894400192        2.3828607336335645     
   7.4448484864000193        2.2079459920281574     
   7.4608181833600193        1.9044050496624592     
   7.4767878803200194        1.4575764979900037     
   7.4927575772800195       0.85279892846432725     
   7.5087272742400195        7.5410932538962194E-002
   7.5246969712000196      -0.88032433023522672     
   7.5406666681600196       -1.9738841594532568     
   7.5566363651200197       -3.1498031176833581     
   7.5726060620800197       -4.3526083270520655     
   7.5885757590400198       -5.5268269096859175     
   7.6045454560000199       -6.6169859877114474     
   7.6205151529600199       -7.5676126832551907     
   7.6364848499200200       -8.3232341184436862     
   7.6524545468800200       -8.8283774154034695     
   7.6684242438400201       -9.0275696962610734     
   7.6843939408000201       -8.8653380831430368     
   7.7003636377600202       -8.2862096981758970     
   7.7163333347200203       -7.2347116634861850     
   7.7323030316800203       -5.6553711012004397     
   7.7482727286400204       -3.4927151334451962     
   7.7642424256000204      -0.69127088234699052     
   7.7802121225600205        2.7946680242542437     
   7.7961818195200205        6.9350335147206703     
   7.8121515164800206        11.664336086867607     
   7.8281212134400207        16.916885393483422     
   7.8440909104000207        22.626991087356487     
   7.8600606073600208        28.728962821275161     
   7.8760303043200208        35.157110248027820     
   7.8920000012800209        41.845743020402828     
   7.9079696982400209        48.729170791188544     
   7.9239393952000210        55.741703213173359     
   7.9399090921600211        62.817649939145610     
   7.9558787891200211        69.891320621893698     
   7.9718484860800212        76.897024914205957     
   7.9878181830400212        83.769072468870789     
   8.0037878800000204        90.441772938676181     
   8.0197575769600196        96.849435976410888     
   8.0357272739200187        102.92637123486327     
   8.0516969708800179        108.60688836682178     
   8.0676666678400171        113.82529702507472     
   8.0836363648000162        118.51590686241049     
   8.0996060617600154        122.61302753161748     
   8.1155757587200146        126.05140981366539     
   8.1315454556800137        128.80633459692859     
   8.1475151526400129        130.92569080463093     
   8.1634848496000121        132.46491599198123     
   8.1794545465600113        133.47944771418830     
   8.1954242435200104        134.02472352646089     
   8.2113939404800096        134.15618098400785     
   8.2273636374400088        133.92925764203795     
   8.2433333344000079        133.39939105575996     
   8.2593030313600071        132.62201878038275     
   8.2752727283200063        131.65257837111503     
   8.2912424252800054        130.54650738316565     
   8.3072121222400046        129.35924337174339     
   8.3231818192000038        128.14622389205707     
   8.3391515161600029        126.96288649931545     
   8.3551212131200021        125.86466874872735     
   8.3710909100800013        124.90696851430300     
   8.3870606070400004        124.12762694604204     
   8.4030303039999996        123.51942023315831     
   8.4190000009599988        123.06799468595825     
   8.4349696979199980        122.75899661474828     
   8.4509393948799971        122.57807232983481     
   8.4669090918399963        122.51086814152427     
   8.4828787887999955        122.54303036012308     
   8.4988484857599946        122.66020529593767     
   8.5148181827199938        122.84803925927446     
   8.5307878796799930        123.09217856043988     
   8.5467575766399921        123.37826950974033     
   8.5627272735999913        123.69195841748225     
   8.5786969705599905        124.01889159397207     
   8.5946666675199896        124.34471534951621     
   8.6106363644799888        124.65507599442107     
   8.6266060614399880        124.93561986719818     
   8.6425757583999872        125.17501606159617     
   8.6585454553599863        125.37326965752733     
   8.6745151523199855        125.53304262155314     
   8.6904848492799847        125.65699692023507     
   8.7064545462399838        125.74779452013462     
   8.7224242431999830        125.80809738781325     
   8.7383939401599822        125.84056748983244     
   8.7543636371199813        125.84786679275366     
   8.7703333340799805        125.83265726313839     
   8.7863030310399797        125.79760086754811     
   8.8022727279999788        125.74535957254430     
   8.8182424249599780        125.67859534468843     
   8.8342121219199772        125.59997015054198     
   8.8501818188799763        125.51214595666642     
   8.8661515158399755        125.41778472962322     
   8.8821212127999747        125.31954843597387     
   8.8980909097599739        125.22009904227986     
   8.9140606067199730        125.12209851510264     
   8.9300303036799722        125.02820882100369     
   8.9460000006399714        124.94109192654450     
   8.9619696975999705        124.86340979828654     
   8.9779393945599697        124.79773955175797     
   8.9939090915199689        124.74484695267773     
   9.0098787884799680        124.70376105529039     
   9.0258484854399672        124.67344099876041     
   9.0418181823999664        124.65284592225234     
   9.0577878793599655        124.64093496493066     
   9.0737575763199647        124.63666726595991     
   9.0897272732799639        124.63900196450456     
   9.1056969702399631        124.64689819972912     
   9.1216666671999622        124.65931511079813     
   9.1376363641599614        124.67521183687606     
   9.1536060611199606        124.69354751712743     
   9.1695757580799597        124.71328129071674     
   9.1855454550399589        124.73337229680851     
   9.2015151519999581        124.75277967456722     
   9.2174848489599572        124.77046256315741     
   9.2334545459199564        124.78539247909033     
   9.2494242428799556        124.79706092398459     
   9.2653939398399547        124.80565823334452     
   9.2813636367999539        124.81142387252004     
   9.2973333337599531        124.81459730686109     
   9.3133030307199522        124.81541800171759     
   9.3292727276799514        124.81412542243947     
   9.3452424246399506        124.81095903437668     
   9.3612121215999498        124.80615830287914     
   9.3771818185599489        124.79996269329678     
   9.3931515155199481        124.79261167097953     
   9.4091212124799473        124.78434470127731     
   9.4250909094399464        124.77540124954007     
   9.4410606063999456        124.76602078111773     
   9.4570303033599448        124.75644276136025     
   9.4730000003199439        124.74690665561751     
   9.4889696972799431        124.73765124160573     
   9.5049393942399423        124.72883838034163     
   9.5209090911999414        124.72048381662549     
   9.5368787881599406        124.71258695463774     
   9.5528484851199398        124.70514719855888     
   9.5688181820799389        124.69816395256933     
   9.5847878790399381        124.69163662084956     
   9.6007575759999373        124.68556460758003     
   9.6167272729599365        124.67994731694118     
   9.6326969699199356        124.67478415311349     
   9.6486666668799348        124.67007452027740     
   9.6646363638399340        124.66581782261335     
   9.6806060607999331        124.66201346430181     
   9.6965757577599323        124.65866084952324     
   9.7125454547199315        124.65575938245810     
   9.7285151516799306        124.65330846728683     
   9.7444848486399298        124.65130750818990     
   9.7604545455999290        124.64975590934776     
   9.7764242425599281        124.64865307494087     
   9.7923939395199273        124.64799840914966     
   9.8083636364799265        124.64779131615462     
   9.8243333334399257        124.64803120013619     
   9.8403030303999248        124.64871746527481     
   9.8562727273599240        124.64984951575097     
   9.8722424243199232        124.65142675574511     
   9.8882121212799223        124.65344858943766     
   9.9041818182399215        124.65591442100911     
   9.9201515151999207        124.65882365463990     
   9.9361212121599198        124.66217569451051     
   9.9520909091199190        124.66596994480135     
   9.9680606060799182        124.67020580969292     
   9.9840303030399173        124.67488269336563     
