   2.0151515199999999        1.1399999999999999     
   2.0311212169599999        1.1521113299845669     
   2.0470909139200000        1.1583066202954571     
   2.0630606108800000        1.1596797965984147     
   2.0790303078400001        1.1573247845591836     
   2.0950000048000001        1.1523355098435080     
   2.1109697017600002        1.1458724291702092     
   2.1269393987200003        1.1400038823286798     
   2.1429090956800003        1.1374548337846029     
   2.1588787926400004        1.1409648678406989     
   2.1748484896000004        1.1532735687996891     
   2.1908181865600005        1.1770997769046505     
   2.2067878835200005        1.2125840702122328     
   2.2227575804800006        1.2548225338910619     
   2.2387272774400007        1.2983264581006213     
   2.2546969744000007        1.3376071330003940     
   2.2706666713600008        1.3671758487498629     
   2.2866363683200008        1.3825636158349559     
   2.3026060652800009        1.3853307533541108     
   2.3185757622400009        1.3792455436173900     
   2.3345454592000010        1.3680795845519631     
   2.3505151561600011        1.3556044740849995     
   2.3664848531200011        1.3454934831749379     
   2.3824545500800012        1.3391002318425966     
   2.3984242470400012        1.3354259272448612     
   2.4143939440000013        1.3333668967805974     
   2.4303636409600013        1.3318194678486710     
   2.4463333379200014        1.3296803431129438     
   2.4623030348800015        1.3261618666789048     
   2.4782727318400015        1.3213655879097348     
   2.4942424288000016        1.3155485075165199     
   2.5102121257600016        1.3089676262103471     
   2.5261818227200017        1.3018799447023024     
   2.5421515196800017        1.2945301207172881     
   2.5581212166400018        1.2870524424430994     
   2.5740909136000019        1.2795230987944364     
   2.5900606105600019        1.2720177592827830     
   2.6060303075200020        1.2646120934196237     
   2.6220000044800020        1.2573797407705578     
   2.6379697014400021        1.2502966672379583     
   2.6539393984000021        1.2431998924298377     
   2.6699090953600022        1.2359158286868068     
   2.6858787923200023        1.2282708883494760     
   2.7018484892800023        1.2200914837584553     
   2.7178181862400024        1.2112695632705028     
   2.7337878832000024        1.2019678136964320     
   2.7497575801600025        1.1924188250333945     
   2.7657272771200025        1.1828551873626947     
   2.7816969740800026        1.1735094907656369     
   2.7976666710400027        1.1645911760234890     
   2.8136363680000027        1.1559804031087915     
   2.8296060649600028        1.1473123222425858     
   2.8455757619200028        1.1382162516122440     
   2.8615454588800029        1.1283215094051378     
   2.8775151558400029        1.1172601380274885     
   2.8934848528000030        1.1050423865868828     
   2.9094545497600031        1.0924407328401609     
   2.9254242467200031        1.0803192228869198     
   2.9413939436800032        1.0695419028267563     
   2.9573636406400032        1.0609728187592669     
   2.9733333376000033        1.0553027733816427     
   2.9893030345600033        1.0521635803012062     
   3.0052727315200034        1.0507870279216118     
   3.0212424284800035        1.0504041612608639     
   3.0372121254400035        1.0502460253369663     
   3.0531818224000036        1.0495634959244644     
   3.0691515193600036        1.0481000507144433     
   3.0851212163200037        1.0461129397779987     
   3.1010909132800037        1.0438834803857819     
   3.1170606102400038        1.0416929898084455     
   3.1330303072000039        1.0398226531951187     
   3.1490000041600039        1.0384098126755335     
   3.1649697011200040        1.0371736989605729     
   3.1809393980800040        1.0357579982033878     
   3.1969090950400041        1.0338063965571298     
   3.2128787920000041        1.0309625801749500     
   3.2288484889600042        1.0269176702693079     
   3.2448181859200043        1.0218026268463054     
   3.2607878828800043        1.0159868480865564     
   3.2767575798400044        1.0098420893477038     
   3.2927272768000044        1.0037401059873909     
   3.3086969737600045       0.99804721544504194     
   3.3246666707200045       0.99284879459573716     
   3.3406363676800046       0.98781900346611951     
   3.3566060646400047       0.98259931756562180     
   3.3725757616000047       0.97683121240367699     
   3.3885454585600048       0.97015616348971800     
   3.4045151555200048       0.96231693424425002     
   3.4204848524800049       0.95348844741938976     
   3.4364545494400049       0.94396086160682002     
   3.4524242464000050       0.93402433647348015     
   3.4683939433600051       0.92396903168630984     
   3.4843636403200051       0.91407345926764505     
   3.5003333372800052       0.90444332410405914     
   3.5163030342400052       0.89505205475617655     
   3.5322727312000053       0.88586972027231869     
   3.5482424281600053       0.87686638970080666     
   3.5642121251200054       0.86801186247036166     
   3.5801818220800055       0.85923388377280396     
   3.5961515190400055       0.85037288405383393     
   3.6121212160000056       0.84125842727733513     
   3.6280909129600056       0.83172007740719123     
   3.6440606099200057       0.82158739840728590     
   3.6600303068800057       0.81074062764002142     
   3.6760000038400058       0.79938028767134461     
   3.6919697008000059       0.78783168002684845     
   3.7079393977600059       0.77642038825391202     
   3.7239090947200060       0.76547199589991455     
   3.7398787916800060       0.75529999059836406     
   3.7558484886400061       0.74590111857909758     
   3.7718181856000061       0.73693237080989404     
   3.7877878825600062       0.72803403247343079     
   3.8037575795200063       0.71884638875238493     
   3.8197272764800063       0.70900983068842638     
   3.8356969734400064       0.69831842468700445     
   3.8516666704000064       0.68702719642946919     
   3.8676363673600065       0.67547723852086705     
   3.8836060643200065       0.66400964356624403     
   3.8995757612800066       0.65296550417064647     
   3.9155454582400067       0.64265016856254009     
   3.9315151552000067       0.63302517123351509     
   3.9474848521600068       0.62386012874201768     
   3.9634545491200068       0.61492256883029550     
   3.9794242460800069       0.60598001924059619     
   3.9953939430400069       0.59680296243799846     
   4.0113636400000070       0.58732617694717681     
   4.0273333369600071       0.57773190060456736     
   4.0433030339200071       0.56822283828646536     
   4.0592727308800072       0.55900169486916607     
   4.0752424278400072       0.55027117522896452     
   4.0912121248000073       0.54217432446990854     
   4.1071818217600073       0.53459128472479978     
   4.1231515187200074       0.52732980208009383     
   4.1391212156800075       0.52019762041261663     
   4.1550909126400075       0.51300248359919376     
   4.1710606096000076       0.50556497646515453     
   4.1870303065600076       0.49790452374576638     
   4.2030000035200077       0.49019711895626511     
   4.2189697004800077       0.48262299065741049     
   4.2349393974400078       0.47536236740996252     
   4.2509090944000079       0.46859494269555585     
   4.2668787913600079       0.46240604237142274     
   4.2828484883200080       0.45667911862280625     
   4.2988181852800080       0.45127160430346985     
   4.3147878822400081       0.44604093226717700     
   4.3307575792000081       0.44084453536769125     
   4.3467272761600082       0.43555425332700554     
   4.3626969731200083       0.43013609908527128     
   4.3786666700800083       0.42459391908976979     
   4.3946363670400084       0.41893166224804534     
   4.4106060640000084       0.41315327746764258     
   4.4265757609600085       0.40726473706417921     
   4.4425454579200085       0.40132793660413851     
   4.4585151548800086       0.39546646627106996     
   4.4744848518400087       0.38980709742144992     
   4.4904545488000087       0.38447660141175494     
   4.5064242457600088       0.37960172289444949     
   4.5223939427200088       0.37525557650308539     
   4.5383636396800089       0.37134524972060357     
   4.5543333366400089       0.36774579943508257     
   4.5703030336000090       0.36433228253460093     
   4.5862727305600091       0.36097975590723702     
   4.6022424275200091       0.35756993959514655     
   4.6182121244800092       0.35405106309644019     
   4.6341818214400092       0.35040958012449974     
   4.6501515184000093       0.34663240057421996     
   4.6661212153600093       0.34270643434049558     
   4.6820909123200094       0.33861976658652504     
   4.6980606092800095       0.33443099857372821     
   4.7140303062400095       0.33030803151576810     
   4.7300000032000096       0.32642816877273706     
   4.7459697001600096       0.32296871370472763     
   4.7619393971200097       0.32010696967183222     
   4.7779090940800097       0.31789265587971444     
   4.7938787910400098       0.31579478825819141     
   4.8098484880000099       0.31311725533743479     
   4.8258181849600099       0.30916393406530635     
   4.8417878819200100       0.30323870138966780     
   4.8577575788800100       0.29470282396555786     
   4.8737272758400101       0.28384573242977695     
   4.8896969728000101       0.27170863058483780     
   4.9056666697600102       0.25935434175138972     
   4.9216363667200103       0.24784568925008205     
   4.9376060636800103       0.23824277424840451     
   4.9535757606400104       0.23105901143831239     
   4.9695454576000104       0.22560269203160571     
   4.9855151545600105       0.22102128608037180     
   5.0014848515200105       0.21646226363669815     
   5.0174545484800106       0.21107309475267211     
   5.0334242454400107       0.20412132667281535     
   5.0493939424000107       0.19568641335298345     
   5.0653636393600108       0.18618411722152933     
   5.0813333363200108       0.17603127803109089     
   5.0973030332800109       0.16564473553430611     
   5.1132727302400109       0.15543427573033494     
   5.1292424272000110       0.14560365274306339     
   5.1452121241600111       0.13612284932424135     
   5.1611818211200111       0.12694921881006638     
   5.1771515180800112       0.11804011453673599     
   5.1931212150400112       0.10935287536973706     
   5.2090909120000113       0.10080270987045861     
   5.2250606089600113        9.2170199366691380E-002
   5.2410303059200114        8.3209091185854747E-002
   5.2570000028800115        7.3673132655368095E-002
   5.2729696998400115        6.3316071102650834E-002
   5.2889393968000116        5.2008083971956033E-002
   5.3049090937600116        4.0825860047628657E-002
   5.3208787907200117        3.1559932481480750E-002
   5.3368484876800117        2.6010141198024035E-002
   5.3528181846400118        2.5976326121770213E-002
   5.3687878816000119        3.3241591933989241E-002
   5.3847575785600119        4.8502577865995447E-002
   5.4007272755200120        7.0722761520760263E-002
   5.4166969724800120        9.8710636273173169E-002
   5.4326666694400121       0.13127469549812368     
   5.4486363664000121       0.16722343257050135     
   5.4646060633600122       0.20536534086519562     
   5.4805757603200123       0.24450891375709605     
   5.4965454572800123       0.28346264462109216     
   5.5125151542400124       0.32103502683207341     
   5.5284848512000124       0.35603455376492932     
   5.5444545481600125       0.38731692175484150     
   5.5604242451200125       0.41453574992730990     
   5.5763939420800126       0.43800941794315801     
   5.5923636390400127       0.45807659734133610     
   5.6083333360000127       0.47507595966079424     
   5.6243030329600128       0.48934617644048267     
   5.6402727299200128       0.50122591921935156     
   5.6562424268800129       0.51105385953635107     
   5.6722121238400129       0.51916866893043145     
   5.6881818208000130       0.52590901894054287     
   5.7041515177600131       0.53161358110563528     
   5.7201212147200131       0.53662102696465930     
   5.7360909116800132       0.54127002805656466     
   5.7520606086400132       0.54589925592030175     
   5.7680303056000133       0.55084738209482076     
   5.7840000025600133       0.55645307811907185     
   5.7999696995200134       0.56304973810494241     
   5.8159393964800135       0.57080762568783405     
   5.8319090934400135       0.57970663195486760     
   5.8478787904000136       0.58971588138555087     
   5.8638484873600136       0.60080449845939143     
   5.8798181843200137       0.61294160765589711     
   5.8957878812800137       0.62609633345457549     
   5.9117575782400138       0.64023780033493449     
   5.9277272752000139       0.65533513277648159     
   5.9436969721600139       0.67135745525872470     
   5.9596666691200140       0.68827389226117142     
   5.9756363660800140       0.70605356826332955     
   5.9916060630400141       0.72466560774470667     
   6.0075757600000141       0.74407913518481061     
   6.0235454569600142       0.76426327506314906     
   6.0395151539200143       0.78518715185922972     
   6.0554848508800143       0.80682002460105906     
   6.0714545478400144       0.82914063172470576     
   6.0874242448000144       0.85214327619313346     
   6.1033939417600145       0.87582370715373381     
   6.1193636387200145       0.90017767375389812     
   6.1353333356800146       0.92520092514101804     
   6.1513030326400147       0.95088921046248487     
   6.1672727296000147       0.97723827886569004     
   6.1832424265600148        1.0042438794980251     
   6.1992121235200148        1.0319017615068815     
   6.2151818204800149        1.0602076740396507     
   6.2311515174400149        1.0891573662437242     
   6.2471212144000150        1.1187465872664935     
   6.2630909113600151        1.1489710862553499     
   6.2790606083200151        1.1798266123576848     
   6.2950303052800152        1.2113089147208900     
   6.3110000022400152        1.2434137424923568     
   6.3269696992000153        1.2761368448194765     
   6.3429393961600153        1.3094739708496408     
   6.3589090931200154        1.3434208697302412     
   6.3748787900800155        1.3779732906086688     
   6.3908484870400155        1.4131269826323156     
   6.4068181840000156        1.4488791624476405     
   6.4227878809600156        1.4852376705360402     
   6.4387575779200157        1.5222150235480385     
   6.4547272748800157        1.5598237584207169     
   6.4706969718400158        1.5980764120911564     
   6.4866666688000159        1.6369855214964386     
   6.5026363657600159        1.6765636235736450     
   6.5186060627200160        1.7168232552598564     
   6.5345757596800160        1.7577769534921543     
   6.5505454566400161        1.7994372552076205     
   6.5665151536000161        1.8418166973433356     
   6.5824848505600162        1.8849278168363814     
   6.5984545475200163        1.9287831506238393     
   6.6144242444800163        1.9733952356427902     
   6.6303939414400164        2.0187766088303158     
   6.6463636384000164        2.0649398071234972     
   6.6623333353600165        2.1118967968380833     
   6.6783030323200165        2.1596531631451743     
   6.6942727292800166        2.2082104910802509     
   6.7102424262400167        2.2575703040634627     
   6.7262121232000167        2.3077341255149588     
   6.7421818201600168        2.3587034788548884     
   6.7581515171200168        2.4104798875034010     
   6.7741212140800169        2.4630648748806454     
   6.7900909110400169        2.5164599644067711     
   6.8060606080000170        2.5706666795019273     
   6.8220303049600171        2.6256865435862631     
   6.8380000019200171        2.6815210800799272     
   6.8539696988800172        2.7381718124030696     
   6.8699393958400172        2.7956402639758395     
   6.8859090928000173        2.8539279582183856     
   6.9018787897600173        2.9130364185508575     
   6.9178484867200174        2.9729679840873975     
   6.9338181836800175        3.0337400924954654     
   6.9497878806400175        3.0953834883894982     
   6.9657575776000176        3.1579293719635522     
   6.9817272745600176        3.2214089434116846     
   6.9976969715200177        3.2858534029279531     
   7.0136666684800177        3.3512939507064146     
   7.0296363654400178        3.4177617869411256     
   7.0456060624000179        3.4852881118261441     
   7.0615757593600179        3.5539041255555266     
   7.0775454563200180        3.6236410283233305     
   7.0935151532800180        3.6945300203236124     
   7.1094848502400181        3.7666023017504298     
   7.1254545472000181        3.8398890727978392     
   7.1414242441600182        3.9144215336598984     
   7.1573939411200183        3.9902308845306642     
   7.1733636380800183        4.0673483256041942     
   7.1893333350400184        4.1458050570745444     
   7.2053030320000184        4.2256322791357732     
   7.2212727289600185        4.3068611919819357     
   7.2372424259200185        4.3895229958070914     
   7.2532121228800186        4.4736488901615212     
   7.2691818198400187        4.5592608967781425     
   7.2851515168000187        4.6463487618337389     
   7.3011212137600188        4.7348951403762056     
   7.3170909107200188        4.8248826874534361     
   7.3330606076800189        4.9162940581133237     
   7.3490303046400189        5.0091119074037618     
   7.3650000016000190        5.1033188903726439     
   7.3809696985600191        5.1988976620678642     
   7.3969393955200191        5.2958308775373162     
   7.4129090924800192        5.3941011918288941     
   7.4288787894400192        5.4936912599904897     
   7.4448484864000193        5.5945837370699980     
   7.4608181833600193        5.6967612781153134     
   7.4767878803200194        5.8002065381743275     
   7.4927575772800195        5.9049021722949346     
   7.5087272742400195        6.0108308355250299     
   7.5246969712000196        6.1179850331451124     
   7.5406666681600196        6.2264083280591791     
   7.5566363651200197        6.3361607757828429     
   7.5726060620800197        6.4473024400438907     
   7.5885757590400198        6.5598933845701097     
   7.6045454560000199        6.6739936730892859     
   7.6205151529600199        6.7896633693292054     
   7.6364848499200200        6.9069625370176544     
   7.6524545468800200        7.0259512398824207     
   7.6684242438400201        7.1466895416512886     
   7.6843939408000201        7.2692375060520460     
   7.7003636377600202        7.3936551968124791     
   7.7163333347200203        7.5200026776603739     
   7.7323030316800203        7.6483400123235166     
   7.7482727286400204        7.7787272645296941     
   7.7642424256000204        7.9112244980066926     
   7.7802121225600205        8.0458870625361474     
   7.7961818195200205        8.1827337342613671     
   7.8121515164800206        8.3217661926565842     
   7.8281212134400207        8.4629860202552578     
   7.8440909104000207        8.6063947995908467     
   7.8600606073600208        8.7519941131968100     
   7.8760303043200208        8.8997855436066029     
   7.8920000012800209        9.0497706733536862     
   7.9079696982400209        9.2019510849715171     
   7.9239393952000210        9.3563283609935546     
   7.9399090921600211        9.5129040839532557     
   7.9558787891200211        9.6716798363840795     
   7.9718484860800212        9.8326572008194830     
   7.9878181830400212        9.9958377597929271     
   8.0037878800000204        10.161223095837858     
   8.0197575769600196        10.328814791487744     
   8.0357272739200187        10.498614429276044     
   8.0516969708800179        10.670623591736215     
   8.0676666678400171        10.844843861401715     
   8.0836363648000162        11.021276820806005     
   8.0996060617600154        11.199924052482540     
   8.1155757587200146        11.380787271737695     
   8.1315454556800137        11.563880392827624     
   8.1475151526400129        11.749239183929607     
   8.1634848496000121        11.936901685245068     
   8.1794545465600113        12.126905936975433     
   8.1954242435200104        12.319289979322127     
   8.2113939404800096        12.514091852486571     
   8.2273636374400088        12.711349596670191     
   8.2433333344000079        12.911101252074412     
   8.2593030313600071        13.113384858900657     
   8.2752727283200063        13.318238457350351     
   8.2912424252800054        13.525700087624918     
   8.3072121222400046        13.735807789925781     
   8.3231818192000038        13.948599604454365     
   8.3391515161600029        14.164113571412095     
   8.3551212131200021        14.382387731000394     
   8.3710909100800013        14.603460126384633     
   8.3870606070400004        14.827370112110623     
   8.4030303039999996        15.054160408802533     
   8.4190000009599988        15.283874269643091     
   8.4349696979199980        15.516554947815026     
   8.4509393948799971        15.752245696501072     
   8.4669090918399963        15.990989768883956     
   8.4828787887999955        16.232830418146413     
   8.4988484857599946        16.477810897471169     
   8.5148181827199938        16.725974460040955     
   8.5307878796799930        16.977364359038507     
   8.5467575766399921        17.232023847646548     
   8.5627272735999913        17.489996179047818     
   8.5786969705599905        17.751324606425037     
   8.5946666675199896        18.016052382960943     
   8.6106363644799888        18.284222761838265     
   8.6266060614399880        18.555878996263946     
   8.6425757583999872        18.831066934381074     
   8.6585454553599863        19.109842155904733     
   8.6745151523199855        19.392262521399982     
   8.6904848492799847        19.678385891431880     
   8.7064545462399838        19.968270126565479     
   8.7224242431999830        20.261973087365842     
   8.7383939401599822        20.559552634398020     
   8.7543636371199813        20.861066628227078     
   8.7703333340799805        21.166572929418066     
   8.7863030310399797        21.476129398536045     
   8.8022727279999788        21.789793896146072     
   8.8182424249599780        22.107624282813202     
   8.8342121219199772        22.429678419102494     
   8.8501818188799763        22.756014165579003     
   8.8661515158399755        23.086689382807791     
   8.8821212127999747        23.421761931353906     
   8.8980909097599739        23.761289671782414     
   8.9140606067199730        24.105330464658373     
   8.9300303036799722        24.453942170546835     
   8.9460000006399714        24.807182650012855     
   8.9619696975999705        25.165109763621494     
   8.9779393945599697        25.527782043813264     
   8.9939090915199689        25.895272365829513     
   9.0098787884799680        26.267667356704138     
   9.0258484854399672        26.645054197079205     
   9.0418181823999664        27.027520067596793     
   9.0577878793599655        27.415152148898972     
   9.0737575763199647        27.808037621627815     
   9.0897272732799639        28.206263666425397     
   9.1056969702399631        28.609917463933787     
   9.1216666671999622        29.019086194795058     
   9.1376363641599614        29.433857039651286     
   9.1536060611199606        29.854317179144537     
   9.1695757580799597        30.280553793916894     
   9.1855454550399589        30.712654064610419     
   9.2015151519999581        31.150705171867191     
   9.2174848489599572        31.594794296329280     
   9.2334545459199564        32.045008240637152     
   9.2494242428799556        32.501417927193806     
   9.2653939398399547        32.964072936160122     
   9.2813636367999539        33.433021347281674     
   9.2973333337599531        33.908311240304023     
   9.3133030307199522        34.389990694972752     
   9.3292727276799514        34.878107791033429     
   9.3452424246399506        35.372710608231628     
   9.3612121215999498        35.873847226312918     
   9.3771818185599489        36.381565725022881     
   9.3931515155199481        36.895914184107070     
   9.4091212124799473        37.416940683311076     
   9.4250909094399464        37.944693302380458     
   9.4410606063999456        38.479220121060791     
   9.4570303033599448        39.020569219097659     
   9.4730000003199439        39.568788676236615     
   9.4889696972799431        40.123926593223437     
   9.5049393942399423        40.686033419823957     
   9.5209090911999414        41.255164068162983     
   9.5368787881599406        41.831373949404487     
   9.5528484851199398        42.414718474712430     
   9.5688181820799389        43.005253055250769     
   9.5847878790399381        43.603033102183474     
   9.6007575759999373        44.208114026674501     
   9.6167272729599365        44.820551239887820     
   9.6326969699199356        45.440400152987380     
   9.6486666668799348        46.067716177137157     
   9.6646363638399340        46.702554723501109     
   9.6806060607999331        47.344971203243198     
   9.6965757577599323        47.995021027527386     
   9.7125454547199315        48.652759607517638     
   9.7285151516799306        49.318242354377908     
   9.7444848486399298        49.991524679272167     
   9.7604545455999290        50.672661993364372     
   9.7764242425599281        51.361709707818491     
   9.7923939395199273        52.058723233798482     
   9.8083636364799265        52.763757982468313     
   9.8243333334399257        53.476869364991941     
   9.8403030303999248        54.198112792533323     
   9.8562727273599240        54.927543676256434     
   9.8722424243199232        55.665217427325231     
   9.8882121212799223        56.411189456903671     
   9.9041818182399215        57.165515176155729     
   9.9201515151999207        57.928249996245356     
   9.9361212121599198        58.699449328336513     
   9.9520909091199190        59.479168583593179     
   9.9680606060799182        60.267463173179294     
   9.9840303030399173        61.064388508258837     
