   2.0151515199999999       -63.960000000000001     
   2.0311212169599999       -63.773656422017247     
   2.0470909139200000       -63.589440562130683     
   2.0630606108800000       -63.407867207600688     
   2.0790303078400001       -63.229451145687626     
   2.0950000048000001       -63.054707163651884     
   2.1109697017600002       -62.884139713126828     
   2.1269393987200003       -62.718112205730009     
   2.1429090956800003       -62.556886046160095     
   2.1588787926400004       -62.400720367917934     
   2.1748484896000004       -62.249874304504360     
   2.1908181865600005       -62.104610212018599     
   2.2067878835200005       -61.965590980671983     
   2.2227575804800006       -61.834263164761921     
   2.2387272774400007       -61.712164166735775     
   2.2546969744000007       -61.600831389040927     
   2.2706666713600008       -61.501802234124746     
   2.2866363683200008       -61.415909158225972     
   2.3026060652800009       -61.339816476440255     
   2.3185757622400009       -61.268662109562314     
   2.3345454592000010       -61.197581686256704     
   2.3505151561600011       -61.121710835187997     
   2.3664848531200011       -61.036356598648091     
   2.3824545500800012       -60.940869871663629     
   2.3984242470400012       -60.838702515936333     
   2.4143939440000013       -60.733489230287702     
   2.4303636409600013       -60.628864713539222     
   2.4463333379200014       -60.528462336536627     
   2.4623030348800015       -60.434798488304722     
   2.4782727318400015       -60.347242866791170     
   2.4942424288000016       -60.264615063694102     
   2.5102121257600016       -60.185734670711646     
   2.5261818227200017       -60.109421279541927     
   2.5421515196800017       -60.034596255404580     
   2.5581212166400018       -59.961091010430970     
   2.5740909136000019       -59.889216011620675     
   2.5900606105600019       -59.819286008688458     
   2.6060303075200020       -59.751615751349071     
   2.6220000044800020       -59.686519930272880     
   2.6379697014400021       -59.624310395126848     
   2.6539393984000021       -59.565294954090376     
   2.6699090953600022       -59.509781106812611     
   2.6858787923200023       -59.458076352942662     
   2.7018484892800023       -59.410488192129677     
   2.7178181862400024       -59.366651497111725     
   2.7337878832000024       -59.323422424727482     
   2.7497575801600025       -59.276939682585983     
   2.7657272771200025       -59.223341977432540     
   2.7816969740800026       -59.158768016012495     
   2.7976666710400027       -59.079744795333468     
   2.8136363680000027       -58.988322439728357     
   2.8296060649600028       -58.890660696737925     
   2.8455757619200028       -58.793017136380499     
   2.8615454588800029       -58.701649328674428     
   2.8775151558400029       -58.622793516469983     
   2.8934848528000030       -58.559725065270769     
   2.9094545497600031       -58.509752059904457     
   2.9254242467200031       -58.469465721561043     
   2.9413939436800032       -58.435457271430501     
   2.9573636406400032       -58.404317930702817     
   2.9733333376000033       -58.373045949858579     
   2.9893030345600033       -58.341127637059174     
   3.0052727315200034       -58.308989145635337     
   3.0212424284800035       -58.277058375476280     
   3.0372121254400035       -58.245763226471219     
   3.0531818224000036       -58.215519114454956     
   3.0691515193600036       -58.186431347621209     
   3.0851212163200037       -58.158281799082623     
   3.1010909132800037       -58.130837190929817     
   3.1170606102400038       -58.103864245253426     
   3.1330303072000039       -58.077129757163675     
   3.1490000041600039       -58.050480019487289     
   3.1649697011200040       -58.023992402674232     
   3.1809393980800040       -57.997786028382549     
   3.1969090950400041       -57.971980018270287     
   3.2128787920000041       -57.946693493995490     
   3.2288484889600042       -57.922021970633175     
   3.2448181859200043       -57.897842072607659     
   3.2607878828800043       -57.873911762942932     
   3.2767575798400044       -57.849987831587704     
   3.2927272768000044       -57.825827068490682     
   3.3086969737600045       -57.801188681780047     
   3.3246666707200045       -57.775956810610126     
   3.3406363676800046       -57.750198457521165     
   3.3566060646400047       -57.723995159480964     
   3.3725757616000047       -57.697428453457334     
   3.3885454585600048       -57.670579876418053     
   3.4045151555200048       -57.643505283433477     
   3.4204848524800049       -57.616150954092340     
   3.4364545494400049       -57.588433949540772     
   3.4524242464000050       -57.560271330652277     
   3.4683939433600051       -57.531580158300379     
   3.4843636403200051       -57.502289616578210     
   3.5003333372800052       -57.472508752455319     
   3.5163030342400052       -57.442484290088949     
   3.5322727312000053       -57.412466450318028     
   3.5482424281600053       -57.382705453981472     
   3.5642121251200054       -57.353450021171170     
   3.5801818220800055       -57.324714791177392     
   3.5961515190400055       -57.296028395048005     
   3.6121212160000056       -57.266858979205274     
   3.6280909129600056       -57.236674690071467     
   3.6440606099200057       -57.204943674068836     
   3.6600303068800057       -57.171222413483747     
   3.6760000038400058       -57.135625724383964     
   3.6919697008000059       -57.098485942434188     
   3.7079393977600059       -57.060135894930610     
   3.7239090947200060       -57.020908409169422     
   3.7398787916800060       -56.981129956502762     
   3.7558484886400061       -56.940960572686116     
   3.7718181856000061       -56.900381764968458     
   3.7877878825600062       -56.859366262342157     
   3.8037575795200063       -56.817886793799616     
   3.8197272764800063       -56.775916058655220     
   3.8356969734400064       -56.733383672707959     
   3.8516666704000064       -56.690090019942680     
   3.8676363673600065       -56.645811355130924     
   3.8836060643200065       -56.600323933044230     
   3.8995757612800066       -56.553404008454145     
   3.9155454582400067       -56.504851132259923     
   3.9315151552000067       -56.454688933369418     
   3.9474848521600068       -56.403066121755195     
   3.9634545491200068       -56.350132768760041     
   3.9794242460800069       -56.296038945726707     
   3.9953939430400069       -56.240933769900955     
   4.0113636400000070       -56.184913306385170     
   4.0273333369600071       -56.127993714245477     
   4.0433030339200071       -56.070184543623036     
   4.0592727308800072       -56.011495344659004     
   4.0752424278400072       -55.951935667494531     
   4.0912121248000073       -55.891485180546901     
   4.1071818217600073       -55.829991872314082     
   4.1231515187200074       -55.767267470366718     
   4.1391212156800075       -55.703123701168707     
   4.1550909126400075       -55.637372291183937     
   4.1710606096000076       -55.569830470194695     
   4.1870303065600076       -55.500400685934984     
   4.2030000035200077       -55.429052487711850     
   4.2189697004800077       -55.355757239869895     
   4.2349393974400078       -55.280486306753723     
   4.2509090944000079       -55.203211602129961     
   4.2668787913600079       -55.124001936936168     
   4.2828484883200080       -55.043133407053375     
   4.2988181852800080       -54.960908825148429     
   4.3147878822400081       -54.877631003888197     
   4.3307575792000081       -54.793602755939517     
   4.3467272761600082       -54.709056761257152     
   4.3626969731200083       -54.623767264062977     
   4.3786666700800083       -54.537324334862497     
   4.3946363670400084       -54.449317545384112     
   4.4106060640000084       -54.359336467356215     
   4.4265757609600085       -54.266980409662082     
   4.4425454579200085       -54.172117798107962     
   4.4585151548800086       -54.074913948706836     
   4.4744848518400087       -53.975549486085825     
   4.4904545488000087       -53.874205034872062     
   4.5064242457600088       -53.771061208382967     
   4.5223939427200088       -53.666275906519239     
   4.5383636396800089       -53.559936713266396     
   4.5543333366400089       -53.452117646993834     
   4.5703030336000090       -53.342892726070943     
   4.5862727305600091       -53.232335968867119     
   4.6022424275200091       -53.120511587239939     
   4.6182121244800092       -53.007385907607450     
   4.6341818214400092       -52.892868999813949     
   4.6501515184000093       -52.776870262317587     
   4.6661212153600093       -52.659299093576514     
   4.6820909123200094       -52.540064848174680     
   4.6980606092800095       -52.419074248243511     
   4.7140303062400095       -52.296229935613034     
   4.7300000032000096       -52.171434201119624     
   4.7459697001600096       -52.044589335599639     
   4.7619393971200097       -51.915597629889454     
   4.7779090940800097       -51.784445973581228     
   4.7938787910400098       -51.651506310154389     
   4.8098484880000099       -51.517260076094161     
   4.8258181849600099       -51.382188715565775     
   4.8417878819200100       -51.246773672734463     
   4.8577575788800100       -51.111458829755037     
   4.8737272758400101       -50.976080578225776     
   4.8896969728000101       -50.839983268351602     
   4.9056666697600102       -50.702497100194414     
   4.9216363667200103       -50.562952273816094     
   4.9376060636800103       -50.420680869842208     
   4.9535757606400104       -50.275392640049034     
   4.9695454576000104       -50.127629879895444     
   4.9855151545600105       -49.978045986020170     
   5.0014848515200105       -49.827294355061937     
   5.0174545484800106       -49.676028383659492     
   5.0334242454400107       -49.524801875852631     
   5.0493939424000107       -49.373495236363432     
   5.0653636393600108       -49.221709934054992     
   5.0813333363200108       -49.069046544252458     
   5.0973030332800109       -48.915105642281020     
   5.1132727302400109       -48.759502504438707     
   5.1292424272000110       -48.602281805218396     
   5.1452121241600111       -48.443975430157714     
   5.1611818211200111       -48.285141586198321     
   5.1771515180800112       -48.126338480281902     
   5.1931212150400112       -47.968124259135216     
   5.2090909120000113       -47.810881758616958     
   5.2250606089600113       -47.654433609344231     
   5.2410303059200114       -47.498490781408549     
   5.2570000028800115       -47.342764244901431     
   5.2729696998400115       -47.186964969914385     
   5.2889393968000116       -47.030854396381194     
   5.3049090937600116       -46.874716959820304     
   5.3208787907200117       -46.719146531260549     
   5.3368484876800117       -46.564741016007844     
   5.3528181846400118       -46.412098319368084     
   5.3687878816000119       -46.261811142386918     
   5.3847575785600119       -46.114134321347663     
   5.4007272755200120       -45.968783720731452     
   5.4166969724800120       -45.825427008632310     
   5.4326666694400121       -45.683731853144288     
   5.4486363664000121       -45.543365922361417     
   5.4646060633600122       -45.403996884377740     
   5.4805757603200123       -45.265292407287298     
   5.4965454572800123       -45.126920159184117     
   5.5125151542400124       -44.988547808162238     
   5.5284848512000124       -44.849843022315710     
   5.5444545481600125       -44.710489976973463     
   5.5604242451200125       -44.570451887144401     
   5.5763939420800126       -44.429924439662123     
   5.5923636390400127       -44.289110417584638     
   5.6083333360000127       -44.148212603969945     
   5.6243030329600128       -44.007433781876045     
   5.6402727299200128       -43.866976734360939     
   5.6562424268800129       -43.727044244482634     
   5.6722121238400129       -43.587839095299131     
   5.6881818208000130       -43.449564069868430     
   5.7041515177600131       -43.312421951248538     
   5.7201212147200131       -43.176615522497464     
   5.7360909116800132       -43.042347566673193     
   5.7520606086400132       -42.909820866833748     
   5.7680303056000133       -42.779238206037114     
   5.7840000025600133       -42.650802367341313     
   5.7999696995200134       -42.524711830348366     
   5.8159393964800135       -42.401032050591219     
   5.8319090934400135       -42.279673245099502     
   5.8478787904000136       -42.160536851317396     
   5.8638484873600136       -42.043524306689093     
   5.8798181843200137       -41.928537048658782     
   5.8957878812800137       -41.815476514670650     
   5.9117575782400138       -41.704244142168889     
   5.9277272752000139       -41.594741368597688     
   5.9436969721600139       -41.486869631401234     
   5.9596666691200140       -41.380530368023713     
   5.9756363660800140       -41.275625015909320     
   5.9916060630400141       -41.172055012502234     
   6.0075757600000141       -41.069721795246657     
   6.0235454569600142       -40.968526801586769     
   6.0395151539200143       -40.868371468966757     
   6.0554848508800143       -40.769157909874480     
   6.0714545478400144       -40.670835795963328     
   6.0874242448000144       -40.573432887719505     
   6.1033939417600145       -40.476984201285291     
   6.1193636387200145       -40.381524752802939     
   6.1353333356800146       -40.287089558414735     
   6.1513030326400147       -40.193713634262934     
   6.1672727296000147       -40.101431996489822     
   6.1832424265600148       -40.010279661237654     
   6.1992121235200148       -39.920291644648707     
   6.2151818204800149       -39.831502962865251     
   6.2311515174400149       -39.743948632029557     
   6.2471212144000150       -39.657663668283888     
   6.2630909113600151       -39.572683087770514     
   6.2790606083200151       -39.489041906631719     
   6.2950303052800152       -39.406775141009760     
   6.3110000022400152       -39.325917807046906     
   6.3269696992000153       -39.246504920885428     
   6.3429393961600153       -39.168571498667603     
   6.3589090931200154       -39.092152556535694     
   6.3748787900800155       -39.017283110631972     
   6.3908484870400155       -38.943998177098713     
   6.4068181840000156       -38.872326266640613     
   6.4227878809600156       -38.802248794399361     
   6.4387575779200157       -38.733726446013662     
   6.4547272748800157       -38.666719817191719     
   6.4706969718400158       -38.601189503641749     
   6.4866666688000159       -38.537096101071938     
   6.5026363657600159       -38.474400205190506     
   6.5186060627200160       -38.413062411705653     
   6.5345757596800160       -38.353043316325582     
   6.5505454566400161       -38.294303514758489     
   6.5665151536000161       -38.236803602712598     
   6.5824848505600162       -38.180504175896097     
   6.5984545475200163       -38.125365830017202     
   6.6144242444800163       -38.071349160784109     
   6.6303939414400164       -38.018414763905021     
   6.6463636384000164       -37.966523235088154     
   6.6623333353600165       -37.915636819238742     
   6.6783030323200165       -37.865736203903879     
   6.6942727292800166       -37.816813637733318     
   6.7102424262400167       -37.768861547456090     
   6.7262121232000167       -37.721872359801232     
   6.7421818201600168       -37.675838501497751     
   6.7581515171200168       -37.630752399274684     
   6.7741212140800169       -37.586606479861047     
   6.7900909110400169       -37.543393169985876     
   6.8060606080000170       -37.501104896378187     
   6.8220303049600171       -37.459734085767018     
   6.8380000019200171       -37.419273164881375     
   6.8539696988800172       -37.379714560450303     
   6.8699393958400172       -37.341050699202810     
   6.8859090928000173       -37.303274007867934     
   6.9018787897600173       -37.266376913174696     
   6.9178484867200174       -37.230351631716466     
   6.9338181836800175       -37.195186490460920     
   6.9497878806400175       -37.160866388296100     
   6.9657575776000176       -37.127376106745551     
   6.9817272745600176       -37.094700427332818     
   6.9976969715200177       -37.062824131581429     
   7.0136666684800177       -37.031732001014937     
   7.0296363654400178       -37.001408817156886     
   7.0456060624000179       -36.971839361530812     
   7.0615757593600179       -36.943008415660266     
   7.0775454563200180       -36.914900761068772     
   7.0935151532800180       -36.887501179279894     
   7.1094848502400181       -36.860794451817156     
   7.1254545472000181       -36.834765360204109     
   7.1414242441600182       -36.809398685964297     
   7.1573939411200183       -36.784679210621249     
   7.1733636380800183       -36.760591715698524     
   7.1893333350400184       -36.737120982719659     
   7.2053030320000184       -36.714251793208184     
   7.2212727289600185       -36.691968928687658     
   7.2372424259200185       -36.670257170681609     
   7.2532121228800186       -36.649101300854468     
   7.2691818198400187       -36.628488109224804     
   7.2851515168000187       -36.608411448574039     
   7.3011212137600188       -36.588866723414007     
   7.3170909107200188       -36.569849338256525     
   7.3330606076800189       -36.551354697613419     
   7.3490303046400189       -36.533378205996513     
   7.3650000016000190       -36.515915267917634     
   7.3809696985600191       -36.498961287888605     
   7.3969393955200191       -36.482511670421246     
   7.4129090924800192       -36.466561820027387     
   7.4288787894400192       -36.451107141218849     
   7.4448484864000193       -36.436143038507460     
   7.4608181833600193       -36.421664916405042     
   7.4767878803200194       -36.407668179423425     
   7.4927575772800195       -36.394148232074421     
   7.5087272742400195       -36.381100478869868     
   7.5246969712000196       -36.368518224298164     
   7.5406666681600196       -36.356383887601751     
   7.5566363651200197       -36.344676371875572     
   7.5726060620800197       -36.333374578463790     
   7.5885757590400198       -36.322457408710548     
   7.6045454560000199       -36.311903763960018     
   7.6205151529600199       -36.301692545556335     
   7.6364848499200200       -36.291802654843671     
   7.6524545468800200       -36.282212993166169     
   7.6684242438400201       -36.272902461867993     
   7.6843939408000201       -36.263849962293293     
   7.7003636377600202       -36.255034395786218     
   7.7163333347200203       -36.246434663690927     
   7.7323030316800203       -36.238029667351576     
   7.7482727286400204       -36.229798308112322     
   7.7642424256000204       -36.221719487317323     
   7.7802121225600205       -36.213773919162918     
   7.7961818195200205       -36.205956383046590     
   7.8121515164800206       -36.198268233267854     
   7.8281212134400207       -36.190710861406920     
   7.8440909104000207       -36.183285659044031     
   7.8600606073600208       -36.175994017759400     
   7.8760303043200208       -36.168837329133254     
   7.8920000012800209       -36.161816984745826     
   7.9079696982400209       -36.154934376177337     
   7.9239393952000210       -36.148190895008014     
   7.9399090921600211       -36.141587932818084     
   7.9558787891200211       -36.135126881187773     
   7.9718484860800212       -36.128809131697302     
   7.9878181830400212       -36.122636075926899     
   8.0037878800000204       -36.116609105456789     
   8.0197575769600196       -36.110729611867200     
   8.0357272739200187       -36.104998986738366     
   8.0516969708800179       -36.099418621650493     
   8.0676666678400171       -36.093989908183822     
   8.0836363648000162       -36.088714237918580     
   8.0996060617600154       -36.083593002434981     
   8.1155757587200146       -36.078627583724888     
   8.1315454556800137       -36.073818482816684     
   8.1475151526400129       -36.069164622528639     
   8.1634848496000121       -36.064664761601748     
   8.1794545465600113       -36.060317658777016     
   8.1954242435200104       -36.056122072795453     
   8.2113939404800096       -36.052076762398059     
   8.2273636374400088       -36.048180486325840     
   8.2433333344000079       -36.044432003319791     
   8.2593030313600071       -36.040830072120926     
   8.2752727283200063       -36.037373451470245     
   8.2912424252800054       -36.034060900108749     
   8.3072121222400046       -36.030891176777445     
   8.3231818192000038       -36.027863040217333     
   8.3391515161600029       -36.024975249169422     
   8.3551212131200021       -36.022226562374712     
   8.3710909100800013       -36.019615734029202     
   8.3870606070400004       -36.017139507415017     
   8.4030303039999996       -36.014789464159207     
   8.4190000009599988       -36.012556369245992     
   8.4349696979199980       -36.010430987659610     
   8.4509393948799971       -36.008404084384289     
   8.4669090918399963       -36.006466424404266     
   8.4828787887999955       -36.004608772703776     
   8.4988484857599946       -36.002821894267036     
   8.5148181827199938       -36.001096554078295     
   8.5307878796799930       -35.999423517121770     
   8.5467575766399921       -35.997793548381708     
   8.5627272735999913       -35.996197412842328     
   8.5786969705599905       -35.994625875487870     
   8.5946666675199896       -35.993069701302559     
   8.6106363644799888       -35.991519655270636     
   8.6266060614399880       -35.989966502397934     
   8.6425757583999872       -35.988403323739263     
   8.6585454553599863       -35.986831886034111     
   8.6745151523199855       -35.985255991740758     
   8.6904848492799847       -35.983679443317449     
   8.7064545462399838       -35.982106043222466     
   8.7224242431999830       -35.980539593914067     
   8.7383939401599822       -35.978983897850512     
   8.7543636371199813       -35.977442757490067     
   8.7703333340799805       -35.975919975290999     
   8.7863030310399797       -35.974419353711568     
   8.8022727279999788       -35.972944695210039     
   8.8182424249599780       -35.971499802244679     
   8.8342121219199772       -35.970088477273748     
   8.8501818188799763       -35.968714522755519     
   8.8661515158399755       -35.967381741148245     
   8.8821212127999747       -35.966093934910191     
   8.8980909097599739       -35.964854906499632     
   8.9140606067199730       -35.963668458374819     
   8.9300303036799722       -35.962538392994027     
   8.9460000006399714       -35.961468512815507     
   8.9619696975999705       -35.960462620297534     
   8.9779393945599697       -35.959524302785141     
   8.9939090915199689       -35.958652555512913     
   9.0098787884799680       -35.957841970827161     
   9.0258484854399672       -35.957086963826384     
   9.0418181823999664       -35.956381949609082     
   9.0577878793599655       -35.955721343273751     
   9.0737575763199647       -35.955099559918906     
   9.0897272732799639       -35.954511014643032     
   9.1056969702399631       -35.953950122544640     
   9.1216666671999622       -35.953411298722223     
   9.1376363641599614       -35.952888958274286     
   9.1536060611199606       -35.952377516299336     
   9.1695757580799597       -35.951871387895864     
   9.1855454550399589       -35.951364988162375     
   9.2015151519999581       -35.950852732197369     
   9.2174848489599572       -35.950329035099344     
   9.2334545459199564       -35.949788385506658     
   9.2494242428799556       -35.949228361542687     
   9.2653939398399547       -35.948650693443625     
   9.2813636367999539       -35.948057403350020     
   9.2973333337599531       -35.947450513402423     
   9.3133030307199522       -35.946832045741395     
   9.3292727276799514       -35.946204022507480     
   9.3452424246399506       -35.945568465841248     
   9.3612121215999498       -35.944927397883241     
   9.3771818185599489       -35.944282840774008     
   9.3931515155199481       -35.943636816654120     
   9.4091212124799473       -35.942991347664112     
   9.4250909094399464       -35.942348455944554     
   9.4410606063999456       -35.941710163635989     
   9.4570303033599448       -35.941078492878979     
   9.4730000003199439       -35.940455465814068     
   9.4889696972799431       -35.939843100496255     
   9.5049393942399423       -35.939242957980902     
   9.5209090911999414       -35.938655731175722     
   9.5368787881599406       -35.938082015900818     
   9.5528484851199398       -35.937522407976303     
   9.5688181820799389       -35.936977503222295     
   9.5847878790399381       -35.936447897458891     
   9.6007575759999373       -35.935934186506216     
   9.6167272729599365       -35.935436966184376     
   9.6326969699199356       -35.934956832313482     
   9.6486666668799348       -35.934494380713652     
   9.6646363638399340       -35.934050207204983     
   9.6806060607999331       -35.933624907607594     
   9.6965757577599323       -35.933219077741597     
   9.7125454547199315       -35.932833313427103     
   9.7285151516799306       -35.932468210484224     
   9.7444848486399298       -35.932124364733070     
   9.7604545455999290       -35.931802371993754     
   9.7764242425599281       -35.931502828086387     
   9.7923939395199273       -35.931226328831073     
   9.8083636364799265       -35.930973470047931     
   9.8243333334399257       -35.930744847557072     
   9.8403030303999248       -35.930541057178608     
   9.8562727273599240       -35.930362694732644     
   9.8722424243199232       -35.930210356039296     
   9.8882121212799223       -35.930084636918671     
   9.9041818182399215       -35.929986133190887     
   9.9201515151999207       -35.929915440676055     
   9.9361212121599198       -35.929873155194279     
   9.9520909091199190       -35.929859872565672     
   9.9680606060799182       -35.929876188610351     
   9.9840303030399173       -35.929922699148420     
