   2.0151515199999999        0.0000000000000000     
   2.0311212169599999      -0.27332861224144733     
   2.0470909139200000      -0.42174536674165591     
   2.0630606108800000      -0.44525026350062563     
   2.0790303078400001      -0.34384330251835660     
   2.0950000048000001      -0.11752448379484867     
   2.1109697017600002       0.22807043306664038     
   2.1269393987200003       0.61040008578662031     
   2.1429090956800003       0.89130128357143668     
   2.1588787926400004       0.93137240810868527     
   2.1748484896000004       0.59121184108596203     
   2.1908181865600005      -0.26682483330087559     
   2.2067878835200005       -1.5619807700197346     
   2.2227575804800006       -2.7861866447945083     
   2.2387272774400007       -3.3818359031946299     
   2.2546969744000007       -2.7913219907895335     
   2.2706666713600008      -0.45703835314865154     
   2.2866363683200008        4.0182913113533756     
   2.3026060652800009        10.083957323269425     
   2.3185757622400009        16.842092757460726     
   2.3345454592000010        23.394309375527229     
   2.3505151561600011        28.842218939068871     
   2.3664848531200011        32.317227139480991     
   2.3824545500800012        33.653614149875501     
   2.3984242470400012        33.398461774723735     
   2.4143939440000013        32.130631300644524     
   2.4303636409600013        30.428984014256717     
   2.4463333379200014        28.872180532571857     
   2.4623030348800015        27.870095028929189     
   2.4782727318400015        27.357107101662383     
   2.4942424288000016        27.184470128283603     
   2.5102121257600016        27.203437486305027     
   2.5261818227200017        27.265262553238824     
   2.5421515196800017        27.232342487420361     
   2.5581212166400018        27.066720830376099     
   2.5740909136000019        26.782895655759678     
   2.5900606105600019        26.395833976872524     
   2.6060303075200020        25.920502807016060     
   2.6220000044800020        25.372480526905367     
   2.6379697014400021        24.796762308767281     
   2.6539393984000021        24.280190369748173     
   2.6699090953600022        23.912801562716929     
   2.6858787923200023        23.784632740542435     
   2.7018484892800023        23.985720756093571     
   2.7178181862400024        24.530677416710049     
   2.7337878832000024        25.122523111393335     
   2.7497575801600025        25.383827031129712     
   2.7657272771200025        24.937158270054802     
   2.7816969740800026        23.405085922304217     
   2.7976666710400027        20.448130986892288     
   2.8136363680000027        16.266650825558102     
   2.8296060649600028        11.462681760901178     
   2.8455757619200028        6.6478213889393931     
   2.8615454588800029        2.4336673056906406     
   2.8775151558400029      -0.57040604277488183     
   2.8934848528000030       -2.0636668910012936     
   2.9094545497600031       -2.3674144758869096     
   2.9254242467200031       -1.8776740999063908     
   2.9413939436800032      -0.99047106553440001     
   2.9573636406400032      -0.10183067524560178     
   2.9733333376000033       0.44549327994263749     
   2.9893030345600033       0.63438105135366274     
   3.0052727315200034       0.57071871289620046     
   3.0212424284800035       0.36062092598461293     
   3.0372121254400035       0.11020235203326173     
   3.0531818224000036       -7.6962820922223632E-002
   3.0691515193600036      -0.16040652249044879     
   3.0851212163200037      -0.16547890012821900     
   3.1010909132800037      -0.12061329580617365     
   3.1170606102400038       -5.4243051494952295E-002
   3.1330303072000039        5.2059610620151025E-003
   3.1490000041600039        3.7440837567212136E-002
   3.1649697011200040        4.5808934978067616E-002
   3.1809393980800040        3.7928943204538060E-002
   3.1969090950400041        2.1419552156579997E-002
   3.2128787920000041        3.8994517441499322E-003
   3.2288484889600042       -7.6420423410293523E-003
   3.2448181859200043       -1.2051449777440196E-002
   3.2607878828800043       -1.1338917355443442E-002
   3.2767575798400044       -7.5458671809926232E-003
   3.2927272768000044       -2.7137213600412582E-003
   3.3086969737600045        1.1353722744849221E-003
   3.3246666707200045        2.9750376030415991E-003
   3.3406363676800046        3.2364242524837829E-003
   3.3566060646400047        2.4665295478410072E-003
   3.3725757616000047        1.2123508141427986E-003
   3.3885454585600048        2.0885376418692085E-005
   3.4045151555200048       -6.6916518453241397E-004
   3.4204848524800049       -8.8115854007365577E-004
   3.4364545494400049       -7.6166105326435632E-004
   3.4524242464000050       -4.5724023681463619E-004
   3.4683939433600051       -1.1446360343461629E-004
   3.4843636403200051        1.2686379432913061E-004
   3.5003333372800052        2.2726631913485727E-004
   3.5163030342400052        2.2406612540618726E-004
   3.5322727312000053        1.5653585360005573E-004
   3.5482424281600053        6.3948144173397930E-005
   3.5642121251200054       -1.4519916967409109E-005
   3.5801818220800055       -5.4595478272103245E-005
   3.5961515190400055       -6.2950476036215979E-005
   3.6121212160000056       -5.0107982696518655E-005
   3.6280909129600056       -2.6591070689782563E-005
   3.6440606099200057       -2.9228124527791090E-006
   3.6600303068800057        1.1736813035715513E-005
   3.6760000038400058        1.6843366279320437E-005
   3.6919697008000059        1.5208910178585838E-005
   3.7079393977600059        9.6530939034568764E-006
   3.7239090947200060        2.9955666238787466E-006
   3.7398787916800060       -2.0071263469233560E-006
   3.7558484886400061       -4.2508658263174177E-006
   3.7718181856000061       -4.4040210607965602E-006
   3.7877878825600062       -3.2221146513392794E-006
   3.8037575795200063       -1.4606691989240584E-006
   3.8197272764800063        1.2493739875124325E-007
   3.8356969734400064        9.8939281084554108E-007
   3.8516666704000064        1.2174900741478136E-006
   3.8676363673600065        1.0116708626076951E-006
   3.8836060643200065        5.7437685017482002E-007
   3.8995757612800066        1.0804971079882404E-007
   3.9155454582400067       -2.0086544824141787E-007
   3.9315151552000067       -3.1978938306697036E-007
   3.9474848521600068       -3.0203126936450878E-007
   3.9634545491200068       -2.0183508406158657E-007
   3.9794242460800069       -7.3444804085756617E-008
   3.9953939430400069        2.9362577373021644E-008
   4.0113636400000070        7.8776491851158843E-008
   4.0273333369600071        8.6096460363270679E-008
   4.0433030339200071        6.5856748878769966E-008
   4.0592727308800072        3.2591623367069457E-008
   4.0752424278400072        8.3534979758197742E-010
   4.0912121248000073       -1.7661300103664556E-008
   4.1071818217600073       -2.3413590491484983E-008
   4.1231515187200074       -2.0314505056935928E-008
   4.1391212156800075       -1.2257130583853619E-008
   4.1550909126400075       -3.1345538560742814E-009
   4.1710606096000076        3.3301341768172067E-009
   4.1870303065600076        6.0461992298611893E-009
   4.2030000035200077        5.9956542424734970E-009
   4.2189697004800077        4.2165781134358113E-009
   4.2349393974400078        1.7470497415298101E-009
   4.2509090944000079       -3.7700244481581198E-010
   4.2668787913600079       -1.4989112685245695E-009
   4.2828484883200080       -1.7733350673708180E-009
   4.2988181852800080       -1.4595032571734017E-009
   4.3147878822400081       -8.1664525375116544E-010
   4.3307575792000081       -1.0399047292295706E-010
   4.3467272761600082        4.4460740134663063E-010
   4.3626969731200083        7.6116795427063645E-010
   4.3786666700800083        8.4434932961175678E-010
   4.3946363670400084        6.9299014090068823E-010
   4.4106060640000084        3.0592900166812793E-010
   4.4265757609600085       -3.1362919950122067E-010
   4.4425454579200085       -1.0418038198807660E-009
   4.4585151548800086       -1.6215845376617418E-009
   4.4744848518400087       -1.7890964365046249E-009
   4.4904545488000087       -1.2804646000698928E-009
   4.5064242457600088        1.6804604069502902E-010
   4.5223939427200088        2.5393134070776190E-009
   4.5383636396800089        4.9467413288479510E-009
   4.5543333366400089        6.3359913582849568E-009
   4.5703030336000090        5.6527250476675652E-009
   4.5862727305600091        1.8426039492747029E-009
   4.6022424275200091       -5.8503915886605724E-009
   4.6182121244800092       -1.5204559167599443E-008
   4.6341818214400092       -2.2286844416056035E-008
   4.6501515184000093       -2.3143769073482634E-008
   4.6661212153600093       -1.3821854879331524E-008
   4.6820909123200094        9.5168637407879994E-009
   4.6980606092800095        4.3779591191875261E-008
   4.7140303062400095        7.5130852066389429E-008
   4.7300000032000096        8.8811069467540865E-008
   4.7459697001600096        7.0060666498539890E-008
   4.7619393971200097        4.1200662625968427E-009
   4.7779090940800097       -1.1356791639783884E-007
   4.7938787910400098       -2.4112396101806843E-007
   4.8098484880000099       -3.2346417305751508E-007
   4.8258181849600099       -3.0550373178485005E-007
   4.8417878819200100       -1.3215781646874486E-007
   4.8577575788800100        2.4315360749867451E-007
   4.8737272758400101        7.2946263205980237E-007
   4.8896969728000101        1.1243933928834559E-006
   4.9056666697600102        1.2223661518623006E-006
   4.9216363667200103        8.1780117088900072E-007
   4.9376060636800103       -2.9349869827533226E-007
   4.9535757606400104       -2.0380668803598045E-006
   4.9695454576000104       -3.7303509194945502E-006
   4.9855151545600105       -4.6031168037015145E-006
   5.0014848515200105       -3.8891305210026434E-006
   5.0174545484800106       -8.2115805941988247E-007
   5.0334242454400107        5.0245955685411280E-006
   5.0493939424000107        1.1749748729989409E-005
   5.0653636393600108        1.6494026435114221E-005
   5.0813333363200108        1.6394072382874789E-005
   5.0973030332800109        8.5865302722303332E-006
   5.1132727302400109       -9.5839518340129795E-006
   5.1292424272000110       -3.4697162092374066E-005
   5.1452121241600111       -5.6439329691279146E-005
   5.1611818211200111       -6.4124261738350975E-005
   5.1771515180800112       -4.7065765341212291E-005
   5.1931212150400112        5.4187584458528585E-006
   5.2090909120000113        9.3548423429191659E-005
   5.2250606089600113        1.8410631468777829E-004
   5.2410303059200114        2.3721102317627991E-004
   5.2570000028800115        2.1298113984936353E-004
   5.2729696998400115        7.1535255661696388E-005
   5.2889393968000116       -2.1626913364272083E-004
   5.3049090937600116       -5.6829223903658943E-004
   5.3208787907200117       -8.3655300202467760E-004
   5.3368484876800117       -8.7221195609297358E-004
   5.3528181846400118       -5.2642963472746484E-004
   5.3687878816000119        3.4753128671286871E-004
   5.3847575785600119        1.7599353919045863E-003
   5.4007272755200120        3.5033419357776651E-003
   5.4166969724800120        5.3508423453495942E-003
   5.4326666694400121        7.0755280476378661E-003
   5.4486363664000121        8.4504904696599686E-003
   5.4646060633600122        9.2488210384333944E-003
   5.4805757603200123        9.2436111809756326E-003
   5.4965454572800123        8.2079523243041731E-003
   5.5125151542400124        5.9149358954365050E-003
   5.5284848512000124        2.1376533213901270E-003
   5.5444545481600125       -3.3296182018251633E-003
   5.5604242451200125       -1.0334475466508885E-002
   5.5763939420800126       -1.8426155521219192E-002
   5.5923636390400127       -2.7144787955156797E-002
   5.6083333360000127       -3.6030502357522400E-002
   5.6243030329600128       -4.4623428317516721E-002
   5.6402727299200128       -5.2463695424340449E-002
   5.6562424268800129       -5.9091433267194314E-002
   5.6722121238400129       -6.4046771435279023E-002
   5.6881818208000130       -6.6869839517795265E-002
   5.7041515177600131       -6.7100767103943762E-002
   5.7201212147200131       -6.4279683782925215E-002
   5.7360909116800132       -5.7946719143940340E-002
   5.7520606086400132       -4.7642002776189865E-002
   5.7680303056000133       -3.2905664268874424E-002
   5.7840000025600133       -1.3277833211194825E-002
   5.7999696995200134        1.1671565921304578E-002
   5.8159393964800135        4.1451619324713973E-002
   5.8319090934400135        7.4496622701294701E-002
   5.8478787904000136       0.10918008647928738     
   5.8638484873600136       0.14387552108693266     
   5.8798181843200137       0.17695643695247112     
   5.8957878812800137       0.20679634450414344     
   5.9117575782400138       0.23176875417019019     
   5.9277272752000139       0.25024717637885202     
   5.9436969721600139       0.26060512155836957     
   5.9596666691200140       0.26121610013698338     
   5.9756363660800140       0.25045362254293418     
   5.9916060630400141       0.22669119920446260     
   6.0075757600000141       0.18830234054980918     
   6.0235454569600142       0.13366055700721455     
   6.0395151539200143        6.1139359004919375E-002
   6.0554848508800143       -3.0858701828584474E-002
   6.0714545478400144      -0.14188502065419775     
   6.0874242448000144      -0.26813151596338047     
   6.1033939417600145      -0.40547795908903395     
   6.1193636387200145      -0.54980412136405932     
   6.1353333356800146      -0.69698977412135787     
   6.1513030326400147      -0.84291468869383079     
   6.1672727296000147      -0.98345863641437958     
   6.1832424265600148       -1.1145013886159050     
   6.1992121235200148       -1.2319227166313087     
   6.2151818204800149       -1.3316023917934920     
   6.2311515174400149       -1.4094201854353559     
   6.2471212144000150       -1.4612558688898016     
   6.2630909113600151       -1.4829892134897302     
   6.2790606083200151       -1.4704999905680434     
   6.2950303052800152       -1.4196679714576426     
   6.3110000022400152       -1.3263729274914278     
   6.3269696992000153       -1.1864946300023018     
   6.3429393961600153      -0.99591285032316446     
   6.3589090931200154      -0.75050735978691829     
   6.3748787900800155      -0.44615792972646412     
   6.3908484870400155       -7.8744331474702126E-002
   6.4068181840000156       0.35355470120490834     
   6.4227878809600156       0.83591729117558300     
   6.4387575779200157        1.3461959436034645     
   6.4547272748800157        1.8622113830324867     
   6.4706969718400158        2.3617843340065829     
   6.4866666688000159        2.8227355210696858     
   6.5026363657600159        3.2228856687657297     
   6.5186060627200160        3.5400555016386477     
   6.5345757596800160        3.7520657442323739     
   6.5505454566400161        3.8367371210908403     
   6.5665151536000161        3.7718903567579809     
   6.5824848505600162        3.5353461757777298     
   6.5984545475200163        3.1049253026940189     
   6.6144242444800163        2.4584484620507840     
   6.6303939414400164        1.5737363783919558     
   6.6463636384000164       0.42860977626146962     
   6.6623333353600165      -0.99618808286445337     
   6.6783030323200165       -2.6872317893836963     
   6.6942727292800166       -4.6106085396633905     
   6.7102424262400167       -6.7320899563726533     
   6.7262121232000167       -9.0174476621806026     
   6.7421818201600168       -11.432453279756356     
   6.7581515171200168       -13.942878431769033     
   6.7741212140800169       -16.514494740887748     
   6.7900909110400169       -19.113073829781627     
   6.8060606080000170       -21.704387321119778     
   6.8220303049600171       -24.254206837571324     
   6.8380000019200171       -26.728304001805387     
   6.8539696988800172       -29.092450436491074     
   6.8699393958400172       -31.312417764297507     
   6.8859090928000173       -33.353977607893817     
   6.9018787897600173       -35.182901589949104     
   6.9178484867200174       -36.766338923201708     
   6.9338181836800175       -38.096938109678618     
   6.9497878806400175       -39.189821174756901     
   6.9657575776000176       -40.060879552397978     
   6.9817272745600176       -40.726004676563299     
   6.9976969715200177       -41.201087981214300     
   7.0136666684800177       -41.502020900312402     
   7.0296363654400178       -41.644694867819055     
   7.0456060624000179       -41.645001317695680     
   7.0615757593600179       -41.518831683903727     
   7.0775454563200180       -41.282077400404631     
   7.0935151532800180       -40.950629901159814     
   7.1094848502400181       -40.540380620130726     
   7.1254545472000181       -40.067220991278788     
   7.1414242441600182       -39.547042448565449     
   7.1573939411200183       -38.995736425952138     
   7.1733636380800183       -38.429194357400299     
   7.1893333350400184       -37.863307676871351     
   7.2053030320000184       -37.313967818326745     
   7.2212727289600185       -36.797066215727902     
   7.2372424259200185       -36.328494303036273     
   7.2532121228800186       -35.924143220833315     
   7.2691818198400187       -35.595721607037206     
   7.2851515168000187       -35.340229526266697     
   7.3011212137600188       -35.151435483359954     
   7.3170909107200188       -35.023107983155143     
   7.3330606076800189       -34.949015530490421     
   7.3490303046400189       -34.922926630203953     
   7.3650000016000190       -34.938609787133899     
   7.3809696985600191       -34.989833506118423     
   7.3969393955200191       -35.070366291995690     
   7.4129090924800192       -35.173976649603851     
   7.4288787894400192       -35.294433083781080     
   7.4448484864000193       -35.425504099365533     
   7.4608181833600193       -35.560958201195369     
   7.4767878803200194       -35.694563894108761     
   7.4927575772800195       -35.820089682943866     
   7.5087272742400195       -35.931304072538843     
   7.5246969712000196       -36.022973379113388     
   7.5406666681600196       -36.095035967087753     
   7.5566363651200197       -36.149100873671493     
   7.5726060620800197       -36.186777967952800     
   7.5885757590400198       -36.209677119019844     
   7.6045454560000199       -36.219408195960810     
   7.6205151529600199       -36.217581067863883     
   7.6364848499200200       -36.205805603817240     
   7.6524545468800200       -36.185691672909073     
   7.6684242438400201       -36.158849144227545     
   7.6843939408000201       -36.126887886860857     
   7.7003636377600202       -36.091417769897177     
   7.7163333347200203       -36.054048662424691     
   7.7323030316800203       -36.016390433531576     
   7.7482727286400204       -35.980052952306025     
   7.7642424256000204       -35.946646087836207     
   7.7802121225600205       -35.917626290271819     
   7.7961818195200205       -35.893259693074690     
   7.8121515164800206       -35.873256005696462     
   7.8281212134400207       -35.857321782578005     
   7.8440909104000207       -35.845163578160196     
   7.8600606073600208       -35.836487946883892     
   7.8760303043200208       -35.831001443189969     
   7.8920000012800209       -35.828410621519282     
   7.9079696982400209       -35.828422036312709     
   7.9239393952000210       -35.830742242011105     
   7.9399090921600211       -35.835077793055348     
   7.9558787891200211       -35.841135243886306     
   7.9718484860800212       -35.848621148944837     
   7.9878181830400212       -35.857242062671816     
   8.0037878800000204       -35.866704539508099     
   8.0197575769600196       -35.876715133894564     
   8.0357272739200187       -35.886980400272073     
   8.0516969708800179       -35.897206893081503     
   8.0676666678400171       -35.907101166763702     
   8.0836363648000162       -35.916369775759556     
   8.0996060617600154       -35.924719274509918     
   8.1155757587200146       -35.931857675972317     
   8.1315454556800137       -35.937626999134949     
   8.1475151526400129       -35.942109329326051     
   8.1634848496000121       -35.945411710164713     
   8.1794545465600113       -35.947641185270044     
   8.1954242435200104       -35.948904798261140     
   8.2113939404800096       -35.949309592757089     
   8.2273636374400088       -35.948962612376988     
   8.2433333344000079       -35.947970900739946     
   8.2593030313600071       -35.946441501465060     
   8.2752727283200063       -35.944481458171417     
   8.2912424252800054       -35.942197814478121     
   8.3072121222400046       -35.939697614004267     
   8.3231818192000038       -35.937087900368958     
   8.3391515161600029       -35.934475717191283     
   8.3551212131200021       -35.931968108090345     
   8.3710909100800013       -35.929672044563716     
   8.3870606070400004       -35.927662588345974     
   8.4030303039999996       -35.925932894534789     
   8.4190000009599988       -35.924463159503517     
   8.4349696979199980       -35.923233579625538     
   8.4509393948799971       -35.922224351274210     
   8.4669090918399963       -35.921415670822903     
   8.4828787887999955       -35.920787734644975     
   8.4988484857599946       -35.920320739113798     
   8.5148181827199938       -35.919994880602736     
   8.5307878796799930       -35.919790355485155     
   8.5467575766399921       -35.919687360134418     
   8.5627272735999913       -35.919666090923897     
   8.5786969705599905       -35.919706744226957     
   8.5946666675199896       -35.919789516416962     
   8.6106363644799888       -35.919894603867270     
   8.6266060614399880       -35.920002202985778     
   8.6425757583999872       -35.920096209665530     
   8.6585454553599863       -35.920174393669420     
   8.6745151523199855       -35.920237776466784     
   8.6904848492799847       -35.920287379526982     
   8.7064545462399838       -35.920324224319359     
   8.7224242431999830       -35.920349332313265     
   8.7383939401599822       -35.920363724978046     
   8.7543636371199813       -35.920368423783053     
   8.7703333340799805       -35.920364450197638     
   8.7863030310399797       -35.920352825691147     
   8.8022727279999788       -35.920334571732937     
   8.8182424249599780       -35.920310709792346     
   8.8342121219199772       -35.920282261338734     
   8.8501818188799763       -35.920250247841437     
   8.8661515158399755       -35.920215690769815     
   8.8821212127999747       -35.920179611593220     
   8.8980909097599739       -35.920143031780995     
   8.9140606067199730       -35.920106972802486     
   8.9300303036799722       -35.920072456127052     
   8.9460000006399714       -35.920040503224030     
   8.9619696975999705       -35.920012135562779     
   8.9779393945599697       -35.919988342088068     
   8.9939090915199689       -35.919969417429201     
   9.0098787884799680       -35.919954990509886     
   9.0258484854399672       -35.919944663454444     
   9.0418181823999664       -35.919938038387180     
   9.0577878793599655       -35.919934717432390     
   9.0737575763199647       -35.919934302714395     
   9.0897272732799639       -35.919936396357492     
   9.1056969702399631       -35.919940600485994     
   9.1216666671999622       -35.919946517224197     
   9.1376363641599614       -35.919953748696422     
   9.1536060611199606       -35.919961897026965     
   9.1695757580799597       -35.919970564340140     
   9.1855454550399589       -35.919979352760251     
   9.2015151519999581       -35.919987864411596     
   9.2174848489599572       -35.919995701418500     
   9.2334545459199564       -35.920002470639282     
   9.2494242428799556       -35.920007977813754     
   9.2653939398399547       -35.920012295968441     
   9.2813636367999539       -35.920015516920806     
   9.2973333337599531       -35.920017732488326     
   9.3133030307199522       -35.920019034488476     
   9.3292727276799514       -35.920019514738719     
   9.3452424246399506       -35.920019265056531     
   9.3612121215999498       -35.920018377259396     
   9.3771818185599489       -35.920016943164768     
   9.3931515155199481       -35.920015054590131     
   9.4091212124799473       -35.920012803352954     
   9.4250909094399464       -35.920010281270713     
   9.4410606063999456       -35.920007580160870     
   9.4570303033599448       -35.920004791840903     
   9.4730000003199439       -35.920002008128293     
   9.4889696972799431       -35.919999320577496     
   9.5049393942399423       -35.919996791324245     
   9.5209090911999414       -35.919994426618430     
   9.5368787881599406       -35.919992226460046     
   9.5528484851199398       -35.919990190849099     
   9.5688181820799389       -35.919988319785581     
   9.5847878790399381       -35.919986613269494     
   9.6007575759999373       -35.919985071300843     
   9.6167272729599365       -35.919983693879615     
   9.6326969699199356       -35.919982481005832     
   9.6486666668799348       -35.919981432679471     
   9.6646363638399340       -35.919980548900547     
   9.6806060607999331       -35.919979829669053     
   9.6965757577599323       -35.919979274984996     
   9.7125454547199315       -35.919978884848369     
   9.7285151516799306       -35.919978659259172     
   9.7444848486399298       -35.919978598217412     
   9.7604545455999290       -35.919978701723082     
   9.7764242425599281       -35.919978969776182     
   9.7923939395199273       -35.919979402376718     
   9.8083636364799265       -35.919979999524685     
   9.8243333334399257       -35.919980761220081     
   9.8403030303999248       -35.919981687462915     
   9.8562727273599240       -35.919982778253178     
   9.8722424243199232       -35.919984033590872     
   9.8882121212799223       -35.919985453476002     
   9.9041818182399215       -35.919987037908562     
   9.9201515151999207       -35.919988786888553     
   9.9361212121599198       -35.919990700415980     
   9.9520909091199190       -35.919992778490837     
   9.9680606060799182       -35.919995021113124     
   9.9840303030399173       -35.919997428282848     
