   2.0151515199999999       -3.9199999999999999     
   2.0311212169599999       -3.9244075627418500     
   2.0470909139200000       -3.9118434921483942     
   2.0630606108800000       -3.8827582278125647     
   2.0790303078400001       -3.8376022093272946     
   2.0950000048000001       -3.7768258762855149     
   2.1109697017600002       -3.7014315808043543     
   2.1269393987200003       -3.6199530759629770     
   2.1429090956800003       -3.5463711860317799     
   2.1588787926400004       -3.4947880150563835     
   2.1748484896000004       -3.4793056670824085     
   2.1908181865600005       -3.5138541625074624     
   2.2067878835200005       -3.5909753860311957     
   2.2227575804800006       -3.6613643151673427     
   2.2387272774400007       -3.6708647237479939     
   2.2546969744000007       -3.5653203856052396     
   2.2706666713600008       -3.2905750745711697     
   2.2866363683200008       -2.8081103127375076     
   2.3026060652800009       -2.1718690626683741     
   2.3185757622400009       -1.4696541325880177     
   2.3345454592000010      -0.78931917680495189     
   2.3505151561600011      -0.21871784962769070     
   2.3664848531200011       0.15721988819619656     
   2.3824545500800012       0.32253750810679654     
   2.3984242470400012       0.33122607000089110     
   2.4143939440000013       0.24039517060349563     
   2.4303636409600013       0.10715440663962562     
   2.4463333379200014       -1.1406647978173734E-002
   2.4623030348800015       -7.5039929893075258E-002
   2.4782727318400015       -9.0942222205762840E-002
   2.4942424288000016       -7.4604641939495966E-002
   2.5102121257600016       -4.1518306117534216E-002
   2.5261818227200017       -7.1743317631369459E-003
   2.5421515196800017        1.4321090501364139E-002
   2.5581212166400018        2.1245619756694506E-002
   2.5740909136000019        1.8395857581087888E-002
   2.5900606105600019        1.0626684417818926E-002
   2.6060303075200020        2.7929807101622797E-003
   2.6220000044800020       -3.2190401741100094E-004
   2.6379697014400021        2.6235703368358504E-003
   2.6539393984000021        8.0747758659672347E-003
   2.6699090953600022        1.2103307416553889E-002
   2.6858787923200023        1.0780759835166558E-002
   2.7018484892800023        1.7872796837600064E-004
   2.7178181862400024       -2.1245315560840548E-002
   2.7337878832000024       -4.5177503146692381E-002
   2.7497575801600025       -6.0759099970077619E-002
   2.7657272771200025       -5.7131368148272008E-002
   2.7816969740800026       -2.3435569798551319E-002
   2.7976666710400027        5.0409975390988022E-002
   2.8136363680000027       0.16343390746983880     
   2.8296060649600028       0.30644057106481370     
   2.8455757619200028       0.47003854566471232     
   2.8615454588800029       0.64483641075833475     
   2.8775151558400029       0.82146361343127883     
   2.8934848528000030       0.99344667526498109     
   2.9094545497600031        1.1601508117925834     
   2.9254242467200031        1.3216426547555260     
   2.9413939436800032        1.4779888358952491     
   2.9573636406400032        1.6292559869531931     
   2.9733333376000033        1.7756525209381477     
   2.9893030345600033        1.9182535206032405     
   3.0052727315200034        2.0584614467117293     
   3.0212424284800035        2.1976793684088269     
   3.0372121254400035        2.3373103548397451     
   3.0531818224000036        2.4787258165569144     
   3.0691515193600036        2.6225107552106706     
   3.0851212163200037        2.7684299661961096     
   3.1010909132800037        2.9162098230927707     
   3.1170606102400038        3.0655766994801943     
   3.1330303072000039        3.2162570416979750     
   3.1490000041600039        3.3680565112350274     
   3.1649697011200040        3.5210110258597473     
   3.1809393980800040        3.6751981061478540     
   3.1969090950400041        3.8306952726750678     
   3.2128787920000041        3.9875800460171078     
   3.2288484889600042        4.1459225214554092     
   3.2448181859200043        4.3057239436674859     
   3.2607878828800043        4.4669482331735662     
   3.2767575798400044        4.6295589415108260     
   3.2927272768000044        4.7935196202164381     
   3.3086969737600045        4.9587946005637091     
   3.3246666707200045        5.1253884975338746     
   3.3406363676800046        5.2933648899657237     
   3.3566060646400047        5.4627920432891317     
   3.3725757616000047        5.6337382229339772     
   3.3885454585600048        5.8062716943301353     
   3.4045151555200048        5.9804734050345578     
   3.4204848524800049        6.1564784127097525     
   3.4364545494400049        6.3344362035472148     
   3.4524242464000050        6.5144962638730686     
   3.4683939433600051        6.6968080800134420     
   3.4843636403200051        6.8815055052379517     
   3.5003333372800052        7.0684904571922758     
   3.5163030342400052        7.2574873169171639     
   3.5322727312000053        7.4482159564348036     
   3.5482424281600053        7.6403962477673861     
   3.5642121251200054        7.8337497229401629     
   3.5801818220800055        8.0282568349251004     
   3.5961515190400055        8.2244356190733257     
   3.6121212160000056        8.4228710138583800     
   3.6280909129600056        8.6241479577538094     
   3.6440606099200057        8.8288513892331544     
   3.6600303068800057        9.0374538508859779     
   3.6760000038400058        9.2497174782711351     
   3.6919697008000059        9.4651276415857417     
   3.7079393977600059        9.6831690854898760     
   3.7239090947200060        9.9033265546436073     
   3.7398787916800060        10.125099497586243     
   3.7558484886400061        10.348372395967971     
   3.7718181856000061        10.573442740360372     
   3.7877878825600062        10.800628329006628     
   3.8037575795200063        11.030246960149919     
   3.8197272764800063        11.262616386484599     
   3.8356969734400064        11.497988237533860     
   3.8516666704000064        11.736415802056634     
   3.8676363673600065        11.977915336083981     
   3.8836060643200065        12.222503095646967     
   3.8995757612800066        12.470195336776653     
   3.9155454582400067        12.721007505424504     
   3.9315151552000067        12.974947255645192     
   3.9474848521600068        13.232017892031548     
   3.9634545491200068        13.492222671837281     
   3.9794242460800069        13.755564852316100     
   3.9953939430400069        14.022047469807555     
   4.0113636400000070        14.291661276816697     
   4.0273333369600071        14.564378524192261     
   4.0433030339200071        14.840169932534891     
   4.0592727308800072        15.119006222445236     
   4.0752424278400072        15.400858114523944     
   4.0912121248000073        15.685717952060582     
   4.1071818217600073        15.973673363139634     
   4.1231515187200074        16.264838214584522     
   4.1391212156800075        16.559326374019516     
   4.1550909126400075        16.857251709068876     
   4.1710606096000076        17.158722779036179     
   4.1870303065600076        17.463765944779258     
   4.2030000035200077        17.772342843175892     
   4.2189697004800077        18.084413360378065     
   4.2349393974400078        18.399937382537757     
   4.2509090944000079        18.718874939551974     
   4.2668787913600079        19.041211412476009     
   4.2828484883200080        19.366986414221142     
   4.2988181852800080        19.696246547597941     
   4.3147878822400081        20.029038415416977     
   4.3307575792000081        20.365408620488825     
   4.3467272761600082        20.705384796257146     
   4.3626969731200083        21.048870579312229     
   4.3786666700800083        21.395719791276488     
   4.3946363670400084        21.745786118864029     
   4.4106060640000084        22.098923248788950     
   4.4265757609600085        22.454989791590847     
   4.4425454579200085        22.813980443224821     
   4.4585151548800086        23.176040029287364     
   4.4744848518400087        23.541321116542232     
   4.4904545488000087        23.909976271753195     
   4.5064242457600088        24.282158037239128     
   4.5223939427200088        24.657969862331093     
   4.5383636396800089        25.037363214894402     
   4.5543333366400089        25.420260241946913     
   4.5703030336000090        25.806583090506489     
   4.5862727305600091        26.196253907590986     
   4.6022424275200091        26.589185939667470     
   4.6182121244800092        26.985203590774194     
   4.6341818214400092        27.384080205561336     
   4.6501515184000093        27.785588519317990     
   4.6661212153600093        28.189501267333252     
   4.6820909123200094        28.595593913372326     
   4.6980606092800095        29.003805629766596     
   4.7140303062400095        29.414329337125039     
   4.7300000032000096        29.827379783865467     
   4.7459697001600096        30.243171718405680     
   4.7619393971200097        30.661919889163482     
   4.7779090940800097        31.083715394034552     
   4.7938787910400098        31.508086531689397     
   4.8098484880000099        31.934401564552044     
   4.8258181849600099        32.362028743821320     
   4.8417878819200100        32.790336320696056     
   4.8577575788800100        33.218738213230360     
   4.8737272758400101        33.647386909725817     
   4.8896969728000101        34.077033108826114     
   4.9056666697600102        34.508444712528188     
   4.9216363667200103        34.942389622828969     
   4.9376060636800103        35.379633926355595     
   4.9535757606400104        35.820579131377748     
   4.9695454576000104        36.264823064423297     
   4.9855151545600105        36.711856302404684     
   5.0014848515200105        37.161169422234359     
   5.0174545484800106        37.612253000824794     
   5.0334242454400107        38.064619831751870     
   5.0493939424000107        38.517932927444811     
   5.0653636393600108        38.971917524074037     
   5.0813333363200108        39.426299057136347     
   5.0973030332800109        39.880802962128548     
   5.1132727302400109        40.335159861648187     
   5.1292424272000110        40.789251887428804     
   5.1452121241600111        41.243133079063206     
   5.1611818211200111        41.696866763405367     
   5.1771515180800112        42.150516267309257     
   5.1931212150400112        42.604144887196988     
   5.2090909120000113        43.057727319556065     
   5.2250606089600113        43.510955140105033     
   5.2410303059200114        43.963463492720109     
   5.2570000028800115        44.414887521277493     
   5.2729696998400115        44.864862369653423     
   5.2889393968000116        45.313013537617799     
   5.3049090937600116        45.758866587536616     
   5.3208787907200117        46.201887952822382     
   5.3368484876800117        46.641543295991660     
   5.3528181846400118        47.077298279561028     
   5.3687878816000119        47.508623128566228     
   5.3847575785600119        47.935284270458524     
   5.4007272755200120        48.357520643490851     
   5.4166969724800120        48.775613439172076     
   5.4326666694400121        49.189843849011062     
   5.4486363664000121        49.600493064516684     
   5.4646060633600122        50.007842277197796     
   5.4805757603200123        50.412172678563280     
   5.4965454572800123        50.813765460121992     
   5.5125151542400124        51.212901813382807     
   5.5284848512000124        51.609862929854593     
   5.5444545481600125        52.004907510378807     
   5.5604242451200125        52.397914071673320     
   5.5763939420800126        52.788444393793505     
   5.5923636390400127        53.176050588378196     
   5.6083333360000127        53.560284767066236     
   5.6243030329600128        53.940699041496458     
   5.6402727299200128        54.316845523307705     
   5.6562424268800129        54.688276324138812     
   5.6722121238400129        55.054543555628619     
   5.6881818208000130        55.415199329415962     
   5.7041515177600131        55.769795757139683     
   5.7201212147200131        56.117884950438615     
   5.7360909116800132        56.459019020951601     
   5.7520606086400132        56.792750080317475     
   5.7680303056000133        57.118630240175079     
   5.7840000025600133        57.436211612163241     
   5.7999696995200134        57.745059797244892     
   5.8159393964800135        58.045157364696813     
   5.8319090934400135        58.336973483983456     
   5.8478787904000136        58.621004844468160     
   5.8638484873600136        58.897748135514277     
   5.8798181843200137        59.167700046485152     
   5.8957878812800137        59.431357266744136     
   5.9117575782400138        59.689216485654576     
   5.9277272752000139        59.941774392579823     
   5.9436969721600139        60.189527676883223     
   5.9596666691200140        60.432973027928128     
   5.9756363660800140        60.672607135077889     
   5.9916060630400141        60.908926687695846     
   6.0075757600000141        61.142428375145350     
   6.0235454569600142        61.373608886789754     
   6.0395151539200143        61.602964911992409     
   6.0554848508800143        61.830989803270668     
   6.0714545478400144        62.057941820777287     
   6.0874242448000144        62.283693219398856     
   6.1033939417600145        62.508080388183672     
   6.1193636387200145        62.730939716180025     
   6.1353333356800146        62.952107592436207     
   6.1513030326400147        63.171420406000522     
   6.1672727296000147        63.388714545921246     
   6.1832424265600148        63.603826401246685     
   6.1992121235200148        63.816592361025123     
   6.2151818204800149        64.026848814304856     
   6.2311515174400149        64.234432150134182     
   6.2471212144000150        64.439178757561393     
   6.2630909113600151        64.640925025634772     
   6.2790606083200151        64.839507343402630     
   6.2950303052800152        65.034762099913237     
   6.3110000022400152        65.226525684214906     
   6.3269696992000153        65.414634485355919     
   6.3429393961600153        65.598924892384574     
   6.3589090931200154        65.779233294349154     
   6.3748787900800155        65.955396080297959     
   6.3908484870400155        66.127249639279285     
   6.4068181840000156        66.294656378106907     
   6.4227878809600156        66.457667056999298     
   6.4387575779200157        66.616415341489414     
   6.4547272748800157        66.771035256777139     
   6.4706969718400158        66.921660828062343     
   6.4866666688000159        67.068426080544910     
   6.5026363657600159        67.211465039424723     
   6.5186060627200160        67.350911729901668     
   6.5345757596800160        67.486900177175613     
   6.5505454566400161        67.619564406446443     
   6.5665151536000161        67.749038442914056     
   6.5824848505600162        67.875456311778308     
   6.5984545475200163        67.998952038239096     
   6.6144242444800163        68.119659647496292     
   6.6303939414400164        68.237713164749792     
   6.6463636384000164        68.353246615199453     
   6.6623333353600165        68.466388057830471     
   6.6783030323200165        68.577198832637862     
   6.6942727292800166        68.685698455614315     
   6.7102424262400167        68.791905798524397     
   6.7262121232000167        68.895839733132661     
   6.7421818201600168        68.997519131203674     
   6.7581515171200168        69.096962864502004     
   6.7741212140800169        69.194189804792231     
   6.7900909110400169        69.289218823838894     
   6.8060606080000170        69.382068793406575     
   6.8220303049600171        69.472758585259839     
   6.8380000019200171        69.561307071163256     
   6.8539696988800172        69.647733122881377     
   6.8699393958400172        69.732055612178783     
   6.8859090928000173        69.814293410820028     
   6.9018787897600173        69.894465390569678     
   6.9178484867200174        69.972591051161316     
   6.9338181836800175        70.048701516079205     
   6.9497878806400175        70.122838153274770     
   6.9657575776000176        70.195042681431346     
   6.9817272745600176        70.265356819232224     
   6.9976969715200177        70.333822285360725     
   7.0136666684800177        70.400480798500169     
   7.0296363654400178        70.465374077333877     
   7.0456060624000179        70.528543840545154     
   7.0615757593600179        70.590031806817308     
   7.0775454563200180        70.649879694833672     
   7.0935151532800180        70.708129223277552     
   7.1094848502400181        70.764822110832270     
   7.1254545472000181        70.820000076181117     
   7.1414242441600182        70.873704838007427     
   7.1573939411200183        70.925978114994521     
   7.1733636380800183        70.976861625825705     
   7.1893333350400184        71.026397089184286     
   7.2053030320000184        71.074626223753583     
   7.2212727289600185        71.121590748216917     
   7.2372424259200185        71.167332381257609     
   7.2532121228800186        71.211892841161941     
   7.2691818198400187        71.255308186242459     
   7.2851515168000187        71.297594570427705     
   7.3011212137600188        71.338763774536432     
   7.3170909107200188        71.378827579387320     
   7.3330606076800189        71.417797765799108     
   7.3490303046400189        71.455686114590506     
   7.3650000016000190        71.492504406580238     
   7.3809696985600191        71.528264422587000     
   7.3969393955200191        71.562977943429544     
   7.4129090924800192        71.596656749926552     
   7.4288787894400192        71.629312622896762     
   7.4448484864000193        71.660957343158884     
   7.4608181833600193        71.691602691531628     
   7.4767878803200194        71.721260448833732     
   7.4927575772800195        71.749942395883892     
   7.5087272742400195        71.777660313500832     
   7.5246969712000196        71.804427339899618     
   7.5406666681600196        71.830263649213606     
   7.5566363651200197        71.855191688315472     
   7.5726060620800197        71.879233905209503     
   7.5885757590400198        71.902412747900058     
   7.6045454560000199        71.924750664391453     
   7.6205151529600199        71.946270102688004     
   7.6364848499200200        71.966993510794040     
   7.6524545468800200        71.986943336713907     
   7.6684242438400201        72.006142028451904     
   7.6843939408000201        72.024612034012378     
   7.7003636377600202        72.042375801399629     
   7.7163333347200203        72.059455778618002     
   7.7323030316800203        72.075874413671826     
   7.7482727286400204        72.091654154565418     
   7.7642424256000204        72.106817449303094     
   7.7802121225600205        72.121385877439764     
   7.7961818195200205        72.135374280575732     
   7.8121515164800206        72.148794350595111     
   7.8281212134400207        72.161657761522619     
   7.8440909104000207        72.173976187383033     
   7.8600606073600208        72.185761302201058     
   7.8760303043200208        72.197024780001456     
   7.8920000012800209        72.207778294808961     
   7.9079696982400209        72.218033520648305     
   7.9239393952000210        72.227802131544223     
   7.9399090921600211        72.237095801521463     
   7.9558787891200211        72.245926204604771     
   7.9718484860800212        72.254305014818883     
   7.9878181830400212        72.262243906188516     
   8.0037878800000204        72.269754552738434     
   8.0197575769600196        72.276848628493383     
   8.0357272739200187        72.283537807478069     
   8.0516969708800179        72.289833763717255     
   8.0676666678400171        72.295748171235672     
   8.0836363648000162        72.301292704058071     
   8.0996060617600154        72.306479036209183     
   8.1155757587200146        72.311318836344938     
   8.1315454556800137        72.315823279845517     
   8.1475151526400129        72.320002658407660     
   8.1634848496000121        72.323867171856676     
   8.1794545465600113        72.327427020017922     
   8.1954242435200104        72.330692402716707     
   8.2113939404800096        72.333673519778401     
   8.2273636374400088        72.336380571028315     
   8.2433333344000079        72.338823756291788     
   8.2593030313600071        72.341013275394161     
   8.2752727283200063        72.342959328160774     
   8.2912424252800054        72.344672114416952     
   8.3072121222400046        72.346161833988035     
   8.3231818192000038        72.347438686699348     
   8.3391515161600029        72.348512872376247     
   8.3551212131200021        72.349394590844071     
   8.3710909100800013        72.350094037994722     
   8.3870606070400004        72.350619669404963     
   8.4030303039999996        72.350975473574749     
   8.4190000009599988        72.351164732252798     
   8.4349696979199980        72.351190727187813     
   8.4509393948799971        72.351056740128499     
   8.4669090918399963        72.350766052823573     
   8.4828787887999955        72.350321947021754     
   8.4988484857599946        72.349727704471732     
   8.5148181827199938        72.348986606922239     
   8.5307878796799930        72.348101936121978     
   8.5467575766399921        72.347076973819654     
   8.5627272735999913        72.345915001763970     
   8.5786969705599905        72.344619301703659     
   8.5946666675199896        72.343193155387425     
   8.6106363644799888        72.341639844563971     
   8.6266060614399880        72.339962650991808     
   8.6425757583999872        72.338165905136293     
   8.6585454553599863        72.336257870340589     
   8.6745151523199855        72.334247731721177     
   8.6904848492799847        72.332144674394613     
   8.7064545462399838        72.329957883477363     
   8.7224242431999830        72.327696544085981     
   8.7383939401599822        72.325369841336965     
   8.7543636371199813        72.322986960346825     
   8.7703333340799805        72.320557086232085     
   8.7863030310399797        72.318089404109259     
   8.8022727279999788        72.315593099094869     
   8.8182424249599780        72.313077356305413     
   8.8342121219199772        72.310551360857417     
   8.8501818188799763        72.308024297867391     
   8.8661515158399755        72.305505352451860     
   8.8821212127999747        72.303003709727321     
   8.8980909097599739        72.300528554810299     
   8.9140606067199730        72.298089072817319     
   8.9300303036799722        72.295694448864879     
   8.9460000006399714        72.293353868069502     
   8.9619696975999705        72.291076515547701     
   8.9779393945599697        72.288871221515777     
   8.9939090915199689        72.286739239989643     
   9.0098787884799680        72.284674560969123     
   9.0258484854399672        72.282670882025329     
   9.0418181823999664        72.280721900729418     
   9.0577878793599655        72.278821314652490     
   9.0737575763199647        72.276962821365672     
   9.0897272732799639        72.275140118440120     
   9.1056969702399631        72.273346903446935     
   9.1216666671999622        72.271576873957244     
   9.1376363641599614        72.269823727542203     
   9.1536060611199606        72.268081161772912     
   9.1695757580799597        72.266342874220527     
   9.1855454550399589        72.264602562456147     
   9.2015151519999581        72.262853924050901     
   9.2174848489599572        72.261090656575945     
   9.2334545459199564        72.259306546768784     
   9.2494242428799556        72.257499127339699     
   9.2653939398399547        72.255670965398295     
   9.2813636367999539        72.253824981985559     
   9.2973333337599531        72.251964098142537     
   9.3133030307199522        72.250091234910215     
   9.3292727276799514        72.248209313329610     
   9.3452424246399506        72.246321254441739     
   9.3612121215999498        72.244429979287617     
   9.3771818185599489        72.242538408908231     
   9.3931515155199481        72.240649464344628     
   9.4091212124799473        72.238766066637780     
   9.4250909094399464        72.236891136828731     
   9.4410606063999456        72.235027595958471     
   9.4570303033599448        72.233178365068028     
   9.4730000003199439        72.231346365198391     
   9.4889696972799431        72.229534512436885     
   9.5049393942399423        72.227745168762880     
   9.5209090911999414        72.225979643534558     
   9.5368787881599406        72.224239128392242     
   9.5528484851199398        72.222524814976268     
   9.5688181820799389        72.220837894926987     
   9.5847878790399381        72.219179559884736     
   9.6007575759999373        72.217551001489852     
   9.6167272729599365        72.215953411382657     
   9.6326969699199356        72.214387981203515     
   9.6486666668799348        72.212855902592750     
   9.6646363638399340        72.211358367190698     
   9.6806060607999331        72.209896566637696     
   9.6965757577599323        72.208471692574093     
   9.7125454547199315        72.207084936640214     
   9.7285151516799306        72.205737490476409     
   9.7444848486399298        72.204430545723014     
   9.7604545455999290        72.203165294020366     
   9.7764242425599281        72.201942927008801     
   9.7923939395199273        72.200764636328657     
   9.8083636364799265        72.199631613620269     
   9.8243333334399257        72.198545050523975     
   9.8403030303999248        72.197506138680126     
   9.8562727273599240        72.196516069729057     
   9.8722424243199232        72.195576035311092     
   9.8882121212799223        72.194687227066566     
   9.9041818182399215        72.193850836635846     
   9.9201515151999207        72.193068055659253     
   9.9361212121599198        72.192340075777111     
   9.9520909091199190        72.191668088629783     
   9.9680606060799182        72.191053285857606     
   9.9840303030399173        72.190496859100890     
