   2.0151515199999999        19.859999999999999     
   2.0311212169599999        20.859539587657178     
   2.0470909139200000        21.726653440010168     
   2.0630606108800000        22.460891122982140     
   2.0790303078400001        23.061802202496281     
   2.0950000048000001        23.528936244475766     
   2.1109697017600002        23.868093830727894     
   2.1269393987200003        24.170376935906681     
   2.1429090956800003        24.588581602196097     
   2.1588787926400004        25.276877498520079     
   2.1748484896000004        26.389434293802555     
   2.1908181865600005        28.078472620535102     
   2.2067878835200005        30.253968969033590     
   2.2227575804800006        32.351937616304788     
   2.2387272774400007        33.753447626225366     
   2.2546969744000007        33.839568062672008     
   2.2706666713600008        31.991367989521386     
   2.2866363683200008        27.762317640567996     
   2.3026060652800009        21.725245039811718     
   2.3185757622400009        14.826272173280937     
   2.3345454592000010        8.0120815888104708     
   2.3505151561600011        2.2293558342351467     
   2.3664848531200011       -1.6059243620873433     
   2.3824545500800012       -3.3020709582941175     
   2.3984242470400012       -3.4019182517803124     
   2.4143939440000013       -2.4810484161248820     
   2.4303636409600013       -1.1150436249067837     
   2.4463333379200014       0.12071030000580633     
   2.4623030348800015       0.81598212802599168     
   2.4782727318400015        1.0258037769744346     
   2.4942424288000016       0.88654472191771050     
   2.5102121257600016       0.53457443792239390     
   2.5261818227200017       0.10626240005506055     
   2.5421515196800017      -0.26925526125551774     
   2.5581212166400018      -0.52752213631157585     
   2.5740909136000019      -0.63812965920467835     
   2.5900606105600019      -0.57097364923823968     
   2.6060303075200020      -0.29594992571567469     
   2.6220000044800020       0.21470926166220303     
   2.6379697014400021       0.87635107232516940     
   2.6539393984000021        1.4443980351017005     
   2.6699090953600022        1.6620639090299407     
   2.6858787923200023        1.2725624531480346     
   2.7018484892800023        1.9107426494125251E-002
   2.7178181862400024       -2.1527847988608331     
   2.7337878832000024       -4.4618574454384428     
   2.7497575801600025       -5.9110701393977987     
   2.7657272771200025       -5.5033822471282727     
   2.7816969740800026       -2.2417531350192421     
   2.7976666710400027        4.7729293858541082     
   2.8136363680000027        15.046821457666315     
   2.8296060649600028        27.049614886327589     
   2.8455757619200028        39.226330235604443     
   2.8615454588800029        50.021988069263386     
   2.8775151558400029        57.887183476122523     
   2.8934848528000030        62.046429812130867     
   2.9094545497600031        63.283976612580588     
   2.9254242467200031        62.571448234241089     
   2.9413939436800032        60.880469033881738     
   2.9573636406400032        59.182663368271939     
   2.9733333376000033        58.318856315840868     
   2.9893030345600033        58.330333077585905     
   3.0052727315200034        58.956358649226232     
   3.0212424284800035        59.935636768128184     
   3.0372121254400035        61.006871171658076     
   3.0531818224000036        61.915022602025552     
   3.0691515193600036        62.560477670905208     
   3.0851212163200037        63.005728568916659     
   3.1010909132800037        63.320861174992650     
   3.1170606102400038        63.575961368065933     
   3.1330303072000039        63.841096638080522     
   3.1490000041600039        64.166314060268974     
   3.1649697011200040        64.543466964793765     
   3.1809393980800040        64.953894209990267     
   3.1969090950400041        65.378934654193927     
   3.2128787920000041        65.799927155740122     
   3.2288484889600042        66.199773699009398     
   3.2448181859200043        66.575870262571826     
   3.2607878828800043        66.933470070801860     
   3.2767575798400044        67.277904024055843     
   3.2927272768000044        67.614503022690087     
   3.3086969737600045        67.948547070521855     
   3.3246666707200045        68.282686690409790     
   3.3406363676800046        68.615723595143550     
   3.3566060646400047        68.946153584709293     
   3.3725757616000047        69.272472459093208     
   3.3885454585600048        69.593176018281497     
   3.4045151555200048        69.907102035042442     
   3.4204848524800049        70.214547357836366     
   3.4364545494400049        70.516197899526631     
   3.4524242464000050        70.812739576606901     
   3.4683939433600051        71.104858305570872     
   3.4843636403200051        71.393198039086187     
   3.5003333372800052        71.677780144840540     
   3.5163030342400052        71.958149428871721     
   3.5322727312000053        72.233838593655392     
   3.5482424281600053        72.504380341667229     
   3.5642121251200054        72.769309801847484     
   3.5801818220800055        73.028540573829190     
   3.5961515190400055        73.282772053752169     
   3.6121212160000056        73.532801431586435     
   3.6280909129600056        73.779425897301977     
   3.6440606099200057        74.023442640868794     
   3.6600303068800057        74.265526045731434     
   3.6760000038400058        74.505574287025013     
   3.6919697008000059        74.743183139198493     
   3.7079393977600059        74.977947693223584     
   3.7239090947200060        75.209463040071952     
   3.7398787916800060        75.437332304569480     
   3.7558484886400061        75.661368984588265     
   3.7718181856000061        75.881612236372277     
   3.7877878825600062        76.098112311800122     
   3.8037575795200063        76.310919462750434     
   3.8197272764800063        76.520083964312647     
   3.8356969734400064        76.725689786676156     
   3.8516666704000064        76.927921970680131     
   3.8676363673600065        77.126984428331696     
   3.8836060643200065        77.323081071637930     
   3.8995757612800066        77.516415812605970     
   3.9155454582400067        77.707174014488501     
   3.9315151552000067        77.895362625996569     
   3.9474848521600068        78.080889004270517     
   3.9634545491200068        78.263659422505683     
   3.9794242460800069        78.443580153897386     
   3.9953939430400069        78.620559269058518     
   4.0113636400000070        78.794604783212563     
   4.0273333369600071        78.965875246079079     
   4.0433030339200071        79.134541657891290     
   4.0592727308800072        79.300775018882405     
   4.0752424278400072        79.464746329285603     
   4.0912121248000073        79.626569917608563     
   4.1071818217600073        79.786110376825889     
   4.1231515187200074        79.943163529806043     
   4.1391212156800075        80.097525197318532     
   4.1550909126400075        80.248991200132849     
   4.1710606096000076        80.397373347844137     
   4.1870303065600076        80.542731034300488     
   4.2030000035200077        80.685318603973585     
   4.2189697004800077        80.825395674575162     
   4.2349393974400078        80.963221863816983     
   4.2509090944000079        81.099056256115190     
   4.2668787913600079        81.233063882806732     
   4.2828484883200080        81.365208574439862     
   4.2988181852800080        81.495428228958730     
   4.3147878822400081        81.623660744307486     
   4.3307575792000081        81.749844018430281     
   4.3467272761600082        81.873920952895588     
   4.3626969731200083        81.995867156408522     
   4.3786666700800083        82.115671377563700     
   4.3946363670400084        82.233322400541084     
   4.4106060640000084        82.348809009520579     
   4.4265757609600085        82.462121935682291     
   4.4425454579200085        82.573305721683198     
   4.4585151548800086        82.682464275085152     
   4.4744848518400087        82.789704564495423     
   4.4904545488000087        82.895133558521295     
   4.5064242457600088        82.998858211179311     
   4.5223939427200088        83.100956173713627     
   4.5383636396800089        83.201414382207304     
   4.5543333366400089        83.300202271626446     
   4.5703030336000090        83.397289276937229     
   4.5862727305600091        83.492644833105786     
   4.6022424275200091        83.586241106517505     
   4.6182121244800092        83.678077527704488     
   4.6341818214400092        83.768169196408451     
   4.6501515184000093        83.856531399373139     
   4.6661212153600093        83.943179423342258     
   4.6820909123200094        84.028128271946102     
   4.6980606092800095        84.111375962008765     
   4.7140303062400095        84.192894180804785     
   4.7300000032000096        84.272652350701165     
   4.7459697001600096        84.350619894064948     
   4.7619393971200097        84.426766233263166     
   4.7779090940800097        84.501080889969487     
   4.7938787910400098        84.573644868481438     
   4.8098484880000099        84.644565186877443     
   4.8258181849600099        84.713948865060601     
   4.8417878819200100        84.781902922933980     
   4.8577575788800100        84.848530516442082     
   4.8737272758400101        84.913872309710413     
   4.8896969728000101        84.977918351161307     
   4.9056666697600102        85.040657233609011     
   4.9216363667200103        85.102077549867758     
   4.9376060636800103        85.162167821708820     
   4.9535757606400104        85.220902303437271     
   4.9695454576000104        85.278223797951725     
   4.9855151545600105        85.334070911027652     
   5.0014848515200105        85.388382248440550     
   5.0174545484800106        85.441096415965873     
   5.0334242454400107        85.492182136820162     
   5.0493939424000107        85.541811774495130     
   5.0653636393600108        85.590242044476327     
   5.0813333363200108        85.637729932460900     
   5.0973030332800109        85.684532424145985     
   5.1132727302400109        85.730899576370732     
   5.1292424272000110        85.776879062149078     
   5.1452121241600111        85.822288922335176     
   5.1611818211200111        85.866934791987106     
   5.1771515180800112        85.910622306162935     
   5.1931212150400112        85.953157123285379     
   5.2090909120000113        85.994412926023244     
   5.2250606089600113        86.034480768276467     
   5.2410303059200114        86.073495030540499     
   5.2570000028800115        86.111590093310795     
   5.2729696998400115        86.148900337082821     
   5.2889393968000116        86.185554938839275     
   5.3049090937600116        86.221629153971492     
   5.3208787907200117        86.257166334628053     
   5.3368484876800117        86.292209417017787     
   5.3528181846400118        86.326801337349536     
   5.3687878816000119        86.360984659358465     
   5.3847575785600119        86.394777765489536     
   5.4007272755200120        86.428160463482712     
   5.4166969724800120        86.461109111618384     
   5.4326666694400121        86.493600068176974     
   5.4486363664000121        86.525609691438873     
   5.4646060633600122        86.557114339684517     
   5.4805757603200123        86.588090371194312     
   5.4965454572800123        86.618514144248664     
   5.5125151542400124        86.648362017127980     
   5.5284848512000124        86.677610348112665     
   5.5444545481600125        86.706236663923661     
   5.5604242451200125        86.734238242698083     
   5.5763939420800126        86.761628817751586     
   5.5923636390400127        86.788422624695770     
   5.6083333360000127        86.814633899142166     
   5.6243030329600128        86.840276876702362     
   5.6402727299200128        86.865365792987916     
   5.6562424268800129        86.889914883610388     
   5.6722121238400129        86.913938384181336     
   5.6881818208000130        86.937450530312333     
   5.7041515177600131        86.960465557614938     
   5.7201212147200131        86.982997701700711     
   5.7360909116800132        87.005061198181224     
   5.7520606086400132        87.026670282668036     
   5.7680303056000133        87.047839190772720     
   5.7840000025600133        87.068582158106821     
   5.7999696995200134        87.088913318842714     
   5.8159393964800135        87.108843671566831     
   5.8319090934400135        87.128380555650651     
   5.8478787904000136        87.147531103517053     
   5.8638484873600136        87.166302447588919     
   5.8798181843200137        87.184701720289112     
   5.8957878812800137        87.202736054040543     
   5.9117575782400138        87.220412581266061     
   5.9277272752000139        87.237738434388575     
   5.9436969721600139        87.254720745830923     
   5.9596666691200140        87.271366648016027     
   5.9756363660800140        87.287683273366724     
   5.9916060630400141        87.303677754305937     
   6.0075757600000141        87.319357223256503     
   6.0235454569600142        87.334728812641330     
   6.0395151539200143        87.349799654883299     
   6.0554848508800143        87.364576846813236     
   6.0714545478400144        87.379064977680002     
   6.0874242448000144        87.393264519457730     
   6.1033939417600145        87.407175561562241     
   6.1193636387200145        87.420798193409382     
   6.1353333356800146        87.434132504414990     
   6.1513030326400147        87.447178583994926     
   6.1672727296000147        87.459936521564998     
   6.1832424265600148        87.472406406541054     
   6.1992121235200148        87.484588328338944     
   6.2151818204800149        87.496482376374487     
   6.2311515174400149        87.508088640063548     
   6.2471212144000150        87.519407208821960     
   6.2630909113600151        87.530438172065544     
   6.2790606083200151        87.541181619210164     
   6.2950303052800152        87.551637639671640     
   6.3110000022400152        87.561806322865820     
   6.3269696992000153        87.571687758208540     
   6.3429393961600153        87.581282035115649     
   6.3589090931200154        87.590589243002967     
   6.3748787900800155        87.599609471286357     
   6.3908484870400155        87.608342809381639     
   6.4068181840000156        87.616790545251149     
   6.4227878809600156        87.624962643632742     
   6.4387575779200157        87.632872888419087     
   6.4547272748800157        87.640535080071402     
   6.4706969718400158        87.647963019050920     
   6.4866666688000159        87.655170505818873     
   6.5026363657600159        87.662171340836494     
   6.5186060627200160        87.668979324565001     
   6.5345757596800160        87.675608257465626     
   6.5505454566400161        87.682071939999616     
   6.5665151536000161        87.688384172628176     
   6.5824848505600162        87.694558755812565     
   6.5984545475200163        87.700609490013989     
   6.6144242444800163        87.706550175693692     
   6.6303939414400164        87.712394613312910     
   6.6463636384000164        87.718156603332858     
   6.6623333353600165        87.723848960854625     
   6.6783030323200165        87.729473481893123     
   6.6942727292800166        87.735025054950341     
   6.7102424262400167        87.740498462129679     
   6.7262121232000167        87.745888485534593     
   6.7421818201600168        87.751189907268497     
   6.7581515171200168        87.756397509434791     
   6.7741212140800169        87.761506074136918     
   6.7900909110400169        87.766510383478277     
   6.8060606080000170        87.771405219562325     
   6.8220303049600171        87.776185364492463     
   6.8380000019200171        87.780845600372103     
   6.8539696988800172        87.785380709304690     
   6.8699393958400172        87.789785473393621     
   6.8859090928000173        87.794054674742341     
   6.9018787897600173        87.798183095454263     
   6.9178484867200174        87.802165802043575     
   6.9338181836800175        87.806003125487905     
   6.9497878806400175        87.809700036542935     
   6.9657575776000176        87.813261664812799     
   6.9817272745600176        87.816693139901616     
   6.9976969715200177        87.819999591413549     
   7.0136666684800177        87.823186148952729     
   7.0296363654400178        87.826257942123291     
   7.0456060624000179        87.829220100529383     
   7.0615757593600179        87.832077753775138     
   7.0775454563200180        87.834836031464690     
   7.0935151532800180        87.837500063202199     
   7.1094848502400181        87.840074978591772     
   7.1254545472000181        87.842565907237585     
   7.1414242441600182        87.844977978743756     
   7.1573939411200183        87.847316322714420     
   7.1733636380800183        87.849586068753737     
   7.1893333350400184        87.851792346465828     
   7.2053030320000184        87.853940285454840     
   7.2212727289600185        87.856035015324906     
   7.2372424259200185        87.858081665680174     
   7.2532121228800186        87.860085366112187     
   7.2691818198400187        87.862051066596081     
   7.2851515168000187        87.863983085451437     
   7.3011212137600188        87.865885602219436     
   7.3170909107200188        87.867762796441241     
   7.3330606076800189        87.869618847658018     
   7.3490303046400189        87.871457935410930     
   7.3650000016000190        87.873284239241158     
   7.3809696985600191        87.875101938689838     
   7.3969393955200191        87.876915213298176     
   7.4129090924800192        87.878728242607309     
   7.4288787894400192        87.880545206158416     
   7.4448484864000193        87.882370283492662     
   7.4608181833600193        87.884207654151226     
   7.4767878803200194        87.886061497675243     
   7.4927575772800195        87.887935993605907     
   7.5087272742400195        87.889835321484384     
   7.5246969712000196        87.891762270518996     
   7.5406666681600196        87.893712423277179     
   7.5566363651200197        87.895679034440278     
   7.5726060620800197        87.897655357530482     
   7.5885757590400198        87.899634646070027     
   7.6045454560000199        87.901610153581132     
   7.6205151529600199        87.903575133586003     
   7.6364848499200200        87.905522839606874     
   7.6524545468800200        87.907446525165966     
   7.6684242438400201        87.909339443785484     
   7.6843939408000201        87.911194848987634     
   7.7003636377600202        87.913005994294664     
   7.7163333347200203        87.914766133228781     
   7.7323030316800203        87.916468519312190     
   7.7482727286400204        87.918106406067125     
   7.7642424256000204        87.919673047015806     
   7.7802121225600205        87.921162524335088     
   7.7961818195200205        87.922575349404653     
   7.8121515164800206        87.923915038991581     
   7.8281212134400207        87.925185126903969     
   7.8440909104000207        87.926389146949916     
   7.8600606073600208        87.927530632937504     
   7.8760303043200208        87.928613118674861     
   7.8920000012800209        87.929640137970054     
   7.9079696982400209        87.930615224631211     
   7.9239393952000210        87.931541912466400     
   7.9399090921600211        87.932423735283734     
   7.9558787891200211        87.933264226891310     
   7.9718484860800212        87.934066921097241     
   7.9878181830400212        87.934835351709594     
   8.0037878800000204        87.935573052536483     
   8.0197575769600196        87.936283557386005     
   8.0357272739200187        87.936970400066258     
   8.0516969708800179        87.937637114385339     
   8.0676666678400171        87.938287234151332     
   8.0836363648000162        87.938924293172363     
   8.0996060617600154        87.939551825256515     
   8.1155757587200146        87.940173353631593     
   8.1315454556800137        87.940791429425389     
   8.1475151526400129        87.941406862288289     
   8.1634848496000121        87.942020280819420     
   8.1794545465600113        87.942632313617921     
   8.1954242435200104        87.943243589282915     
   8.2113939404800096        87.943854736413570     
   8.2273636374400088        87.944466383609011     
   8.2433333344000079        87.945079159468364     
   8.2593030313600071        87.945693692590794     
   8.2752727283200063        87.946310611575427     
   8.2912424252800054        87.946930545021402     
   8.3072121222400046        87.947554121527872     
   8.3231818192000038        87.948181969693948     
   8.3391515161600029        87.948814718118797     
   8.3551212131200021        87.949452995401558     
   8.3710909100800013        87.950097428726053     
   8.3870606070400004        87.950748019088778     
   8.4030303039999996        87.951403160175573     
   8.4190000009599988        87.952060991374225     
   8.4349696979199980        87.952719652072574     
   8.4509393948799971        87.953377281658405     
   8.4669090918399963        87.954032019519545     
   8.4828787887999955        87.954682005043807     
   8.4988484857599946        87.955325377619005     
   8.5148181827199938        87.955960276632936     
   8.5307878796799930        87.956584841473429     
   8.5467575766399921        87.957197211528282     
   8.5627272735999913        87.957795526185322     
   8.5786969705599905        87.958377924832362     
   8.5946666675199896        87.958942546857187     
   8.6106363644799888        87.959487531647639     
   8.6266060614399880        87.960011018598976     
   8.6425757583999872        87.960511945754746     
   8.6585454553599863        87.960992246262464     
   8.6745151523199855        87.961454555251052     
   8.6904848492799847        87.961901507849404     
   8.7064545462399838        87.962335739186457     
   8.7224242431999830        87.962759884391133     
   8.7383939401599822        87.963176578592339     
   8.7543636371199813        87.963588456918984     
   8.7703333340799805        87.963998154500004     
   8.7863030310399797        87.964408306464307     
   8.8022727279999788        87.964821547940801     
   8.8182424249599780        87.965240514058422     
   8.8342121219199772        87.965667839946079     
   8.8501818188799763        87.966106160732679     
   8.8661515158399755        87.966558111547158     
   8.8821212127999747        87.967026327518425     
   8.8980909097599739        87.967513443775402     
   8.9140606067199730        87.968022095446997     
   8.9300303036799722        87.968554917662132     
   8.9460000006399714        87.969114545549715     
   8.9619696975999705        87.969703614238682     
   8.9779393945599697        87.970324556061485     
   8.9939090915199689        87.970975474171297     
   9.0098787884799680        87.971650320929868     
   9.0258484854399672        87.972342881599829     
   9.0418181823999664        87.973046941443855     
   9.0577878793599655        87.973756285724548     
   9.0737575763199647        87.974464699704583     
   9.0897272732799639        87.975165968646579     
   9.1056969702399631        87.975853877813179     
   9.1216666671999622        87.976522212467060     
   9.1376363641599614        87.977164757870824     
   9.1536060611199606        87.977775299287131     
   9.1695757580799597        87.978347621978614     
   9.1855454550399589        87.978875511207931     
   9.2015151519999581        87.979352752237730     
   9.2174848489599572        87.979773130330628     
   9.2334545459199564        87.980130533050755     
   9.2494242428799556        87.980423145752596     
   9.2653939398399547        87.980654929805198     
   9.2813636367999539        87.980830252646527     
   9.2973333337599531        87.980953481714494     
   9.3133030307199522        87.981028984447065     
   9.3292727276799514        87.981061128282164     
   9.3452424246399506        87.981054280657759     
   9.3612121215999498        87.981012809011773     
   9.3771818185599489        87.980941080782145     
   9.3931515155199481        87.980843463406842     
   9.4091212124799473        87.980724324323774     
   9.4250909094399464        87.980588030970921     
   9.4410606063999456        87.980438950786194     
   9.4570303033599448        87.980281451207560     
   9.4730000003199439        87.980119899672943     
   9.4889696972799431        87.979958657936848     
   9.5049393942399423        87.979801452020482     
   9.5209090911999414        87.979650800262604     
   9.5368787881599406        87.979509085943235     
   9.5528484851199398        87.979378692342351     
   9.5688181820799389        87.979262002739958     
   9.5847878790399381        87.979161400416032     
   9.6007575759999373        87.979079268650594     
   9.6167272729599365        87.979017990723605     
   9.6326969699199356        87.978979949915086     
   9.6486666668799348        87.978967529505027     
   9.6646363638399340        87.978983112773406     
   9.6806060607999331        87.979029083000228     
   9.6965757577599323        87.979107823465483     
   9.7125454547199315        87.979221717449164     
   9.7285151516799306        87.979373148231275     
   9.7444848486399298        87.979564499091808     
   9.7604545455999290        87.979798153310739     
   9.7764242425599281        87.980076494168088     
   9.7923939395199273        87.980401904943818     
   9.8083636364799265        87.980776768917963     
   9.8243333334399257        87.981203469370485     
   9.8403030303999248        87.981684389581375     
   9.8562727273599240        87.982221912830653     
   9.8722424243199232        87.982818422398296     
   9.8882121212799223        87.983476301564309     
   9.9041818182399215        87.984197933608669     
   9.9201515151999207        87.984985701811382     
   9.9361212121599198        87.985841989452439     
   9.9520909091199190        87.986769179811830     
   9.9680606060799182        87.987769656169561     
   9.9840303030399173        87.988845801805610     
